County,FIPS code,County type,CBSA,CBSA type,State Abbreviation,FEMA region,Population,Population as a percent of CBSA,Population as a percent of state,Population as a percent of national population,IHE with >5000 full-time enrollment,IHE Full-time enrollment,IHE Full-time enrollment as a percent of the population,Cases as a percent of national total - last 7 days,Cases - last 7 days,Cases per 100k - last 7 days,Deaths - last 7 days,Deaths per 100k - last 7 days,Cases - % change,Deaths - % change,Cases as a percent of national total - previous 7 days,Cases - previous 7 days,Cases per 100k - previous 7 days,Deaths - previous 7 days,Deaths per 100k - previous 7 days,Cumulative cases,Cumulative cases per 100k,Cumulative deaths,Cumulative deaths per 100k,Rapid rise (last 14 days),Number of days of downward case trajectory,Area of Concern Category,Rapid Riser Category,Community Transmission Level - last 7 days,Community Transmission Level - previous 7 days,Viral (RT-PCR) lab test positivity rate - last 7 days (may be an underestimate due to delayed reporting),Total RT-PCR diagnostic tests - last 7 days (may be an underestimate due to delayed reporting),RT-PCR tests per 100k - last 7 days (may be an underestimate due to delayed reporting),Median test latency - last 7 days,% tests resulted in 3 or fewer days - last 7 days,Viral (RT-PCR) lab test positivity rate - absolute change (may be an underestimate due to delayed reporting),Total RT-PCR diagnostic tests - % change (may be an underestimate due to delayed reporting),Testing latency - absolute change,% tests resulted in 3 or fewer days - absolute change,Viral (RT-PCR) lab test positivity rate - previous 7 days (may be an underestimate due to delayed reporting),Total RT-PCR diagnostic tests - previous 7 days (may be an underestimate due to delayed reporting),RT-PCR tests per 100k - previous 7 days (may be an underestimate due to delayed reporting),Median test latency - previous 7 days,% tests resulted in 3 or fewer days - previous 7 days,Confirmed COVID-19 admissions - last 7 days,Confirmed COVID-19 admissions per 100 inpatient beds - last 7 days,Suspected COVID-19 admissions - last 7 days,Suspected COVID-19 admissions per 100 inpatient beds - last 7 days,% inpatient beds occupied,% inpatient beds occupied by COVID-19 patient,% staffed adult ICU beds occupied,% staffed adult ICU beds occupied by COVID-19 patient,% ventilators in use,% ventilators in use by COVID-19 patient,Confirmed COVID-19 admissions per 100 inpatient beds - percent increase,Suspected COVID-19 admissions per 100 inpatient beds - percent increase,% inpatient beds occupied - absolute change,% inpatient beds occupied by COVID-19 patient - absolute change,% staffed adult ICU beds occupied - absolute change,% staffed adult ICU beds occupied by COVID-19 patient - absolute change,% ventilators in use - absolute change,% ventilators in use by COVID-19 patient - absolute change,Total # of hospital CCNs,Total inpatient beds among hospitals reporting - last 7 days,Total staffed adult ICU beds among hospitals reporting - last 7 days,Total ventilators among hospitals reporting - last 7 days,% hospital CCNs reporting any utilization data at least once - last 7 days,% hospital CCNs reporting all utilization data  at least once - last 7 days,% hospital CCNs ever reporting utilization data,% hospital CCNs reporting COVID-19 admissions at least once - last 7 days,People with at least 1 dose,People with at least 1 dose as % of total population,People who are fully vaccinated,People who are fully vaccinated as % of total population,People initiating vaccination - last 7 days - ages 12-17,People initiating vaccination as % of population - last 7 days - ages 12-17,People initiating vaccination - last 7 days - ages 18+,People initiating vaccination as % of population - last 7 days - ages 18+,People initiating vaccination - last 7 days - ages 65+,People initiating vaccination as % of population - last 7 days - ages 65+,People initiating vaccination as % of population - absolute change - ages 12-17,People initiating vaccination as % of population - absolute change - ages 18+,People initiating vaccination as % of population - absolute change - ages 65+,People with at least 1 dose - ages 12-17,People with at least 1 dose as % of population - ages 12-17,People who are fully vaccinated - ages 12-17,People who are fully vaccinated as % of population - ages 12-17,People with at least 1 dose - ages 18+,People with at least 1 dose as % of population - ages 18+,People who are fully vaccinated - ages 18+,People who are fully vaccinated as % of population - ages 18+,People with at least 1 dose - ages 65+,People with at least 1 dose as % of population - ages 65+,People who are fully vaccinated - ages 65+,People who are fully vaccinated as % of population - ages 65+,% Uninsured,% In Poverty,% Over Age 65,Average household size,% Non-Hispanic Black,% Hispanic,% Non-Hispanic Native American / Alaskan Native,% Non-Hispanic Asian,SVI score,CCVI score,Forecasted case trajectory
"Chester County, PA",42029,Large fringe metro,"Philadelphia-Camden-Wilmington, PA-NJ-DE-MD",Metropolitan,PA,3,524989,0.086,0.041,0.002,1,17744,0.034,0.027,3115,593,19,3.6,7.05,2.8,0.003,387,74,5,1,40700,7753,820,156,3,0,Hotspot,Recent,High,Substantial,0.013,5016,955,1,0.96,-0.009,-0.34,0,-0.02,0.023,7604,1448,1,0.98,14,2,38,5,0.73,0.02,0.43,0.03,0.08,0.01,-0.35,-0.15,-0.01,-0.01,-0.08,-0.04,-0.04,-0.01,5,720,96,124,1,1,1,1,411340,0.784,242459,0.462,3266,0.076,8239,0.02,885,,0.0051,-0.0042,0,23172,0.536,7388,0.171,388126,0.954,235066,0.578,105053,0.999,68957,0.78,0.06,0.07,0.17,2.6,0.06,0.08,0,0.06,0.14,0.15,Uncertain
"Miami-Dade County, FL",12086,Large central metro,"Miami-Fort Lauderdale-Pompano Beach, FL",Metropolitan,FL,4,2716940,0.441,0.127,0.008,3,60195,0.022,0.019,2225,82,48,1.8,0.62,-0.08,0.011,1370,50,52,1.9,502548,18497,6472,238,0,43,HighBurdenResolving,,Substantial,Substantial,0.042,82868,3050,,,-0.005,-0.16,,,0.047,98813,3637,,,232,4,76,1,0.82,0.05,0.75,0.09,0.26,0.03,-0.24,0.02,-0.01,-0.01,-0.01,-0.02,-0.01,0,22,6064,974,1870,1,0.95,1,1,1641342,0.604,1259192,0.463,6160,0.034,55179,0.025,3697,0.008,-0.0084,-0.0021,-0.0022,49886,0.274,20297,0.111,1590989,0.734,1238765,0.572,426358,0.942,347587,0.768,0.18,0.18,0.17,3.1,0.15,0.69,0,0.02,0.82,0.81,Uncertain
"Maricopa County, AZ",4013,Large central metro,"Phoenix-Mesa-Chandler, AZ",Metropolitan,AZ,9,4485414,0.906,0.616,0.014,3,83484,0.019,0.019,2182,49,41,0.9,-0.26,-0.24,0.025,2954,66,54,1.2,552781,12324,10112,225,0,23,EmergingHotspot,,Moderate,Substantial,0.045,44934,1002,1,0.99,-0.001,-0.17,0,0,0.046,54213,1209,1,0.99,228,2,575,6,0.66,0.02,0.49,0.05,0.28,0.03,-0.14,0.08,0,0,-0.01,-0.01,-0.01,0,42,10103,1437,1637,1,0.98,1,1,1978563,0.441,1526034,0.34,9649,0.026,28900,0.008,2740,0.004,0.0011,-0.0014,-0.0011,77312,0.212,35007,0.096,1901094,0.554,1491002,0.434,571988,0.821,473879,0.681,0.11,0.15,0.16,2.8,0.06,0.31,0.02,0.04,0.64,0.22,Uncertain
"Clark County, NV",32003,Large central metro,"Las Vegas-Henderson-Paradise, NV",Metropolitan,NV,9,2266715,1,0.736,0.007,1,21541,0.01,0.017,1994,88,18,0.8,1.37,-0.22,0.007,843,37,23,1,253006,11162,4424,195,0,22,EmergingHotspot,,Substantial,Moderate,0.036,18885,833,1,0.98,-0.001,-0.21,0,-0.01,0.037,23799,1050,1,0.99,143,3,276,5,0.71,0.03,0.74,0.08,0.29,0.02,-0.06,0.04,0,0,-0.01,-0.01,0.02,0,26,5573,623,1045,0.96,0.92,1,0.96,982698,0.434,787923,0.348,4228,0.024,15772,0.009,1389,0.004,-0.004,-0.0031,-0.0013,31722,0.18,12279,0.07,950956,0.545,775640,0.444,265033,0.773,229174,0.669,0.13,0.14,0.15,2.8,0.12,0.32,0,0.1,0.74,0.63,Uncertain
"Harris County, TX",48201,Large central metro,"Houston-The Woodlands-Sugar Land, TX",Metropolitan,TX,6,4713325,0.667,0.163,0.014,3,56479,0.012,0.015,1784,38,40,0.8,0,-0.17,0.015,1791,38,48,1,402148,8532,6481,138,0,88,EmergingHotspot,,Moderate,Moderate,0.037,39262,833,1,0.98,-0.006,-0.16,0,0,0.044,46984,997,1,0.98,329,3,593,5,0.8,0.04,0.8,0.09,0.37,0.03,0.08,0.02,-0.01,-0.01,0,-0.01,-0.01,0,51,11945,1327,3087,0.94,0.9,0.96,0.94,,,,,,,,,,,,,,,,,,,,,,,,,,0.2,0.16,0.11,2.9,0.19,0.44,0,0.07,0.72,0.56,Uncertain
"Cook County, IL",17031,Large central metro,"Chicago-Naperville-Elgin, IL-IN-WI",Metropolitan,IL,5,5150233,0.545,0.406,0.016,7,135244,0.026,0.012,1344,26,59,1.1,-0.44,-0.34,0.02,2405,47,90,1.7,555060,10777,10379,202,0,45,ModerateBurdenResolving,,Moderate,Moderate,0.014,96618,1876,0,0.97,-0.006,-0.2,0,-0.01,0.02,121125,2352,0,0.98,291,2,1084,8,0.71,0.03,0.66,0.07,0.28,0.02,-0.22,-0.03,-0.02,-0.01,-0.02,-0.02,0,-0.01,52,14265,1758,3121,1,0.96,1,1,3040991,0.59,2207865,0.429,16269,0.044,45496,0.011,3856,0.005,-0.0147,-0.0064,-0.0041,152687,0.41,58973,0.158,2881027,0.714,2147565,0.532,655682,0.845,524536,0.676,0.1,0.15,0.15,2.6,0.23,0.26,0,0.08,0.68,0.73,Likely Decreasing
"Bexar County, TX",48029,Large central metro,"San Antonio-New Braunfels, TX",Metropolitan,TX,6,2003554,0.785,0.069,0.006,2,39255,0.02,0.011,1287,64,12,0.6,1.74,-0.25,0.004,469,23,16,0.8,224185,11189,3583,179,0,37,EmergingHotspot,,Substantial,Moderate,0.014,46993,2345,1,1,-0.001,-0.09,0,0,0.015,51424,2567,1,1,109,2,89,1,0.6,0.02,0.88,0.1,0.37,0.02,-0.24,0.02,-0.01,0,-0.03,-0.01,-0.01,0,18,6451,560,1457,1,0.94,1,1,,,,,,,,,,,,,,,,,,,,,,,,,,0.15,0.16,0.12,3,0.07,0.61,0,0.03,0.83,0.37,Uncertain
"Hillsborough County, FL",12057,Large central metro,"Tampa-St. Petersburg-Clearwater, FL",Metropolitan,FL,4,1471968,0.461,0.069,0.004,2,40510,0.028,0.011,1245,85,8,0.5,0.38,-0.6,0.007,902,61,20,1.4,143980,9781,1832,124,0,39,EmergingHotspot,,Substantial,Substantial,0.035,19325,1313,,,-0.001,-0.11,,,0.036,21678,1473,,,181,4,117,3,0.78,0.04,0.76,0.06,0.25,0.03,-0.2,-0.05,-0.01,0,0.02,-0.01,0.01,0,12,4094,527,638,1,0.92,1,1,695602,0.473,531570,0.361,3180,0.029,11323,0.01,919,0.004,-0.0007,-0.0031,-0.002,22614,0.208,9695,0.089,672852,0.587,521861,0.455,196751,0.919,147114,0.687,0.13,0.15,0.15,2.6,0.16,0.3,0,0.04,0.67,0.5,Uncertain
"Los Angeles County, CA",6037,Large central metro,"Los Angeles-Long Beach-Anaheim, CA",Metropolitan,CA,9,10039107,0.76,0.254,0.031,11,260018,0.026,0.01,1200,12,51,0.5,-0.77,-0.69,0.043,5122,51,163,1.6,1245254,12404,24411,243,4,0,Hotspot,Recent,Moderate,Substantial,,248655,2477,,,,-0.38,,,0.003,401818,4003,,,288,2,454,3,0.74,0.01,0.67,0.02,0.22,0.01,-0.1,0.06,0,0,0,-0.01,0,0,90,17463,2052,5249,0.96,0.93,0.99,0.96,5531920,0.551,4551895,0.453,25325,0.035,81173,0.01,6429,0.005,-0.0125,-0.003,-0.0018,261513,0.361,131177,0.181,5259087,0.666,4418414,0.56,1147644,0.812,985384,0.697,0.11,0.16,0.14,3,0.08,0.49,0,0.15,0.77,0.49,Uncertain
"Unallocated, WA",53000,,,,WA,10,,,,,,,,0.009,1017,,7,,9.59,,0.001,96,,0,,2630,,10,,0,,,,,,0.047,4095,,,,0.005,-0.08,,,0.043,4470,,,,,,,,,,,,,,,,,,,,,,,,,,,,,,191853,,147353,,242,,3259,,394,,,,,5416,,1950,,186363,,145394,,43750,,34773,,,,,,,,,,,,
"Broward County, FL",12011,Large fringe metro,"Miami-Fort Lauderdale-Pompano Beach, FL",Metropolitan,FL,4,1952778,0.317,0.091,0.006,1,13150,0.007,0.009,1000,51,10,0.5,0.31,-0.41,0.006,764,39,17,0.9,245552,12574,3079,158,0,44,EmergingHotspot,,Substantial,Moderate,0.044,38327,1963,,,-0.001,-0.2,,,0.045,47854,2451,,,175,4,59,1,0.77,0.05,0.77,0.11,0.35,0.05,-0.29,-0.17,0.01,0,0.01,-0.02,0,0,15,4590,496,978,1,1,1,1,1055456,0.54,811306,0.415,4146,0.03,22175,0.014,2039,0.006,-0.0104,-0.0048,-0.0016,37310,0.267,14933,0.107,1017652,0.66,796331,0.516,304808,0.911,249028,0.744,0.15,0.13,0.17,2.8,0.28,0.31,0,0.04,0.58,0.61,Uncertain
"El Paso County, CO",8041,Medium metro,"Colorado Springs, CO",Metropolitan,CO,8,720403,0.966,0.125,0.002,1,15157,0.021,0.008,902,125,5,0.7,-0.34,-0.55,0.011,1369,190,11,1.5,71302,9898,845,117,0,26,SustainedHotspot,,High,High,0.048,13927,1933,1,0.99,-0.007,-0.17,0,0,0.055,16834,2337,1,0.99,43,5,34,4,0.72,0.06,0.69,0.13,0.35,0.14,-0.26,-0.49,-0.02,-0.01,-0.04,-0.02,0.01,0,4,782,123,199,1,1,1,1,259843,0.361,235876,0.327,1519,0.027,5584,0.01,387,0.004,-0.0152,-0.005,-0.0016,15661,0.273,7749,0.135,243522,0.444,227978,0.415,29427,0.309,48238,0.507,0.07,0.11,0.13,2.6,0.06,0.18,0.01,0.03,0.39,0.16,Likely Decreasing
"Marion County, IN",18097,Large central metro,"Indianapolis-Carmel-Anderson, IN",Metropolitan,IN,5,964582,0.465,0.143,0.003,1,34857,0.036,0.007,819,85,3,0.3,0.74,-0.62,0.004,471,49,8,0.8,102715,10649,1768,183,0,26,EmergingHotspot,,Substantial,Moderate,0.034,16857,1748,1,0.97,-0.017,0.53,-1,0.41,0.051,11035,1144,2,0.56,69,2,220,5,0.7,0.03,0.68,0.09,0.29,0.03,-0.32,-0.09,-0.01,-0.01,-0.02,-0.01,0.01,-0.01,13,4158,630,1014,1,0.92,1,1,400681,0.415,330525,0.343,1764,0.024,6202,0.009,452,0.004,-0.0021,-0.0046,-0.0015,14271,0.191,5735,0.077,386369,0.531,324782,0.446,97634,0.786,91468,0.736,0.11,0.19,0.13,2.5,0.28,0.11,0,0.04,0.8,0.38,Uncertain
"Orange County, FL",12095,Large central metro,"Orlando-Kissimmee-Sanford, FL",Metropolitan,FL,4,1393452,0.534,0.065,0.004,1,50190,0.036,0.007,815,58,8,0.6,0.19,-0.11,0.006,685,49,9,0.6,143356,10288,1310,94,0,43,EmergingHotspot,,Substantial,Moderate,0.037,21347,1532,,,-0.003,-0.18,,,0.04,26002,1866,,,151,3,253,5,0.86,0.04,0.78,0.1,0.32,0.04,-0.18,-0.26,-0.01,0,-0.02,0,-0.01,0,7,4833,466,830,1,0.86,1,1,696854,0.5,555220,0.398,3511,0.034,15076,0.014,1002,0.006,-0.0099,-0.0041,-0.0027,28855,0.28,11022,0.107,665457,0.612,543803,0.5,151779,0.885,133126,0.776,0.15,0.16,0.12,2.8,0.2,0.33,0,0.05,0.67,0.55,Uncertain
"Spokane County, WA",53063,Medium metro,"Spokane-Spokane Valley, WA",Metropolitan,WA,10,522798,0.92,0.069,0.002,2,19180,0.037,0.007,785,150,20,3.8,-0.22,5.67,0.008,1002,192,3,0.6,45771,8755,666,127,5,1,SustainedHotspot,Recent,High,High,0.045,11553,2210,,,-0.002,-0.02,,,0.047,11766,2251,,,38,4,125,12,0.88,0.06,0.82,0.13,0.24,0.03,-0.19,-0.14,0.1,0.01,0.08,0.01,0,-0.01,6,1017,91,163,1,0.83,1,1,252695,0.483,211034,0.404,1399,0.036,5711,0.014,533,0.006,-0.017,-0.0005,-0.0004,10465,0.272,3472,0.09,242212,0.594,207558,0.509,74034,0.855,69221,0.799,0.06,0.14,0.17,2.4,0.02,0.06,0.01,0.02,0.48,0.14,Uncertain
"Philadelphia County, PA",42101,Large central metro,"Philadelphia-Camden-Wilmington, PA-NJ-DE-MD",Metropolitan,PA,3,1584064,0.26,0.124,0.005,4,96491,0.061,0.007,768,48,36,2.3,0.8,-0.33,0.004,426,27,54,3.4,153724,9704,3705,234,0,43,ModerateBurden,,Moderate,Moderate,0.022,23363,1475,0,0.99,-0.005,-0.22,-1,0,0.028,29881,1886,1,0.99,122,2,441,8,0.81,0.03,0.76,0.04,0.28,0.01,-0.31,0.05,-0.01,-0.01,-0.02,-0.03,0,-0.01,20,5485,692,1709,0.95,0.9,1,0.95,826114,0.522,603118,0.381,4334,0.042,23840,0.019,2398,0.011,0.0099,0.0075,0.004,22883,0.219,8047,0.077,802327,0.646,594905,0.479,184190,0.831,146967,0.663,0.09,0.25,0.14,2.6,0.41,0.15,0,0.08,0.92,0.8,Uncertain
"Palm Beach County, FL",12099,Large fringe metro,"Miami-Fort Lauderdale-Pompano Beach, FL",Metropolitan,FL,4,1496770,0.243,0.07,0.005,1,24036,0.016,0.006,729,49,8,0.5,0.48,-0.64,0.004,491,33,22,1.5,149006,9955,2883,193,0,42,EmergingHotspot,,Moderate,Moderate,0.039,22011,1471,,,-0.005,-0.16,,,0.043,26218,1752,,,97,3,20,1,0.75,0.03,0.59,0.06,0.2,0.03,-0.25,-0.33,0,0,-0.04,0,-0.02,0,15,3561,454,733,1,0.93,1,1,778207,0.52,634970,0.424,2384,0.024,11903,0.01,1353,0.004,-0.0118,-0.0032,-0.0014,20487,0.207,7602,0.077,757441,0.624,627337,0.517,314445,0.863,275307,0.755,0.14,0.13,0.24,2.6,0.19,0.23,0,0.03,0.56,0.4,Uncertain
"Tarrant County, TX",48439,Large central metro,"Dallas-Fort Worth-Arlington, TX",Metropolitan,TX,6,2102515,0.278,0.073,0.006,2,36456,0.017,0.006,722,34,23,1.1,0.91,1.09,0.003,379,18,11,0.5,261365,12431,3528,168,0,43,ModerateBurden,,Moderate,Moderate,0.025,15370,731,1,1,-0.004,-0.12,0,0,0.029,17448,830,1,1,96,2,410,10,0.83,0.02,0.85,0.06,0.28,0.01,-0.09,0.07,-0.02,-0.01,0.01,-0.02,-0.01,0,27,4055,409,1345,1,1,1,1,,,,,,,,,,,,,,,,,,,,,,,,,,0.16,0.13,0.12,2.9,0.17,0.29,0,0.06,0.55,0.34,Uncertain
"Pierce County, WA",53053,Large fringe metro,"Seattle-Tacoma-Bellevue, WA",Metropolitan,WA,10,904980,0.227,0.119,0.003,0,12697,0.014,0.006,719,79,12,1.3,-0.49,-0.25,0.012,1400,155,16,1.8,55832,6169,706,78,0,22,HighBurdenResolving,,Substantial,High,0.042,8600,950,,,0,-0.13,,,0.042,9846,1088,,,46,3,405,28,0.77,0.06,0.91,0.17,0.43,0.12,-0.25,-0.11,0.07,0,0.03,-0.02,-0.01,0.03,6,1466,182,181,1,1,1,1,445070,0.492,359482,0.397,2406,0.036,10702,0.015,761,0.006,-0.0282,-0.0037,-0.0012,21721,0.322,7674,0.114,423307,0.609,351798,0.507,108663,0.846,100538,0.783,0.07,0.11,0.14,2.6,0.07,0.11,0.01,0.07,0.49,0.26,Uncertain
"Sacramento County, CA",6067,Large central metro,"Sacramento-Roseville-Folsom, CA",Metropolitan,CA,9,1552058,0.657,0.039,0.005,1,25467,0.016,0.006,696,45,9,0.6,0.66,0.12,0.003,420,27,8,0.5,106961,6892,1716,111,0,48,EmergingHotspot,,Moderate,Moderate,,15861,1022,,,,-0.5,,,0.021,31628,2038,,,58,3,71,3,0.84,0.03,0.83,0.06,0.21,0.02,-0.23,-0.22,0,0,-0.02,0,0,0,10,2296,286,743,1,1,1,1,778935,0.502,641287,0.413,3779,0.031,11145,0.009,900,0.004,-0.0089,-0.0037,-0.0016,40018,0.326,19367,0.158,737024,0.62,621547,0.523,189507,0.843,165293,0.735,0.06,0.16,0.14,2.8,0.1,0.24,0.01,0.16,0.73,0.39,Uncertain
"King County, WA",53033,Large central metro,"Seattle-Tacoma-Bellevue, WA",Metropolitan,WA,10,2252782,0.566,0.296,0.007,3,65772,0.029,0.006,691,31,16,0.7,-0.32,0.07,0.008,1021,45,15,0.7,110220,4893,1593,71,0,29,EmergingHotspot,,Moderate,Moderate,0.021,29425,1306,,,0.001,-0.08,,,0.021,31831,1413,,,68,2,289,7,0.76,0.02,0.56,0.07,0.24,0.03,-0.41,0.05,0,0,-0.02,-0.01,0,0,20,4226,502,806,0.95,0.9,1,0.95,1517763,0.674,1304497,0.579,5179,0.036,21857,0.012,1305,0.004,-0.0472,-0.0042,-0.0009,85322,0.586,39250,0.269,1432104,0.795,1265200,0.702,271926,0.894,256590,0.843,0.06,0.1,0.14,2.5,0.07,0.1,0.01,0.19,0.29,0.28,Likely Decreasing
"Wayne County, MI",26163,Large central metro,"Detroit-Warren-Dearborn, MI",Metropolitan,MI,5,1749343,0.405,0.175,0.005,1,25758,0.015,0.006,675,39,61,3.5,-0.02,-0.02,0.006,687,39,62,3.5,164860,9424,5081,290,0,45,ModerateBurdenResolving,,Moderate,Moderate,0.027,19903,1138,0,0.99,-0.014,-0.27,0,0,0.041,27239,1557,0,0.98,119,3,117,3,0.82,0.04,0.77,0.1,0.32,0.04,-0.33,0.24,-0.01,-0.02,-0.01,-0.05,0,-0.02,18,4294,576,1139,1,0.94,1,1,738241,0.422,637210,0.364,1347,0.01,8219,0.006,891,0.003,-0.0109,-0.0042,-0.0029,19524,0.141,13563,0.098,718684,0.538,623644,0.466,211626,0.765,191837,0.694,0.07,0.23,0.16,2.6,0.38,0.06,0,0.04,0.87,0.72,Likely Decreasing
"Dallas County, TX",48113,Large central metro,"Dallas-Fort Worth-Arlington, TX",Metropolitan,TX,6,2635516,0.348,0.091,0.008,2,40184,0.015,0.006,644,24,10,0.4,0.15,-0.47,0.005,559,21,19,0.7,303854,11529,4088,155,0,32,ModerateBurdenResolving,,Moderate,Moderate,0.028,22029,836,1,0.99,0.001,-0.12,1,0,0.027,25145,954,0,0.99,87,1,932,16,0.86,0.02,0.83,0.05,0.34,0.01,-0.12,-0.05,-0.02,0,-0.02,-0.01,-0.01,0,31,5919,667,1869,1,0.97,1,1,,,,,,,,,,,,,,,,,,,,,,,,,,0.21,0.17,0.11,2.8,0.23,0.41,0,0.07,0.75,0.6,Likely Decreasing
"Duval County, FL",12031,Large central metro,"Jacksonville, FL",Metropolitan,FL,4,957755,0.614,0.045,0.003,2,22658,0.024,0.005,637,67,3,0.3,0.72,0.5,0.003,371,39,2,0.2,101139,10560,1483,155,0,32,EmergingHotspot,,Substantial,Moderate,0.041,12716,1328,,,-0.008,-0.18,,,0.049,15597,1628,,,85,3,74,2,0.76,0.03,0.77,0.06,0.35,0.06,0.04,-0.05,0,0,0.03,0,0.02,0.01,8,3274,417,536,1,1,1,1,414135,0.432,340737,0.356,1442,0.022,5886,0.008,557,0.004,0.0009,-0.0025,-0.0014,10794,0.161,4677,0.07,403275,0.543,336053,0.453,124517,0.898,107463,0.775,0.12,0.16,0.14,2.6,0.3,0.11,0,0.05,0.69,0.51,Uncertain
"Maverick County, TX",48323,Micropolitan,"Eagle Pass, TX",Micropolitan,TX,6,58722,1,0.002,0,0,0,0,0.005,593,1010,1,1.7,,,0,0,0,0,0,11044,18807,357,608,0,0,Hotspot,,High,Low,0.014,318,542,1,1,-0.031,-0.22,0,0.01,0.046,409,697,1,0.99,0,0,0,0,0.44,0.01,0.91,0,0.01,0,,,0.02,0,0.06,0,-0.07,0,1,104,8,27,1,1,1,1,,,,,,,,,,,,,,,,,,,,,,,,,,0.3,0.27,0.12,3.5,0,0.95,0.01,0.01,0.97,0.99,Uncertain
"San Diego County, CA",6073,Large central metro,"San Diego-Chula Vista-Carlsbad, CA",Metropolitan,CA,9,3338330,1,0.084,0.01,4,91421,0.027,0.005,554,17,8,0.2,0.03,0.6,0.004,539,16,5,0.1,280807,8412,3764,113,0,19,EmergingHotspot,,Moderate,Moderate,,46467,1392,,,,-0.37,,,0.01,73686,2207,,,52,1,160,3,0.69,0.02,0.67,0.06,0.2,0.01,-0.18,-0.09,0,0,0.02,0,0,0,20,5790,621,1487,1,0.95,1,1,2670630,0.8,1197827,0.359,12735,0.055,114114,0.043,14444,,-0.003,0.0247,0,109680,0.471,35509,0.152,2556440,0.974,1161569,0.443,669523,0.999,276632,0.571,0.09,0.13,0.15,2.9,0.05,0.34,0,0.12,0.56,0.28,Likely Decreasing
"Mecklenburg County, NC",37119,Large central metro,"Charlotte-Concord-Gastonia, NC-SC",Metropolitan,NC,4,1110356,0.421,0.106,0.003,1,30244,0.027,0.004,521,47,2,0.2,1,0,0.002,261,24,2,0.2,113758,10245,971,87,0,41,ModerateBurden,,Moderate,Moderate,0.024,14801,1333,1,0.99,-0.006,-0.23,0,0,0.03,19187,1728,1,0.99,40,1,67,2,0.78,0.02,0.81,0.07,0.29,0.02,-0.05,0.31,-0.03,0,-0.02,-0.01,0,0,9,3222,277,614,1,1,1,1,506417,0.456,408706,0.368,2020,0.024,5779,0.007,382,0.003,-0.0106,-0.0037,-0.001,23150,0.271,10326,0.121,482544,0.566,398222,0.467,104750,0.82,93761,0.734,0.12,0.13,0.11,2.6,0.32,0.14,0,0.06,0.44,0.41,Likely Decreasing
"Williamson County, TX",48491,Large fringe metro,"Austin-Round Rock-Georgetown, TX",Metropolitan,TX,6,590551,0.265,0.02,0.002,0,1416,0.002,0.004,516,87,4,0.7,4.73,3,0.001,90,15,1,0.2,47206,7994,480,81,0,32,EmergingHotspot,,Substantial,Moderate,0.015,7202,1220,1,0.99,0.002,-0.22,1,0,0.013,9270,1570,0,1,13,2,8,1,0.71,0.02,0.77,0.06,0.23,0.01,-0.21,-0.29,-0.02,-0.01,-0.08,-0.02,0,-0.01,5,682,102,219,1,1,1,1,,,,,,,,,,,,,,,,,,,,,,,,,,0.09,0.07,0.12,3,0.07,0.25,0,0.08,0.2,0.13,Uncertain
"Salt Lake County, UT",49035,Large central metro,"Salt Lake City, UT",Metropolitan,UT,8,1160437,0.941,0.362,0.004,1,27064,0.023,0.004,512,44,2,0.2,0.02,-0.6,0.004,500,43,5,0.4,151477,13053,893,77,0,31,EmergingHotspot,,Moderate,Moderate,0.031,14951,1288,1,0.98,0,-0.2,0,-0.01,0.031,18693,1611,1,0.99,53,2,12,0,0.62,0.02,0.58,0.08,0.13,0.01,-0.27,0.09,-0.01,0,0,0,-0.04,-0.01,14,2764,409,639,1,0.93,1,1,601320,0.518,429360,0.37,2715,0.026,6808,0.008,336,0.003,0.0009,0.0013,0,33281,0.318,15083,0.144,567940,0.667,414246,0.487,113256,0.871,75433,0.58,0.11,0.1,0.11,3,0.02,0.19,0.01,0.04,0.32,0.05,Likely Decreasing
"Clark County, WA",53011,Large fringe metro,"Portland-Vancouver-Hillsboro, OR-WA",Metropolitan,WA,10,488241,0.196,0.064,0.001,0,0,0,0.004,490,100,5,1,0.2,1.5,0.003,410,84,2,0.4,25279,5178,276,57,0,26,EmergingHotspot,,High,Substantial,0.067,2443,500,,,0.022,-0.13,,,0.045,2794,572,,,35,5,34,5,0.71,0.07,0.9,0.14,0.24,0.07,0.06,0.1,0,0,-0.03,-0.05,0.04,-0.03,2,662,64,68,1,1,1,1,253096,0.518,210190,0.431,1819,0.045,4908,0.013,373,0.005,-0.0176,-0.0035,-0.001,13247,0.327,5105,0.126,239841,0.642,205082,0.549,68837,0.883,64364,0.826,0.06,0.09,0.16,2.7,0.02,0.1,0.01,0.05,0.29,0.5,Uncertain
"Jefferson County, AL",1073,Large central metro,"Birmingham-Hoover, AL",Metropolitan,AL,4,658573,0.604,0.134,0.002,2,22243,0.034,0.004,486,74,10,1.5,4.06,1.5,0.001,96,15,4,0.6,80681,12251,1549,235,0,13,ModerateBurden,,Substantial,Moderate,0.029,5429,824,0,0.98,-0.013,-0.22,0,-0.01,0.042,6941,1054,0,0.99,77,2,201,5,0.78,0.02,0.83,0.05,0.34,0.02,-0.37,0.38,-0.02,0,-0.04,0,-0.07,0,13,4080,585,665,0.92,0.85,0.92,0.92,287083,0.436,227252,0.345,66,0.001,931,0.002,109,0.001,-0.0012,-0.0013,-0.0006,5372,0.11,1972,0.04,281558,0.553,225275,0.443,91393,0.852,79468,0.74,0.1,0.17,0.16,2.5,0.43,0.04,0,0.02,0.66,0.5,Uncertain
"Polk County, FL",12105,Medium metro,"Lakeland-Winter Haven, FL",Metropolitan,FL,4,724777,1,0.034,0.002,1,9774,0.013,0.004,473,65,9,1.2,0.3,-0.44,0.003,364,50,16,2.2,71381,9849,1387,191,0,35,ModerateBurdenResolving,,Substantial,Substantial,0.04,10227,1411,,,-0.007,-0.18,,,0.047,12530,1729,,,136,9,95,6,0.64,0.07,0.74,0.11,0.37,0.11,-0.17,0.34,-0.01,-0.01,0.1,0.01,0.04,0.02,5,1552,184,150,1,1,1,1,295225,0.407,232639,0.321,1075,0.019,5292,0.009,725,0.005,0.0008,-0.0027,-0.0016,6781,0.122,2654,0.048,288228,0.51,229948,0.407,120503,0.813,101219,0.683,0.13,0.17,0.2,2.8,0.15,0.25,0,0.02,0.9,0.86,Likely Decreasing
"Cuyahoga County, OH",39035,Large central metro,"Cleveland-Elyria, OH",Metropolitan,OH,5,1235072,0.603,0.106,0.004,2,31202,0.025,0.004,451,37,0,0,-0.3,-1,0.005,642,52,1,0.1,115365,9341,2186,177,0,44,ModerateBurdenResolving,,Moderate,Substantial,0.021,18687,1513,1,0.99,-0.007,-0.19,0,0,0.028,23018,1864,1,0.98,105,2,295,5,0.71,0.02,0.73,0.03,0.3,0.02,-0.25,-0.2,-0.01,0,-0.02,-0.01,0,0,22,5767,896,1039,1,0.95,1,1,621446,0.503,568257,0.46,2204,0.025,7146,0.007,941,0.004,-0.0114,-0.0027,-0.0009,25740,0.297,12602,0.145,595693,0.607,555654,0.566,183764,0.798,178968,0.777,0.06,0.18,0.19,2.3,0.3,0.06,0,0.03,0.68,0.39,Likely Decreasing
"Queens County, NY",36081,Large central metro,"New York-Newark-Jersey City, NY-NJ-PA",Metropolitan,NY,2,2253858,0.117,0.116,0.007,2,29190,0.013,0.004,448,20,22,1,-0.35,-0.12,0.006,694,31,25,1.1,276849,12283,9934,441,0,60,ModerateBurden,,Moderate,Moderate,0.008,92657,4111,1,0.99,-0.003,-0.16,0,0,0.011,110016,4881,1,1,49,1,118,3,0.71,0.02,0.48,0.06,0.32,0.03,-0.4,0.01,-0.02,-0.01,-0.03,0,-0.02,-0.01,7,3768,362,672,1,1,1,1,1352920,0.6,1115758,0.495,6501,0.046,28689,0.016,2988,0.008,-0.0076,-0.0039,-0.0017,46521,0.33,19893,0.141,1306311,0.725,1095824,0.608,288172,0.782,252155,0.685,0.11,0.13,0.16,2.9,0.18,0.28,0,0.26,0.62,0.83,Likely Decreasing
"Hidalgo County, TX",48215,Medium metro,"McAllen-Edinburg-Mission, TX",Metropolitan,TX,6,868707,1,0.03,0.003,1,20372,0.023,0.004,446,51,8,0.9,-0.28,-0.33,0.005,620,71,12,1.4,91804,10568,2886,332,0,19,ModerateBurdenResolving,,Substantial,Substantial,0.05,4998,575,1,0.99,-0.004,-0.23,0,0,0.054,6465,744,1,0.99,46,2,105,5,0.52,0.04,0.75,0.17,0.16,0.03,-0.03,0.1,0,0,0.01,0.01,-0.01,0,7,2280,172,556,1,1,1,1,,,,,,,,,,,,,,,,,,,,,,,,,,0.3,0.31,0.11,3.6,0,0.92,0,0.01,0.98,0.88,Uncertain
"Oakland County, MI",26125,Large fringe metro,"Detroit-Warren-Dearborn, MI",Metropolitan,MI,5,1257584,0.291,0.126,0.004,1,17236,0.014,0.004,434,35,27,2.1,-0.15,0.69,0.004,508,40,16,1.3,118221,9401,2383,189,0,46,ModerateBurdenResolving,,Moderate,Moderate,0.02,12243,974,1,0.99,-0.011,-0.27,0,0,0.031,16796,1336,1,0.99,89,2,41,1,0.76,0.03,0.72,0.08,0.2,0.02,-0.45,-0.11,-0.02,-0.01,0,-0.01,0.01,0,13,3673,392,744,1,1,1,1,676720,0.538,612957,0.487,836,0.009,5015,0.005,603,0.003,-0.003,-0.0036,-0.0016,17213,0.184,16415,0.175,659483,0.661,596537,0.598,181400,0.833,171817,0.789,0.05,0.09,0.17,2.5,0.14,0.04,0,0.08,0.11,0.16,Uncertain
"Kings County, NY",36047,Large central metro,"New York-Newark-Jersey City, NY-NJ-PA",Metropolitan,NY,2,2559903,0.133,0.132,0.008,0,15416,0.006,0.004,428,17,38,1.5,-0.49,0.58,0.007,836,33,24,0.9,280110,10942,10437,408,0,61,ModerateBurden,,Moderate,Moderate,0.008,94066,3675,1,0.99,-0.001,-0.2,0,0,0.009,117226,4579,1,0.99,78,2,23,1,0.68,0.02,0.72,0.05,0.19,0.01,-0.01,0.05,-0.01,-0.01,-0.01,-0.01,-0.01,0,13,4346,388,1211,1,0.92,1,1,1210662,0.473,1001968,0.391,5064,0.029,24240,0.012,2900,0.008,-0.0046,-0.0029,-0.0011,37528,0.216,15556,0.089,1172975,0.593,986352,0.498,246306,0.67,213536,0.58,0.08,0.21,0.14,2.7,0.3,0.19,0,0.12,0.82,0.91,Likely Decreasing
"Lee County, FL",12071,Medium metro,"Cape Coral-Fort Myers, FL",Metropolitan,FL,4,770577,1,0.036,0.002,2,17723,0.023,0.004,418,54,5,0.6,0.33,-0.44,0.003,314,41,9,1.2,73880,9588,1009,131,0,33,ModerateBurdenResolving,,Substantial,Moderate,0.051,7977,1035,,,0,-0.21,,,0.052,10066,1306,,,47,3,6,0,0.85,0.04,0.74,0.13,0.27,0.04,-0.33,0,-0.02,-0.03,-0.02,0.01,-0.02,0,5,1572,151,248,1,1,1,1,383797,0.498,313182,0.406,864,0.019,4640,0.007,722,0.003,-0.0015,-0.0022,-0.0013,5916,0.127,2294,0.049,377805,0.593,310887,0.488,197779,0.88,171091,0.762,0.14,0.14,0.29,2.6,0.08,0.23,0,0.02,0.55,0.68,Uncertain
"Bronx County, NY",36005,Large central metro,"New York-Newark-Jersey City, NY-NJ-PA",Metropolitan,NY,2,1418207,0.074,0.073,0.004,2,28996,0.02,0.004,418,29,10,0.7,-0.07,-0.17,0.004,450,32,12,0.8,183009,12904,6579,464,0,60,ModerateBurden,,Moderate,Moderate,0.008,49228,3471,1,0.99,-0.001,-0.17,0,0,0.009,59315,4182,1,1,31,1,42,1,0.67,0.01,0.63,0.04,0.24,0.01,-0.33,0.11,-0.04,0,-0.07,0,0,0,8,4032,432,1055,1,0.88,1,1,629764,0.444,517462,0.365,3292,0.03,16208,0.015,1528,0.008,-0.0016,-0.0026,-0.0015,20699,0.186,8352,0.075,608984,0.569,509058,0.476,142616,0.756,126705,0.671,0.1,0.29,0.13,2.8,0.29,0.56,0,0.04,0.99,0.99,Likely Decreasing
"Snohomish County, WA",53061,Large fringe metro,"Seattle-Tacoma-Bellevue, WA",Metropolitan,WA,10,822083,0.207,0.108,0.003,0,3577,0.004,0.004,409,50,4,0.5,-0.1,0.33,0.004,454,55,3,0.4,39282,4778,590,72,0,29,ModerateBurdenResolving,,Substantial,Substantial,0.028,12260,1491,,,0.006,-0.09,,,0.023,13484,1640,,,19,2,4,0,0.67,0.02,0.65,0.13,0.21,0.04,0.02,-0.23,-0.04,-0.01,-0.13,-0.05,-0.01,-0.02,4,1013,68,101,1,1,1,1,472606,0.575,395059,0.481,2646,0.044,9004,0.014,618,0.005,-0.027,-0.0026,-0.0011,25468,0.422,10421,0.173,447072,0.701,384629,0.603,101028,0.88,93977,0.818,0.06,0.08,0.14,2.7,0.04,0.11,0.01,0.12,0.28,0.19,Uncertain
"San Bernardino County, CA",6071,Large fringe metro,"Riverside-San Bernardino-Ontario, CA",Metropolitan,CA,9,2180085,0.469,0.055,0.007,1,24628,0.011,0.004,408,19,15,0.7,-0.39,0.36,0.006,674,31,11,0.5,298697,13701,4773,219,2,2,EmergingHotspot,Recent,Moderate,Moderate,,21478,985,,,,-0.42,,,0.01,37278,1710,,,50,2,87,3,0.79,0.02,0.66,0.04,0.32,0.01,-0.05,0.17,0,0,0.03,0,0.02,0,20,3087,419,764,1,1,1,1,891187,0.409,724248,0.332,4071,0.021,14928,0.009,1301,0.005,-0.0072,-0.0032,-0.0014,40914,0.211,20142,0.104,848657,0.527,703834,0.437,203889,0.783,174800,0.671,0.09,0.17,0.12,3.3,0.08,0.54,0,0.07,0.9,0.58,Uncertain
"Greene County, MO",29077,Medium metro,"Springfield, MO",Metropolitan,MO,7,293086,0.623,0.048,0.001,1,19947,0.068,0.003,395,135,3,1,0.63,,0.002,243,83,0,0,29159,9949,474,162,4,0,Hotspot,Continuing,High,Substantial,0.08,3105,1059,0,0.99,0.01,-0.07,0,0,0.069,3332,1137,0,0.99,72,5,110,8,0.82,0.05,0.88,0.11,0.24,0.06,0.41,0.08,-0.01,0.01,0.01,0.03,-0.02,0,3,1344,221,235,1,1,1,1,107555,0.367,91544,0.312,341,0.017,1148,0.005,118,0.002,-0.0135,-0.0004,-0.0003,3639,0.184,1539,0.078,103912,0.447,90004,0.387,37280,0.759,33968,0.692,0.1,0.18,0.17,2.3,0.03,0.04,0.01,0.02,0.44,0.1,Uncertain
"Jackson County, MO",29095,Large central metro,"Kansas City, MO-KS",Metropolitan,MO,7,703011,0.326,0.115,0.002,1,13377,0.019,0.003,383,54,12,1.7,0.04,0.71,0.003,370,53,7,1,83774,11916,1062,151,0,20,ModerateBurden,,Substantial,Substantial,0.028,6783,965,0,0.99,-0.005,-0.26,0,-0.01,0.033,9207,1310,0,1,35,2,77,3,0.78,0.03,0.73,0.08,0.19,0.02,-0.37,-0.55,-0.02,-0.01,0,-0.03,-0.01,-0.01,11,2256,252,563,1,0.91,1,1,298480,0.425,243034,0.346,959,0.018,3351,0.006,413,0.004,-0.0047,-0.0026,-0.0011,11390,0.208,5142,0.094,287061,0.533,237890,0.442,86417,0.799,76142,0.704,0.12,0.15,0.15,2.4,0.23,0.09,0,0.02,0.54,0.43,Uncertain
"Mesa County, CO",8077,Small metro,"Grand Junction, CO",Metropolitan,CO,8,154210,1,0.027,0,1,7108,0.046,0.003,370,240,4,2.6,-0.14,-0.5,0.004,430,279,8,5.2,16195,10502,234,152,0,0,SustainedHotspot,,High,High,0.055,3718,2411,1,0.97,0.003,-0.26,0,-0.02,0.052,4996,3240,1,1,72,20,20,6,0.72,0.1,0.69,0.15,0.31,0.06,0.16,-0.33,0.02,0.02,-0.07,-0.03,0.06,0,4,361,51,92,1,0.75,1,1,37707,0.245,39912,0.259,214,0.019,794,0.007,99,0.003,-0.0074,0.0005,0.0005,1732,0.152,813,0.071,35876,0.296,39089,0.322,9866,0.325,15128,0.498,0.1,0.16,0.2,2.4,0.01,0.15,0.01,0.01,0.58,0.1,Uncertain
"San Joaquin County, CA",6077,Medium metro,"Stockton, CA",Metropolitan,CA,9,762148,1,0.019,0.002,1,5688,0.007,0.003,367,48,4,0.5,1.07,-0.75,0.001,177,23,16,2.1,74161,9731,1423,187,0,64,ModerateBurden,,Moderate,Moderate,,8178,1073,,,,-0.47,,,0.017,15493,2033,,,52,5,51,5,0.82,0.04,0.88,0.11,0.14,0.02,0.2,0.94,0.02,0,0.01,0,0,0.01,7,1009,105,373,1,1,1,1,368322,0.483,247103,0.324,1274,0.018,4028,0.007,428,0.004,-0.0075,-0.0049,-0.0021,15954,0.225,5731,0.081,351691,0.631,241282,0.433,93906,0.941,69168,0.693,0.07,0.16,0.13,3.2,0.07,0.42,0,0.16,0.89,0.65,Likely Decreasing
"Arapahoe County, CO",8005,Large fringe metro,"Denver-Aurora-Lakewood, CO",Metropolitan,CO,8,656590,0.221,0.114,0.002,0,362,0.001,0.003,362,55,2,0.3,-0.32,-0.5,0.004,536,82,4,0.6,61831,9417,748,114,0,32,ModerateBurdenResolving,,Substantial,Substantial,0.021,12036,1833,1,0.99,-0.006,-0.12,0,0,0.027,13713,2089,1,0.99,23,2,0,0,0.74,0.03,0.87,0.12,0.26,0.04,-0.26,-1,0,-0.01,-0.01,-0.02,-0.01,0,5,996,118,187,0.8,0.8,0.8,0.8,229797,0.35,214967,0.327,3076,0.058,5473,0.011,352,0.004,0.0185,-0.0003,-0.0002,18102,0.339,9573,0.18,210732,0.418,205199,0.407,23927,0.27,36943,0.417,0.08,0.09,0.13,2.7,0.11,0.2,0,0.06,0.27,0.05,Likely Decreasing
"Shelby County, TN",47157,Large central metro,"Memphis, TN-MS-AR",Metropolitan,TN,4,937166,0.696,0.137,0.003,1,19202,0.02,0.003,361,39,5,0.5,0.28,-0.38,0.002,281,30,8,0.9,97937,10450,1669,178,0,34,ModerateBurden,,Moderate,Moderate,0.026,10835,1156,1,0.98,-0.006,-0.32,0,0.01,0.033,16006,1708,1,0.97,60,2,63,2,0.86,0.03,0.95,0.11,0.38,0.03,-0.35,-0.2,0,0,0,-0.01,0.01,0,14,3032,336,625,1,0.93,1,1,385747,0.412,279779,0.299,1042,0.014,3839,0.005,466,0.004,-0.0059,-0.0028,-0.0017,12807,0.17,4950,0.066,372833,0.529,274817,0.39,105012,0.799,81395,0.62,0.12,0.21,0.14,2.6,0.54,0.07,0,0.03,0.78,0.54,Uncertain
"Franklin County, OH",39049,Large central metro,"Columbus, OH",Metropolitan,OH,5,1316756,0.62,0.113,0.004,1,61290,0.047,0.003,353,27,0,0,-0.21,-1,0.004,448,34,3,0.2,128222,9738,1450,110,0,46,ModerateBurden,,Moderate,Moderate,0.021,14135,1073,0,0.96,-0.005,-0.19,0,-0.03,0.025,17526,1331,0,0.99,93,2,315,7,0.79,0.02,0.85,0.05,0.36,0.02,-0.31,-0.11,0,0,0.01,-0.01,0,0,13,4557,537,1562,1,1,1,1,631629,0.48,576472,0.438,2788,0.03,8347,0.008,694,0.004,-0.0142,-0.0056,-0.0025,29384,0.312,14979,0.159,602229,0.595,561486,0.555,136687,0.838,131745,0.808,0.08,0.16,0.12,2.5,0.23,0.06,0,0.06,0.51,0.35,Likely Decreasing
"Orange County, CA",6059,Large central metro,"Los Angeles-Long Beach-Anaheim, CA",Metropolitan,CA,9,3175692,0.24,0.08,0.01,3,81888,0.026,0.003,353,11,18,0.6,-0.16,0.38,0.003,421,13,13,0.4,272447,8579,5083,160,0,49,EmergingHotspot,,Moderate,Moderate,,27761,874,,,,-0.41,,,0.007,47007,1480,,,95,2,102,2,0.72,0.01,0.62,0.02,0.2,0,0.04,-0.01,-0.01,0,0,0,0,0,28,4808,603,1442,1,1,1,1,1803085,0.568,1501407,0.473,8989,0.037,23777,0.01,1875,0.004,-0.0102,-0.003,-0.0011,88258,0.366,43455,0.18,1711069,0.688,1457280,0.586,418971,0.863,365396,0.753,0.08,0.12,0.15,3,0.02,0.34,0,0.21,0.42,0.47,Uncertain
"Jefferson County, KY",21111,Large central metro,"Louisville/Jefferson County, KY-IN",Metropolitan,KY,4,766757,0.606,0.172,0.002,1,22271,0.029,0.003,345,45,107,14,-0.14,10.89,0.003,402,52,9,1.2,82479,10757,1318,172,0,12,ModerateBurdenResolving,,Moderate,Substantial,0.023,6810,888,1,0.98,-0.013,-0.43,0,-0.01,0.037,11932,1556,1,0.99,137,4,96,3,0.69,0.02,0.61,0.05,0.38,0.03,-0.19,-0.07,-0.02,0,-0.01,0,0,-0.01,7,3163,469,428,0.86,0.71,1,0.86,417757,0.545,343336,0.448,1818,0.033,5220,0.009,475,0.004,-0.0031,-0.004,-0.0014,17299,0.309,7652,0.137,400283,0.669,335671,0.561,109636,0.858,98524,0.771,0.06,0.15,0.17,2.4,0.22,0.06,0,0.03,0.57,0.36,Uncertain
"Wake County, NC",37183,Large central metro,"Raleigh-Cary, NC",Metropolitan,NC,4,1111761,0.799,0.106,0.003,1,34540,0.031,0.003,344,31,2,0.2,0.2,-0.5,0.002,286,26,4,0.4,89091,8014,730,66,0,47,ModerateBurden,,Moderate,Moderate,0.017,14339,1290,1,0.99,-0.013,-0.3,1,-0.01,0.03,20419,1837,0,1,17,1,58,4,0.84,0.03,0.84,0.06,0.21,0.02,-0.48,-0.21,-0.01,-0.01,0,-0.01,-0.04,0,4,1558,284,312,1,1,1,1,622334,0.56,511665,0.46,2590,0.028,4553,0.005,247,0.002,-0.0151,-0.0029,-0.0007,37823,0.407,17627,0.19,583042,0.687,493712,0.581,123153,0.92,111318,0.832,0.09,0.1,0.12,2.6,0.2,0.1,0,0.08,0.28,0.27,Likely Decreasing
"Denver County, CO",8031,Large central metro,"Denver-Aurora-Lakewood, CO",Metropolitan,CO,8,727211,0.245,0.126,0.002,2,14548,0.02,0.003,338,46,4,0.6,-0.12,0,0.003,384,53,4,0.6,73456,10101,829,114,0,44,ModerateBurden,,Moderate,Substantial,0.012,16120,2217,1,0.99,-0.002,-0.14,0,0,0.014,18810,2587,1,1,30,2,21,1,0.63,0.03,0.68,0.12,0.27,0.05,-0.41,-0.19,-0.03,-0.01,-0.06,-0.04,-0.02,0,10,1762,161,394,0.9,0.8,0.9,0.9,310968,0.428,281859,0.388,2137,0.05,6171,0.01,296,0.003,0.0054,-0.0006,-0.0005,17822,0.417,9651,0.226,292173,0.496,271971,0.462,21012,0.242,31403,0.362,0.1,0.14,0.12,2.3,0.09,0.29,0.01,0.04,0.42,0.09,Uncertain
"Utah County, UT",49049,Medium metro,"Provo-Orem, UT",Metropolitan,UT,8,636235,0.981,0.198,0.002,1,30162,0.047,0.003,328,52,3,0.5,0.21,2,0.002,271,43,1,0.2,97262,15287,397,62,0,34,ModerateBurden,,Substantial,Moderate,0.047,6014,945,1,0.99,0.01,-0.06,0,0,0.036,6371,1001,1,0.99,14,2,1,0,0.53,0.02,0.57,0.09,0.04,0.01,-0.39,-0.5,-0.02,0,0.02,-0.02,-0.05,-0.01,7,770,86,203,0.86,0.86,0.86,0.86,245622,0.386,179552,0.282,1083,0.016,3471,0.008,132,0.003,-0.0005,-0.0005,-0.0008,11837,0.171,5350,0.077,233748,0.547,174191,0.408,42742,0.847,33015,0.654,0.09,0.11,0.08,3.6,0.01,0.12,0,0.02,0.28,0.04,Likely Decreasing
"Monroe County, NY",36055,Large central metro,"Rochester, NY",Metropolitan,NY,2,741770,0.693,0.038,0.002,3,38779,0.052,0.003,328,44,11,1.5,-0.4,0.57,0.005,548,74,7,0.9,68768,9271,1108,149,0,39,ModerateBurdenResolving,,Moderate,Substantial,0.023,17275,2329,1,0.99,-0.011,-0.14,0,0,0.034,20111,2711,1,0.99,73,3,17,1,0.67,0.03,0.57,0.07,0.37,0.03,-0.4,0.21,-0.02,-0.01,0,-0.03,-0.01,-0.01,6,2840,296,498,0.83,0.83,0.83,0.83,429611,0.579,383191,0.517,1892,0.036,4720,0.008,510,0.004,-0.0128,-0.0046,-0.002,20701,0.39,10398,0.196,408887,0.694,372789,0.633,117660,0.888,110442,0.834,0.04,0.15,0.18,2.4,0.15,0.09,0,0.04,0.52,0.68,Uncertain
"Contra Costa County, CA",6013,Large fringe metro,"San Francisco-Oakland-Berkeley, CA",Metropolitan,CA,9,1153526,0.244,0.029,0.004,0,3196,0.003,0.003,327,28,4,0.3,0.15,0,0.002,284,25,4,0.3,70003,6069,817,71,0,45,ModerateBurden,,Moderate,Moderate,,12787,1109,,,,-0.45,,,0.015,23366,2026,,,26,2,31,3,0.83,0.02,0.76,0.05,0.2,0.01,-0.14,-0.04,0,0,0,-0.01,0.03,0,8,1176,163,298,1,0.88,1,1,729715,0.633,651053,0.564,2891,0.031,6360,0.007,545,0.003,-0.0213,-0.0033,-0.0009,45923,0.491,25913,0.277,681598,0.762,624653,0.698,172750,0.92,159750,0.851,0.06,0.09,0.16,2.9,0.09,0.26,0,0.18,0.41,0.34,Uncertain
"Osceola County, FL",12097,Large fringe metro,"Orlando-Kissimmee-Sanford, FL",Metropolitan,FL,4,375751,0.144,0.017,0.001,0,192,0.001,0.003,322,86,4,1.1,0.32,-0.2,0.002,244,65,5,1.3,46374,12342,529,141,0,37,ModerateBurdenResolving,,Substantial,Substantial,0.048,6610,1759,,,0,-0.1,,,0.048,7369,1961,,,17,3,9,2,0.73,0.04,0.86,0.1,0.24,0.03,-0.23,-0.36,0,-0.01,0.05,0.01,0.04,-0.01,3,586,60,113,1,1,1,1,186258,0.496,144088,0.383,1201,0.038,5466,0.019,389,0.008,-0.0078,-0.0036,-0.0023,8192,0.256,2986,0.093,177881,0.624,141081,0.495,47674,0.939,40570,0.799,0.16,0.16,0.14,3.4,0.1,0.56,0,0.03,0.82,0.87,Uncertain
"Hennepin County, MN",27053,Large central metro,"Minneapolis-St. Paul-Bloomington, MN-WI",Metropolitan,MN,5,1265843,0.348,0.224,0.004,1,45730,0.036,0.003,320,25,9,0.7,-0.27,-0.18,0.004,439,35,11,0.9,124575,9841,1761,139,0,45,ModerateBurdenResolving,,Moderate,Moderate,0.017,30835,2436,1,0.99,-0.007,-0.26,0,0,0.024,41882,3309,1,0.99,62,2,39,1,0.91,0.03,0.83,0.1,0.36,0.04,-0.27,0.05,-0.01,-0.01,-0.01,-0.02,-0.02,0,10,2957,325,670,1,0.9,1,1,775314,0.612,665703,0.526,2925,0.033,7643,0.008,605,0.003,-0.0256,-0.0036,-0.0011,38754,0.436,18812,0.212,734289,0.742,646449,0.653,166344,0.906,155911,0.849,0.05,0.11,0.15,2.4,0.14,0.07,0.01,0.07,0.31,0.07,Uncertain
"Pinellas County, FL",12103,Large central metro,"Tampa-St. Petersburg-Clearwater, FL",Metropolitan,FL,4,974996,0.305,0.045,0.003,0,4849,0.005,0.003,317,33,4,0.4,0.5,-0.64,0.002,212,22,11,1.1,81606,8370,1671,171,0,45,ModerateBurden,,Moderate,Moderate,0.02,10928,1121,,,0.001,-0.24,,,0.02,14285,1465,,,139,5,96,3,0.74,0.04,0.74,0.08,0.28,0.04,-0.08,0.22,-0.02,0,-0.03,-0.02,-0.01,0,13,3001,342,439,1,0.92,1,1,506321,0.519,425393,0.436,1265,0.023,6239,0.008,1001,0.004,0.0007,-0.0017,-0.0005,10032,0.186,4818,0.089,495964,0.605,420556,0.513,205545,0.83,180391,0.728,0.11,0.13,0.25,2.3,0.1,0.1,0,0.03,0.52,0.46,Uncertain
"Riverside County, CA",6065,Large central metro,"Riverside-San Bernardino-Ontario, CA",Metropolitan,CA,9,2470546,0.531,0.063,0.008,2,33576,0.014,0.003,312,13,10,0.4,-0.18,1.5,0.003,380,15,4,0.2,301013,12184,4618,187,0,18,ModerateBurden,,Moderate,Moderate,,19779,801,,,,-0.44,,,0.012,35407,1433,,,31,1,45,2,0.73,0.01,0.64,0.02,0.14,0.01,-0.34,0.27,-0.02,0,-0.04,0,-0.01,0,17,2799,356,817,1,1,1,1,1060148,0.429,873929,0.354,4570,0.021,16193,0.009,1561,0.004,-0.0075,-0.002,-0.0003,47268,0.218,23942,0.111,1011173,0.545,849707,0.458,294821,0.806,253383,0.692,0.1,0.15,0.15,3.3,0.06,0.5,0,0.07,0.79,0.56,Uncertain
"Nueces County, TX",48355,Medium metro,"Corpus Christi, TX",Metropolitan,TX,6,362294,0.844,0.012,0.001,1,8184,0.023,0.003,310,86,6,1.7,0.18,0,0.002,263,73,6,1.7,43443,11991,831,229,0,41,ModerateBurden,,Substantial,Substantial,0.057,1494,412,1,0.99,0.016,-0.2,0,0.01,0.041,1873,517,1,0.98,35,2,119,7,0.49,0.02,0.76,0.1,0.32,0.02,-0.03,0.12,0,0,0.01,0,0.02,0,5,1665,140,404,1,1,1,1,,,,,,,,,,,,,,,,,,,,,,,,,,0.17,0.16,0.15,2.7,0.03,0.64,0,0.02,0.84,0.38,Uncertain
"DuPage County, IL",17043,Large fringe metro,"Chicago-Naperville-Elgin, IL-IN-WI",Metropolitan,IL,5,922921,0.098,0.073,0.003,0,14447,0.016,0.003,310,34,6,0.7,-0.14,-0.33,0.003,362,39,9,1,92170,9987,1310,142,0,47,ModerateBurdenResolving,,Moderate,Moderate,0.015,13873,1503,0,0.97,-0.007,-0.24,0,-0.01,0.022,18311,1984,0,0.98,34,2,30,2,0.75,0.02,0.55,0.06,0.26,0.03,-0.26,-0.03,-0.03,-0.01,-0.04,-0.01,-0.03,0,6,1690,239,321,1,1,1,1,598667,0.649,443648,0.481,3862,0.052,7431,0.01,571,0.004,-0.0355,-0.0067,-0.0025,36647,0.497,15053,0.204,560351,0.783,428351,0.599,143584,0.964,117013,0.785,0.06,0.07,0.16,2.7,0.05,0.15,0,0.13,0.16,0.1,Uncertain
"Fort Bend County, TX",48157,Large fringe metro,"Houston-The Woodlands-Sugar Land, TX",Metropolitan,TX,6,811688,0.115,0.028,0.002,0,351,0,0.003,304,37,5,0.6,0.16,0.25,0.002,263,32,4,0.5,69029,8504,686,85,0,45,ModerateBurden,,Moderate,Moderate,0.03,7080,872,1,0.97,-0.009,-0.2,0,-0.01,0.039,8800,1084,1,0.98,20,3,64,9,0.84,0.02,0.67,0.05,0.22,0.01,-0.07,0.01,0,-0.01,-0.06,0.01,-0.01,0,7,707,79,273,1,1,1,1,,,,,,,,,,,,,,,,,,,,,,,,,,0.11,0.08,0.12,3.2,0.2,0.25,0,0.21,0.29,0.26,Likely Decreasing
"Kent County, MI",26081,Large central metro,"Grand Rapids-Kentwood, MI",Metropolitan,MI,5,656955,0.61,0.066,0.002,0,10338,0.016,0.003,299,46,8,1.2,-0.2,0.6,0.003,373,57,5,0.8,73016,11114,847,129,0,41,ModerateBurdenResolving,,Moderate,Substantial,0.036,8103,1233,0,0.9,-0.024,-0.28,0,0.02,0.06,11277,1717,0,0.89,61,4,5,0,0.8,0.06,0.85,0.18,0.29,0.04,-0.38,-0.5,-0.07,-0.02,-0.04,-0.05,-0.01,-0.01,4,1636,155,405,1,1,1,1,306761,0.467,285548,0.435,279,0.005,2434,0.005,195,0.002,-0.0042,-0.0017,-0.0011,7004,0.133,7399,0.14,299740,0.6,278145,0.556,75935,0.818,71898,0.775,0.07,0.13,0.14,2.6,0.1,0.11,0,0.03,0.48,0.26,Likely Decreasing
"Pinal County, AZ",4021,Large fringe metro,"Phoenix-Mesa-Chandler, AZ",Metropolitan,AZ,9,462789,0.094,0.064,0.001,0,0,0,0.003,298,64,11,2.4,-0.03,1.2,0.003,308,67,5,1.1,53175,11490,903,195,0,12,ModerateBurden,,Substantial,Substantial,0.051,6004,1297,1,0.97,0.006,-0.02,0,-0.03,0.045,6114,1321,1,1,23,6,49,13,0.38,0.05,0.25,0.06,0.13,0.05,0.05,0.89,0.01,0,0.03,0.02,0.05,0.02,4,366,77,55,1,1,1,1,181783,0.393,145256,0.314,737,0.021,2685,0.007,406,0.004,-0.0011,-0.0007,-0.0001,5106,0.143,2169,0.061,176661,0.49,143084,0.397,71407,0.739,60378,0.625,0.09,0.14,0.21,2.9,0.05,0.31,0.04,0.02,0.86,0.55,Uncertain
"Denton County, TX",48121,Large fringe metro,"Dallas-Fort Worth-Arlington, TX",Metropolitan,TX,6,887207,0.117,0.031,0.003,2,37442,0.042,0.003,298,34,2,0.2,0.27,-0.33,0.002,235,26,3,0.3,76344,8605,767,86,0,25,ModerateBurden,,Moderate,Moderate,0.025,7398,834,1,1,-0.004,-0.12,0,0,0.029,8369,943,1,1,22,3,21,3,0.77,0.03,0.74,0.11,0.17,0.01,0,-0.32,-0.02,-0.01,-0.1,0.01,-0.01,0,12,775,62,414,1,0.92,1,1,,,,,,,,,,,,,,,,,,,,,,,,,,0.11,0.08,0.11,2.8,0.1,0.2,0,0.1,0.22,0.13,Likely Decreasing
"St. Louis County, MO",29189,Large fringe metro,"St. Louis, MO-IL",Metropolitan,MO,7,994205,0.355,0.162,0.003,2,30871,0.031,0.003,296,30,14,1.4,-0.18,0.27,0.003,363,37,11,1.1,100357,10094,2251,226,0,40,ModerateBurden,,Moderate,Moderate,0.031,9809,987,0,0.99,0,-0.2,0,0,0.031,12293,1236,0,0.99,44,1,243,8,0.81,0.02,0.87,0.08,0.32,0.04,-0.28,-0.06,-0.01,-0.01,0,-0.01,0.02,0,11,3238,353,477,0.91,0.91,1,0.91,505197,0.508,393346,0.396,2187,0.029,4998,0.006,578,0.003,-0.016,-0.0008,-0.0001,26898,0.357,10878,0.144,478261,0.616,382461,0.493,154851,0.84,136255,0.739,0.07,0.1,0.19,2.4,0.25,0.03,0,0.05,0.26,0.18,Likely Decreasing
"Weber County, UT",49057,Medium metro,"Ogden-Clearfield, UT",Metropolitan,UT,8,260213,0.381,0.081,0.001,1,11774,0.045,0.003,295,113,1,0.4,0.83,,0.001,161,62,0,0,29898,11490,210,81,1,0,EmergingHotspot,Recent,High,Substantial,0.065,1759,676,0,0.99,-0.007,-0.16,0,-0.01,0.072,2087,802,0,1,19,4,2,0,0.62,0.04,0.73,0.2,0.09,0.02,-0.41,1,-0.04,0,0,0.02,-0.03,-0.01,2,505,30,128,1,1,1,1,110356,0.424,81535,0.313,524,0.022,1406,0.007,96,0.003,0.0044,0.0002,-0.0004,5234,0.215,2438,0.1,105110,0.56,79096,0.421,27243,0.883,20893,0.677,0.09,0.11,0.12,3,0.01,0.19,0.01,0.01,0.43,0.07,Uncertain
"Adams County, CO",8001,Large fringe metro,"Denver-Aurora-Lakewood, CO",Metropolitan,CO,8,517421,0.174,0.09,0.002,1,13182,0.025,0.002,288,56,6,1.2,-0.29,0,0.003,405,78,6,1.2,60059,11607,706,136,0,30,ModerateBurdenResolving,,Substantial,Substantial,0.025,7352,1421,1,0.99,-0.007,-0.23,0,0.01,0.032,9564,1848,1,0.98,62,4,64,4,0.8,0.03,0.84,0.12,0.31,0.03,-0.21,-0.42,-0.02,-0.01,0,0.01,0,-0.01,9,1550,214,464,0.78,0.78,0.78,0.78,177387,0.343,157959,0.305,1847,0.04,4651,0.012,265,0.005,-0.0003,-0.001,0.0004,12984,0.279,6377,0.137,163796,0.429,151496,0.396,15224,0.274,23069,0.415,0.11,0.11,0.11,3,0.03,0.41,0.01,0.04,0.59,0.27,Likely Decreasing
"Providence County, RI",44007,Large central metro,"Providence-Warwick, RI-MA",Metropolitan,RI,1,638931,0.393,0.603,0.002,3,31984,0.05,0.002,287,45,5,0.8,,,0,0,0,0,0,99011,15496,1983,310,0,39,ModerateBurden,,Moderate,Low,0.006,20756,3249,1,0.99,-0.004,-0.32,0,0,0.01,30433,4763,1,1,15,1,0,0,0.89,0.02,0.77,0.05,0.13,0.01,-0.11,,0,-0.01,0,-0.04,-0.02,0,8,1785,128,533,1,0.88,1,1,346812,0.543,300092,0.47,1447,0.032,5986,0.012,465,0.005,-0.0123,-0.0021,-0.0005,16469,0.365,7612,0.169,330307,0.65,292474,0.576,85648,0.858,83514,0.837,0.06,0.16,0.16,2.6,0.09,0.24,0,0.04,0.76,0.29,Likely Decreasing
"Cumberland County, NC",37051,Medium metro,"Fayetteville, NC",Metropolitan,NC,4,335509,0.637,0.032,0.001,0,6313,0.019,0.002,281,84,5,1.5,0.6,0.67,0.001,176,52,3,0.9,29863,8901,314,94,0,25,ModerateBurdenResolving,,Substantial,High,0.095,1781,531,1,0.98,-0.03,-0.28,0,0,0.125,2477,738,1,0.98,11,1,116,15,0.76,0.02,0.9,0.07,0.44,0.05,-0.27,-0.21,0.01,-0.01,0,0,0.07,0.01,3,757,75,92,1,0.67,1,1,148000,0.441,127034,0.379,385,0.015,1703,0.007,101,0.002,-0.0057,-0.0018,-0.0005,3843,0.152,1738,0.069,144047,0.57,125260,0.496,34302,0.838,31375,0.766,0.1,0.19,0.12,2.6,0.37,0.12,0.01,0.03,0.86,0.95,Likely Decreasing
"Unallocated, NE",31000,,,,NE,7,,,,,,,,0.002,280,,2,,0.15,-0.85,0.002,244,,13,,2413,,21,,0,,,,,,0.015,173,,,,-0.013,-0.23,,,0.028,225,,,,,,,,,,,,,,,,,,,,,,,,,,,,,,168770,,96380,,135,,1704,,118,,,,,885,,262,,167842,,96108,,75625,,33343,,,,,,,,,,,,
"Volusia County, FL",12127,Medium metro,"Deltona-Daytona Beach-Ormond Beach, FL",Metropolitan,FL,4,553284,0.828,0.026,0.002,1,13877,0.025,0.002,280,51,6,1.1,0.2,-0.14,0.002,234,42,7,1.3,45025,8138,846,153,0,45,ModerateBurden,,Substantial,Moderate,0.03,4204,760,,,-0.011,-0.27,,,0.041,5780,1045,,,34,2,14,1,0.64,0.03,0.66,0.09,0.32,0.03,-0.11,1,-0.02,0,0,-0.01,-0.01,0,7,1564,211,216,1,1,1,1,257618,0.466,211445,0.382,630,0.019,3269,0.007,482,0.003,-0.0002,-0.0026,-0.0019,4520,0.136,1731,0.052,253013,0.554,209699,0.459,118857,0.862,103994,0.755,0.12,0.15,0.25,2.4,0.1,0.15,0,0.02,0.53,0.46,Likely Decreasing
"Multnomah County, OR",41051,Large central metro,"Portland-Vancouver-Hillsboro, OR-WA",Metropolitan,OR,10,812855,0.326,0.193,0.002,1,31019,0.038,0.002,277,34,2,0.2,-0.3,-0.8,0.003,394,48,10,1.2,39856,4903,608,75,0,27,ModerateBurden,,Moderate,Moderate,0.024,10810,1330,1,0.96,-0.011,-0.23,0,0,0.035,14058,1729,1,0.96,49,2,166,8,0.82,0.04,0.75,0.09,0.26,0.04,-0.24,0.13,0,0,0.02,-0.01,-0.01,-0.01,9,2020,243,391,1,0.89,1,1,540686,0.665,454368,0.559,2018,0.042,7683,0.012,633,0.006,-0.0064,-0.0035,-0.0015,26033,0.536,11414,0.235,513146,0.774,442708,0.668,106653,0.945,97995,0.868,0.07,0.15,0.14,2.4,0.06,0.12,0.01,0.08,0.47,0.15,Likely Decreasing
"Weld County, CO",8123,Medium metro,"Greeley, CO",Metropolitan,CO,8,324492,1,0.056,0.001,1,9103,0.028,0.002,277,85,0,0,-0.13,-1,0.003,320,99,2,0.6,32855,10125,345,106,0,32,ModerateBurdenResolving,,Substantial,Substantial,0.043,4406,1358,1,0.99,0.003,-0.23,0,0,0.04,5725,1764,1,0.99,17,3,60,12,0.46,0.03,0.3,0.04,0.15,0.03,-0.14,-0.69,0.03,-0.01,-0.02,-0.02,0.01,-0.02,3,490,112,93,1,1,1,1,97756,0.301,92736,0.286,716,0.026,1917,0.008,159,0.004,-0.006,-0.002,-0.001,6270,0.224,3161,0.113,91204,0.379,89505,0.372,11643,0.289,18287,0.453,0.08,0.11,0.12,2.8,0.01,0.3,0.01,0.02,0.4,0.11,Likely Decreasing
"Ada County, ID",16001,Medium metro,"Boise City, ID",Metropolitan,ID,10,481587,0.643,0.269,0.001,1,13991,0.029,0.002,273,57,3,0.6,0.75,0.5,0.001,156,32,2,0.4,53073,11020,475,99,0,50,ModerateBurden,,Substantial,Moderate,0.024,6229,1293,0,0.99,-0.009,-0.09,0,0,0.033,6853,1423,0,0.99,22,2,7,1,0.62,0.04,0.74,0.12,0.16,0.03,-0.29,0,-0.01,0,-0.04,0.01,-0.02,0,6,1203,109,266,1,0.83,1,1,225089,0.467,200489,0.416,4,0,2168,0.006,182,0.003,0,-0.0027,-0.0012,31,0.001,8,0,225057,0.608,200479,0.542,64673,0.899,61521,0.855,0.08,0.11,0.15,2.6,0.01,0.09,0.01,0.03,0.14,0.02,Likely Decreasing
"Macomb County, MI",26099,Large fringe metro,"Detroit-Warren-Dearborn, MI",Metropolitan,MI,5,873972,0.202,0.088,0.003,0,0,0,0.002,266,30,29,3.3,-0.31,1.23,0.003,384,44,13,1.5,99864,11426,2451,280,0,47,ModerateBurdenResolving,,Moderate,Moderate,0.026,8980,1027,0,0.99,-0.015,-0.23,0,0,0.041,11647,1333,0,0.99,23,2,12,1,0.76,0.03,0.75,0.06,0.35,0.02,-0.28,-0.25,-0.05,-0.02,-0.03,-0.07,-0.06,-0.03,5,1283,158,254,1,1,1,1,395714,0.453,356596,0.408,531,0.008,3534,0.005,430,0.003,-0.003,-0.0034,-0.0023,9643,0.149,7152,0.11,386055,0.558,349442,0.505,121493,0.798,115053,0.756,0.06,0.11,0.17,2.5,0.12,0.03,0,0.04,0.33,0.57,Uncertain
"Kern County, CA",6029,Medium metro,"Bakersfield, CA",Metropolitan,CA,9,900202,1,0.023,0.003,1,8914,0.01,0.002,264,29,9,1,-0.42,0.5,0.004,455,51,6,0.7,110395,12263,1398,155,0,2,ModerateBurden,,Moderate,Substantial,,8777,975,,,,-0.5,,,0.012,17613,1957,,,24,2,117,12,0.78,0.04,0.63,0.05,0.15,0.01,-0.12,0.33,0.01,0.01,-0.03,0.01,0,0,10,966,135,353,1,1,1,1,329346,0.366,269064,0.299,1418,0.016,4678,0.007,407,0.004,-0.004,-0.0027,-0.0013,15178,0.176,8080,0.093,313628,0.489,260871,0.407,77447,0.766,66339,0.656,0.09,0.22,0.11,3.2,0.05,0.55,0.01,0.05,0.97,0.69,Uncertain
"Jefferson Parish, LA",22051,Large fringe metro,"New Orleans-Metairie, LA",Metropolitan,LA,6,432493,0.34,0.093,0.001,0,0,0,0.002,262,61,1,0.2,0.74,0,0.001,151,35,1,0.2,47023,10873,899,208,0,14,ModerateBurden,,Substantial,Moderate,0.029,5447,1259,0,1,0.004,-0.05,0,0,0.025,5750,1330,0,1,42,3,9,1,0.79,0.02,0.63,0.03,0.09,0,-0.15,0.09,-0.01,0,-0.04,0.02,0,0,7,1582,307,691,1,1,1,1,200688,0.464,175149,0.405,680,0.022,3049,0.009,270,0.004,-0.0052,-0.0008,-0.0016,5316,0.175,2329,0.077,195362,0.579,172817,0.513,63031,0.824,59252,0.775,0.12,0.15,0.18,2.6,0.27,0.15,0,0.04,0.61,0.42,Uncertain
"Mobile County, AL",1097,Medium metro,"Mobile, AL",Metropolitan,AL,4,413210,0.962,0.084,0.001,1,14824,0.036,0.002,257,62,7,1.7,1.16,6,0.001,119,29,1,0.2,41808,10118,822,199,0,39,ModerateBurden,,Substantial,Moderate,0.049,2600,629,0,0.98,0.016,-0.21,0,0.01,0.034,3278,793,0,0.97,24,1,0,0,0.81,0.02,0.83,0.05,0.34,0.02,0,,-0.01,0,-0.02,0,0.02,0,6,1608,176,278,1,1,1,1,130629,0.316,109598,0.265,22,0.001,539,0.002,69,0.001,0.0001,-0.0005,-0.0001,1571,0.049,771,0.024,129053,0.407,108825,0.343,49022,0.713,42390,0.617,0.12,0.19,0.17,2.6,0.36,0.03,0.01,0.02,0.75,0.75,Uncertain
"Jefferson County, CO",8059,Large fringe metro,"Denver-Aurora-Lakewood, CO",Metropolitan,CO,8,582881,0.196,0.101,0.002,1,8057,0.014,0.002,253,43,3,0.5,-0.19,-0.67,0.003,314,54,9,1.5,48216,8272,790,136,0,32,ModerateBurden,,Moderate,Substantial,0.013,10930,1875,1,0.99,-0.004,-0.19,0,0,0.017,13456,2309,1,0.99,29,7,12,3,0.62,0.06,0.77,0.16,0.23,0.04,-0.03,-0.68,-0.02,0,0,-0.02,-0.04,-0.02,4,420,50,135,1,1,1,1,268644,0.461,246434,0.423,1793,0.045,4607,0.01,383,0.004,0.0029,-0.0021,-0.001,16930,0.423,9232,0.23,250839,0.534,237001,0.505,32262,0.327,48359,0.489,0.06,0.07,0.17,2.4,0.01,0.16,0.01,0.03,0.06,0.12,Likely Decreasing
"Douglas County, CO",8035,Large fringe metro,"Denver-Aurora-Lakewood, CO",Metropolitan,CO,8,351154,0.118,0.061,0.001,0,0,0,0.002,253,72,1,0.3,-0.15,-0.5,0.002,296,84,2,0.6,29793,8484,241,69,0,36,ModerateBurden,,Substantial,Substantial,0.02,5351,1524,1,1,-0.005,-0.04,0,0,0.025,5600,1595,1,0.99,21,5,0,0,0.56,0.05,0.71,0.17,0.24,0.1,-0.09,-1,0.02,0,-0.02,-0.02,-0.05,0.01,3,449,46,65,1,1,1,1,150811,0.429,141312,0.402,1146,0.033,2636,0.01,207,0.005,-0.0235,-0.0013,0.0006,14187,0.412,7185,0.208,135911,0.517,134023,0.51,12989,0.298,22049,0.506,0.03,0.03,0.12,2.8,0.01,0.09,0,0.05,0.02,0.01,Likely Decreasing
"Stanislaus County, CA",6099,Medium metro,"Modesto, CA",Metropolitan,CA,9,550660,1,0.014,0.002,1,8737,0.016,0.002,253,46,2,0.4,0.44,0,0.001,176,32,2,0.4,63041,11448,1068,194,0,30,ModerateBurden,,Moderate,Moderate,,5773,1048,,,,-0.47,,,0.029,10916,1982,,,41,5,143,16,0.84,0.06,0.66,0.09,0.33,0.03,0.12,0.25,-0.01,0,-0.06,-0.01,-0.02,0,6,905,102,218,1,1,1,1,272234,0.494,167499,0.304,565,0.011,2248,0.006,198,0.003,-0.0094,-0.0034,-0.0017,10400,0.205,4435,0.087,261381,0.65,162968,0.405,73443,0.994,45546,0.616,0.07,0.16,0.13,3.1,0.03,0.48,0.01,0.05,0.87,0.65,Uncertain
"Montgomery County, TX",48339,Large fringe metro,"Houston-The Woodlands-Sugar Land, TX",Metropolitan,TX,6,607391,0.086,0.021,0.002,0,0,0,0.002,248,41,4,0.7,0.32,-0.5,0.002,188,31,8,1.3,54624,8993,593,98,0,31,ModerateBurden,,Moderate,Moderate,0.051,5335,878,1,0.98,-0.001,-0.07,0,-0.01,0.052,5738,945,1,0.99,35,4,35,4,0.87,0.04,0.92,0.06,0.26,0.01,-0.35,0.35,0.01,0,0.01,0,0,-0.01,8,910,94,239,1,1,1,1,,,,,,,,,,,,,,,,,,,,,,,,,,0.14,0.1,0.13,2.9,0.05,0.25,0,0.03,0.39,0.49,Likely Decreasing
"New York County, NY",36061,Large central metro,"New York-Newark-Jersey City, NY-NJ-PA",Metropolitan,NY,2,1628706,0.085,0.084,0.005,11,178189,0.109,0.002,248,15,13,0.8,-0.22,0.44,0.003,318,20,9,0.6,137990,8472,4493,276,0,62,ModerateBurden,,Moderate,Moderate,0.005,65791,4039,1,0.99,0,-0.22,0,0,0.005,84679,5199,1,0.99,85,1,231,2,0.73,0.02,0.72,0.04,0.23,0.02,-0.3,-0.13,-0.02,0,0.02,0,-0.01,0,15,10703,1112,2442,1,0.93,1,1,1082524,0.665,920483,0.565,3289,0.048,18318,0.013,1461,0.005,0.0031,-0.0025,-0.001,34690,0.511,18347,0.27,1047732,0.75,902096,0.646,224023,0.811,200706,0.727,0.06,0.17,0.17,2.1,0.12,0.26,0,0.13,0.55,0.32,Uncertain
"Brevard County, FL",12009,Medium metro,"Palm Bay-Melbourne-Titusville, FL",Metropolitan,FL,4,601942,1,0.028,0.002,0,4519,0.008,0.002,248,41,11,1.8,0.38,0,0.001,180,30,11,1.8,43104,7161,914,152,0,35,ModerateBurden,,Moderate,Moderate,0.029,5235,870,,,-0.002,-0.17,,,0.03,6292,1045,,,27,2,5,0,0.71,0.03,0.8,0.08,0.23,0.01,-0.29,4.01,0,0,-0.02,-0.01,0,-0.01,8,1380,164,194,1,1,1,1,300840,0.5,246127,0.409,833,0.021,3981,0.008,535,0.004,0.0011,-0.0062,-0.0022,6651,0.169,3151,0.08,294114,0.597,242971,0.493,124995,0.858,108104,0.742,0.11,0.13,0.24,2.5,0.1,0.11,0,0.03,0.37,0.41,Likely Decreasing
"Suffolk County, NY",36103,Large fringe metro,"New York-Newark-Jersey City, NY-NJ-PA",Metropolitan,NY,2,1476601,0.077,0.076,0.004,2,29422,0.02,0.002,246,17,5,0.3,-0.39,0.25,0.003,405,27,4,0.3,200766,13596,3397,230,0,56,ModerateBurden,,Moderate,Moderate,0.008,37276,2524,1,0.99,-0.002,-0.25,0,0,0.01,49659,3363,1,0.99,50,2,79,3,0.72,0.03,0.57,0.06,0.19,0.02,-0.17,0.27,0,-0.01,0,-0.01,-0.02,-0.01,10,2911,418,619,1,0.9,1,1,837617,0.567,726485,0.492,3099,0.027,12710,0.011,1506,0.006,-0.0155,-0.0048,-0.0018,31036,0.274,15806,0.139,806511,0.691,710666,0.609,225232,0.88,205895,0.804,0.05,0.07,0.17,3,0.07,0.2,0,0.04,0.21,0.28,Likely Decreasing
"Hamilton County, IN",18057,Large fringe metro,"Indianapolis-Carmel-Anderson, IN",Metropolitan,IN,5,338011,0.163,0.05,0.001,0,37,0,0.002,243,72,2,0.6,0.99,0,0.001,122,36,2,0.6,36411,10772,415,123,0,36,ModerateBurden,,Substantial,Moderate,0.031,6339,1875,1,0.96,-0.009,0.66,-1,0.39,0.04,3815,1129,2,0.57,6,1,17,3,0.5,0.02,0.77,0.04,0.06,0,-0.36,-0.35,-0.02,0,0.01,0.01,-0.04,-0.01,6,560,124,92,0.83,0.83,1,0.83,193394,0.572,165656,0.49,1429,0.044,2068,0.008,105,0.002,-0.0117,-0.0028,-0.0011,13141,0.404,5698,0.175,180234,0.727,159954,0.645,40583,0.937,39051,0.902,0.05,0.05,0.13,2.7,0.04,0.04,0,0.06,0.03,0.07,Uncertain
"Travis County, TX",48453,Large central metro,"Austin-Round Rock-Georgetown, TX",Metropolitan,TX,6,1273954,0.572,0.044,0.004,1,54673,0.043,0.002,240,19,5,0.4,0.21,0,0.002,198,16,5,0.4,83962,6591,1028,81,0,45,ModerateBurden,,Moderate,Moderate,0.013,17148,1346,0,1,0,-0.24,0,0,0.014,22510,1767,0,1,56,3,19,1,0.88,0.03,0.86,0.08,0.3,0.02,-0.14,-0.39,-0.01,0,0,0,0.01,0,16,2226,275,539,0.94,0.94,1,0.94,,,,,,,,,,,,,,,,,,,,,,,,,,0.14,0.13,0.1,2.6,0.08,0.34,0,0.07,0.38,0.11,Uncertain
"Collier County, FL",12021,Medium metro,"Naples-Marco Island, FL",Metropolitan,FL,4,384902,1,0.018,0.001,0,1350,0.004,0.002,238,62,7,1.8,0.43,2.5,0.001,167,43,2,0.5,37247,9677,551,143,0,44,ModerateBurden,,Substantial,Moderate,0.045,3511,912,,,0.001,-0.2,,,0.044,4415,1147,,,38,5,0,0,0.87,0.06,0.65,0.13,0.17,0.03,-0.11,,-0.02,0,-0.13,-0.04,0,0,3,783,85,139,1,1,1,1,220741,0.573,182884,0.475,473,0.02,2709,0.008,356,0.003,0.0003,-0.0025,-0.0011,3388,0.145,1409,0.06,217318,0.679,181470,0.567,119045,0.94,104384,0.824,0.17,0.12,0.33,2.6,0.07,0.29,0,0.01,0.46,0.48,Uncertain
"Guilford County, NC",37081,Medium metro,"Greensboro-High Point, NC",Metropolitan,NC,4,537174,0.696,0.051,0.002,3,33992,0.063,0.002,236,44,4,0.7,0.77,0.33,0.001,133,25,3,0.6,48393,9009,715,133,0,41,ModerateBurden,,Moderate,Moderate,0.025,4596,856,1,0.98,-0.006,-0.26,0,0,0.031,6217,1157,1,0.99,41,3,1,0,0.75,0.03,0.79,0.06,0.39,0.03,-0.24,,-0.01,-0.01,-0.01,-0.03,0.02,-0.02,4,1217,130,144,1,1,1,1,243691,0.454,206235,0.384,588,0.014,1756,0.004,201,0.002,-0.0073,-0.0025,-0.0016,10115,0.245,5151,0.125,233221,0.558,201043,0.481,67463,0.809,60526,0.725,0.1,0.16,0.16,2.5,0.34,0.08,0,0.05,0.64,0.66,Likely Decreasing
"Allegheny County, PA",42003,Large central metro,"Pittsburgh, PA",Metropolitan,PA,3,1216045,0.525,0.095,0.004,3,61133,0.05,0.002,235,19,9,0.7,-0.36,-0.44,0.003,365,30,16,1.3,101522,8349,1989,164,0,45,ModerateBurdenResolving,,Moderate,Moderate,0.017,9028,742,1,0.99,-0.012,-0.35,0,0.03,0.029,13936,1146,1,0.96,59,1,237,5,0.83,0.02,0.79,0.05,0.23,0.01,-0.41,0.06,-0.02,0,-0.03,0,-0.01,-0.01,22,4946,581,1157,1,0.95,1,1,747602,0.615,584115,0.48,2749,0.036,14801,0.015,1982,0.008,-0.0132,0.0045,0.0022,25110,0.332,11152,0.147,722416,0.73,572922,0.579,233348,0.992,164413,0.699,0.04,0.12,0.19,2.2,0.13,0.02,0,0.04,0.25,0.11,Likely Decreasing
"Pasco County, FL",12101,Large fringe metro,"Tampa-St. Petersburg-Clearwater, FL",Metropolitan,FL,4,553947,0.173,0.026,0.002,1,9342,0.017,0.002,232,42,21,3.8,0.09,6,0.002,212,38,3,0.5,42986,7760,802,145,0,39,ModerateBurden,,Moderate,Moderate,0.036,5633,1017,,,-0.005,-0.19,,,0.04,6960,1256,,,55,4,21,2,0.75,0.04,0.77,0.05,0.2,0.02,-0.14,0.17,0.01,-0.01,0.01,-0.01,0.02,0,7,1363,180,226,1,1,1,1,247550,0.447,200121,0.361,942,0.024,3358,0.008,509,0.004,0.0004,-0.0025,-0.0021,6373,0.162,2560,0.065,241145,0.546,197551,0.447,104953,0.837,88915,0.709,0.12,0.13,0.23,2.5,0.06,0.17,0,0.03,0.63,0.57,Likely Decreasing
"Gwinnett County, GA",13135,Large fringe metro,"Atlanta-Sandy Springs-Alpharetta, GA",Metropolitan,GA,4,936250,0.156,0.088,0.003,1,8203,0.009,0.002,228,24,11,1.2,-0.26,0.22,0.003,310,33,9,1,102795,10979,1190,127,0,38,ModerateBurden,,Moderate,Moderate,0.018,7974,852,0,0.95,-0.006,-0.19,0,0.01,0.024,9886,1056,0,0.94,21,3,3,0,0.69,0.03,0.64,0.01,0.17,0,-0.28,-0.4,-0.02,-0.01,0.03,-0.05,0,-0.02,2,817,91,149,1,1,1,1,215447,0.23,182741,0.195,4127,0.045,7857,0.011,572,0.006,0.0171,-0.0001,-0.0007,12918,0.141,5507,0.06,202473,0.295,177226,0.258,45854,0.468,39932,0.408,0.17,0.11,0.1,3.1,0.28,0.22,0,0.12,0.43,0.36,Likely Decreasing
"Nassau County, NY",36059,Large fringe metro,"New York-Newark-Jersey City, NY-NJ-PA",Metropolitan,NY,2,1356924,0.071,0.07,0.004,4,39330,0.029,0.002,227,17,4,0.3,-0.23,1,0.002,293,22,2,0.1,183422,13517,3173,234,0,64,ModerateBurden,,Moderate,Moderate,0.007,35035,2582,1,0.99,-0.001,-0.26,0,0,0.008,47033,3466,1,0.99,30,1,11,0,0.7,0.02,0.52,0.06,0.22,0.02,-0.42,-0.25,0,-0.01,-0.01,-0.01,0,0,8,3110,374,456,1,1,1,1,843847,0.622,720995,0.531,3763,0.036,11780,0.011,1418,0.006,-0.0134,-0.0045,-0.0016,38407,0.37,19149,0.184,805334,0.755,701823,0.658,224233,0.909,202576,0.821,0.05,0.06,0.18,3,0.12,0.17,0,0.11,0.24,0.17,Uncertain
"Bernalillo County, NM",35001,Medium metro,"Albuquerque, NM",Metropolitan,NM,6,679121,0.74,0.324,0.002,1,16897,0.025,0.002,223,33,9,1.3,0.51,0.8,0.001,148,22,5,0.7,58631,8633,951,140,0,27,ModerateBurden,,Moderate,Moderate,0.014,9359,1378,1,0.93,-0.006,-0.18,0,-0.02,0.02,11438,1684,1,0.95,34,2,169,8,0.8,0.02,0.88,0.07,0.29,0.03,0.01,0.16,0.02,0,0.01,-0.01,0.06,0,8,2065,218,427,1,0.88,1,1,297187,0.438,275845,0.406,1283,0.025,4039,0.008,394,0.003,-0.0394,-0.0038,-0.0018,19486,0.38,8457,0.165,277684,0.52,267385,0.501,63707,0.554,75330,0.656,0.09,0.17,0.17,2.5,0.03,0.5,0.04,0.03,0.68,0.21,Likely Decreasing
"Manatee County, FL",12081,Medium metro,"North Port-Sarasota-Bradenton, FL",Metropolitan,FL,4,403253,0.482,0.019,0.001,0,0,0,0.002,222,55,2,0.5,0.33,0,0.001,167,41,2,0.5,40015,9923,689,171,0,41,ModerateBurden,,Substantial,Moderate,0.038,5382,1335,,,-0.011,-0.09,,,0.049,5943,1474,,,13,2,22,3,0.78,0.03,0.66,0.05,0.18,0.03,-0.34,-0.23,-0.03,-0.02,-0.01,-0.01,-0.03,0,3,715,84,108,1,1,1,1,196961,0.488,160602,0.398,538,0.021,2250,0.007,374,0.003,0.0034,-0.0031,-0.0009,3382,0.131,1292,0.05,193504,0.585,159305,0.482,95312,0.842,81568,0.721,0.13,0.12,0.28,2.6,0.09,0.17,0,0.02,0.52,0.39,Uncertain
"St. Lucie County, FL",12111,Medium metro,"Port St. Lucie, FL",Metropolitan,FL,4,328297,0.671,0.015,0.001,0,0,0,0.002,221,67,3,0.9,0.34,-0.25,0.001,165,50,4,1.2,27599,8407,657,200,0,34,ModerateBurden,,Substantial,Substantial,0.058,4665,1421,,,0.01,-0.16,,,0.048,5540,1687,,,24,4,14,2,0.79,0.03,0.98,0.08,0.21,0.01,-0.14,-0.18,-0.03,0,-0.02,-0.02,0,-0.01,2,613,65,122,1,1,1,1,145615,0.444,115185,0.351,545,0.024,2547,0.01,357,0.004,0.0032,-0.0026,-0.0018,3146,0.139,1173,0.052,142442,0.539,114010,0.432,65523,0.81,55678,0.688,0.14,0.15,0.25,2.7,0.2,0.2,0,0.02,0.72,0.72,Likely Decreasing
"Seminole County, FL",12117,Large fringe metro,"Orlando-Kissimmee-Sanford, FL",Metropolitan,FL,4,471826,0.181,0.022,0.001,0,0,0,0.002,221,47,4,0.8,0.18,0.33,0.002,187,40,3,0.6,35464,7516,516,109,0,40,ModerateBurden,,Moderate,Moderate,0.04,4711,998,,,-0.003,-0.18,,,0.043,5762,1221,,,21,8,5,2,0.71,0.06,0.86,0.21,0.27,0.08,0.5,0.25,0.02,0,-0.02,-0.02,-0.05,-0.02,2,253,38,55,1,1,1,1,217678,0.461,182222,0.386,884,0.025,3438,0.009,289,0.004,-0.0176,-0.0024,-0.002,10108,0.286,4397,0.124,207251,0.555,177795,0.476,59149,0.784,53811,0.714,0.1,0.11,0.16,2.7,0.11,0.22,0,0.05,0.18,0.6,Likely Decreasing
"Tulsa County, OK",40143,Medium metro,"Tulsa, OK",Metropolitan,OK,6,651552,0.652,0.165,0.002,0,7104,0.011,0.002,220,34,3,0.5,-0.15,-0.94,0.002,258,40,48,7.4,75371,11568,1112,171,0,38,ModerateBurden,,Moderate,Moderate,0.057,2967,455,1,0.99,-0.014,-0.21,0,-0.01,0.071,3756,576,1,1,41,2,15,1,0.74,0.02,0.85,0.07,0.39,0.04,0.11,0.37,0.02,0,0,0.02,-0.02,0.02,13,2296,273,326,0.92,0.92,1,0.92,289901,0.445,238664,0.366,1048,0.02,2152,0.004,163,0.002,0.0037,-0.0012,-0.0007,8374,0.156,3942,0.073,281513,0.577,234720,0.481,84519,0.876,74552,0.773,0.14,0.15,0.15,2.5,0.1,0.13,0.06,0.04,0.62,0.35,Uncertain
"Solano County, CA",6095,Medium metro,"Vallejo, CA",Metropolitan,CA,9,447643,1,0.011,0.001,0,975,0.002,0.002,218,49,2,0.4,0.98,0,0.001,110,25,2,0.4,33511,7486,258,58,0,34,ModerateBurden,,Moderate,Moderate,,6162,1377,,,,-0.35,,,0.02,9430,2107,,,20,4,20,4,0.8,0.03,0.69,0.07,0.17,0.03,-0.02,0.14,0.01,0,0.02,0.02,0.03,0,4,567,63,113,1,1,1,1,242911,0.543,184799,0.413,852,0.026,3621,0.01,391,0.005,-0.0138,-0.0027,-0.0006,11535,0.349,4861,0.147,230770,0.661,179855,0.515,62719,0.857,51230,0.7,0.06,0.1,0.16,2.9,0.14,0.27,0,0.15,0.59,0.3,Uncertain
"Alameda County, CA",6001,Large central metro,"San Francisco-Oakland-Berkeley, CA",Metropolitan,CA,9,1671329,0.353,0.042,0.005,2,53244,0.032,0.002,218,13,22,1.3,-0.29,0.57,0.003,309,18,14,0.8,89147,5334,1715,103,0,27,ModerateBurden,,Moderate,Moderate,,25705,1538,,,,-0.41,,,0.007,43709,2615,,,22,1,103,4,0.57,0.01,0.59,0.03,0.25,0.02,-0.33,-0.15,-0.02,0,0,-0.01,-0.01,0,13,2617,245,466,1,1,1,1,1111108,0.665,941967,0.564,5465,0.049,12553,0.009,976,0.004,-0.0188,-0.0026,-0.0007,64282,0.574,32432,0.289,1043097,0.784,908693,0.683,215879,0.904,193783,0.812,0.05,0.11,0.14,2.8,0.1,0.22,0,0.32,0.47,0.24,Uncertain
"Clackamas County, OR",41005,Large fringe metro,"Portland-Vancouver-Hillsboro, OR-WA",Metropolitan,OR,10,418187,0.168,0.099,0.001,0,0,0,0.002,215,51,4,1,-0.31,-0.2,0.003,312,75,5,1.2,18560,4438,227,54,0,24,ModerateBurden,,Substantial,Substantial,0.044,4633,1108,1,0.96,-0.011,-0.26,0,0.01,0.055,6274,1500,1,0.95,17,4,8,2,0.68,0.04,0.79,0.16,0.16,0.09,-0.25,-0.1,0,-0.01,0.08,0.01,0,0.01,3,417,36,59,1,1,1,1,226802,0.542,193507,0.463,1070,0.033,3561,0.011,362,0.005,-0.0171,-0.0054,-0.0026,13762,0.43,5295,0.166,212396,0.645,188142,0.571,61649,0.786,58738,0.749,0.06,0.08,0.19,2.6,0.01,0.09,0.01,0.05,0.19,0.09,Uncertain
"Kootenai County, ID",16055,Small metro,"Coeur d'Alene, ID",Metropolitan,ID,10,165697,1,0.093,0.001,0,0,0,0.002,214,129,0,0,1.02,,0.001,106,64,0,0,18768,11327,210,127,0,8,EmergingHotspot,,High,Substantial,0.09,1521,918,0,0.99,0.012,-0.21,0,0,0.077,1924,1161,0,0.99,23,6,7,2,0.68,0.06,0.77,0.33,0.23,0.04,0,0.75,-0.04,0.01,-0.04,0.09,0.04,0.01,3,416,38,85,1,1,1,1,57939,0.35,49721,0.3,3,0,606,0.005,96,0.003,-0.0005,-0.0023,-0.0028,35,0.003,10,0.001,57895,0.452,49704,0.388,24727,0.768,22044,0.685,0.1,0.12,0.19,2.5,0,0.05,0.01,0.01,0.23,0.04,Likely Decreasing
"Unallocated, OK",40000,,,,OK,6,,,,,,,,0.002,213,,0,,-1.41,,-0.004,-517,,0,,704,,0,,0,,,,,,0.059,24,,,,-0.101,-0.17,,,0.16,29,,,,,,,,,,,,,,,,,,,,,,,,,,,,,,119449,,92465,,226,,955,,136,,,,,1565,,741,,117846,,91709,,31411,,24278,,,,,,,,,,,,
"Fulton County, GA",13121,Large central metro,"Atlanta-Sandy Springs-Alpharetta, GA",Metropolitan,GA,4,1063937,0.177,0.1,0.003,2,55177,0.052,0.002,213,20,16,1.5,0.04,0.07,0.002,204,19,15,1.4,98629,9270,1435,135,0,89,ModerateBurden,,Moderate,Moderate,0.015,12535,1178,0,0.92,-0.007,-0.25,0,-0.01,0.022,16726,1572,0,0.92,106,4,240,8,0.7,0.02,0.79,0.05,0.44,0.02,-0.09,0.12,-0.03,-0.01,-0.03,-0.01,-0.02,-0.01,10,2865,484,862,1,0.9,1,1,256470,0.241,217655,0.205,3365,0.043,6696,0.008,595,0.005,0.0144,-0.0006,-0.0005,13513,0.172,6807,0.086,242848,0.291,210830,0.252,60505,0.474,51907,0.406,0.11,0.15,0.12,2.5,0.44,0.07,0,0.08,0.53,0.46,Uncertain
"Hartford County, CT",9003,Large central metro,"Hartford-East Hartford-Middletown, CT",Metropolitan,CT,1,891720,0.74,0.25,0.003,2,17191,0.019,0.002,213,24,3,0.3,0.11,-0.5,0.002,192,22,6,0.7,84200,9442,2428,272,0,48,ModerateBurden,,Moderate,Moderate,0.007,14804,1660,1,0.99,-0.005,-0.19,0,-0.01,0.012,18187,2040,1,1,31,1,136,5,0.74,0.01,0.54,0.01,0.32,0,0.03,-0.06,-0.01,0,-0.01,0,-0.02,0,10,2670,319,501,0.9,0.9,0.9,0.9,553503,0.621,477394,0.535,2074,0.031,5793,0.008,557,0.004,-0.0368,-0.0047,-0.0014,28297,0.422,13201,0.197,525002,0.744,464130,0.658,146616,0.943,135706,0.873,0.04,0.11,0.17,2.5,0.13,0.19,0,0.06,0.52,0.11,Uncertain
"District of Columbia, DC",11001,Large central metro,"Washington-Arlington-Alexandria, DC-VA-MD-WV",Metropolitan,DC,3,705749,0.112,1,0.002,4,60786,0.086,0.002,212,30,4,0.6,0.56,1,0.001,136,19,2,0.3,49110,6959,1136,161,0,62,ModerateBurden,,Moderate,Moderate,0.008,21672,3071,1,0.99,-0.002,-0.26,0,0,0.01,29347,4158,1,0.99,54,2,553,19,0.76,0.02,0.78,0.04,0.28,0.01,0.13,-0.09,-0.01,0,0.02,-0.01,0.01,0,11,2921,345,719,1,0.91,1,1,392232,0.556,317500,0.45,1542,0.048,4389,0.008,393,0.004,0.0152,-0.0031,-0.0016,9792,0.304,3871,0.12,382374,0.662,313610,0.543,70955,0.812,61833,0.708,0.04,0.17,0.12,2.3,0.44,0.11,0,0.04,0.6,0.2,
"York County, PA",42133,Medium metro,"York-Hanover, PA",Metropolitan,PA,3,449058,1,0.035,0.001,0,3760,0.008,0.002,211,47,4,0.9,-0.2,-0.33,0.002,263,59,6,1.3,46573,10371,816,182,0,43,ModerateBurden,,Moderate,Substantial,0.034,4428,986,1,0.99,-0.014,-0.19,0,0,0.048,5500,1225,1,0.99,12,2,424,54,0.85,0.05,0.83,0.15,0.35,0.12,0,0.03,-0.01,-0.01,-0.05,-0.03,-0.07,-0.02,5,790,93,89,1,1,1,1,214163,0.477,180760,0.403,809,0.023,3638,0.01,596,0.007,-0.0281,-0.0059,-0.0026,7785,0.224,2747,0.079,206365,0.589,178009,0.508,72717,0.902,65135,0.808,0.06,0.1,0.18,2.5,0.06,0.08,0,0.01,0.33,0.22,Likely Decreasing
"Middlesex County, MA",25017,Large fringe metro,"Boston-Cambridge-Newton, MA-NH",Metropolitan,MA,1,1611699,0.331,0.234,0.005,6,90325,0.056,0.002,210,13,10,0.6,-0.17,0.67,0.002,252,16,6,0.4,135081,8381,3767,234,0,51,ModerateBurden,,Moderate,Moderate,0.004,54522,3383,1,1,-0.001,-0.34,0,0,0.005,82232,5102,1,1,39,1,64,2,0.8,0.01,0.67,0.06,0.16,0.02,-0.16,-0.02,-0.01,0,-0.04,0,-0.02,0,13,2705,201,443,1,1,1,1,1100584,0.683,944532,0.586,6099,0.056,13700,0.011,856,0.003,-0.0081,0.0003,0.0001,67788,0.624,35934,0.331,1029241,0.794,907724,0.7,226844,0.899,207875,0.824,0.03,0.08,0.16,2.6,0.05,0.08,0,0.13,0.23,0.3,Uncertain
"Marion County, OR",41047,Medium metro,"Salem, OR",Metropolitan,OR,10,347818,0.802,0.082,0.001,0,3365,0.01,0.002,208,60,2,0.6,-0.27,-0.67,0.002,286,82,6,1.7,23078,6635,320,92,0,28,ModerateBurdenResolving,,Substantial,Substantial,0.062,4061,1168,1,0.99,0.001,-0.21,0,0.01,0.061,5173,1487,1,0.99,15,2,28,4,0.75,0.03,0.46,0.04,0.15,0.03,0,-0.44,-0.02,0,0,-0.03,-0.08,-0.04,3,627,74,59,1,1,1,1,167916,0.483,139288,0.4,776,0.027,2871,0.011,262,0.005,-0.034,-0.009,-0.004,8246,0.289,3364,0.118,159314,0.605,135863,0.516,46891,0.833,43400,0.771,0.08,0.15,0.16,2.8,0.01,0.27,0.01,0.02,0.85,0.65,Likely Decreasing
"Lake County, FL",12069,Large fringe metro,"Orlando-Kissimmee-Sanford, FL",Metropolitan,FL,4,367118,0.141,0.017,0.001,0,385,0.001,0.002,208,57,5,1.4,0.03,-0.58,0.002,201,55,12,3.3,31168,8490,663,181,0,40,ModerateBurdenResolving,,Substantial,Substantial,0.038,4180,1139,,,-0.001,-0.14,,,0.039,4878,1329,,,21,3,20,3,0.81,0.04,0.72,0.1,0.22,0.04,-0.53,-0.65,-0.03,0,0.02,0.02,0.05,0.01,3,747,88,104,1,1,1,1,193428,0.527,160238,0.436,365,0.015,2152,0.007,349,0.004,-0.0082,-0.0026,-0.0016,4871,0.199,1996,0.082,188001,0.631,158194,0.531,95380,0.96,84391,0.849,0.12,0.12,0.27,2.6,0.1,0.17,0,0.02,0.6,0.66,Likely Decreasing
"Davis County, UT",49011,Medium metro,"Ogden-Clearfield, UT",Metropolitan,UT,8,355481,0.52,0.111,0.001,0,0,0,0.002,208,59,1,0.3,0.31,,0.001,159,45,0,0,38910,10946,173,49,0,46,ModerateBurden,,Substantial,Moderate,0.05,2768,779,0,0.99,0.006,-0.19,0,0,0.044,3402,957,0,0.99,10,3,0,0,0.46,0.02,0.85,0.08,0.28,0,0.67,-1,0.02,0,0.07,0.03,-0.08,0,4,333,27,89,1,1,1,1,167219,0.47,123378,0.347,1016,0.026,1833,0.008,84,0.002,0.0011,0.0012,0.0005,13683,0.354,6902,0.178,153517,0.633,116470,0.48,29510,0.805,20571,0.561,0.06,0.06,0.1,3.3,0.01,0.1,0,0.02,0.08,0.2,Likely Decreasing
"New Haven County, CT",9009,Medium metro,"New Haven-Milford, CT",Metropolitan,CT,1,854757,1,0.24,0.003,4,36632,0.043,0.002,203,24,5,0.6,0.04,-0.29,0.002,196,23,7,0.8,92079,10773,2124,248,0,53,ModerateBurden,,Moderate,Moderate,0.007,13599,1591,1,0.99,-0.002,-0.38,0,-0.01,0.009,21893,2561,1,1,34,1,10,0,0.81,0.01,0.57,0.02,0.32,0.01,-0.15,0.67,-0.02,0,0.04,-0.01,0,-0.01,10,2417,361,355,0.9,0.8,0.9,0.9,532917,0.623,461350,0.54,1671,0.027,6215,0.009,517,0.003,-0.0157,-0.0049,-0.0017,26381,0.423,13884,0.223,506284,0.741,447385,0.655,139299,0.913,129649,0.849,0.05,0.12,0.18,2.5,0.13,0.19,0,0.04,0.52,0.13,Uncertain
"Laramie County, WY",56021,Small metro,"Cheyenne, WY",Metropolitan,WY,8,99500,1,0.172,0,0,0,0,0.002,202,203,0,0,1.77,,0.001,73,73,0,0,9735,9784,114,115,3,0,SustainedHotspot,Continuing,High,Substantial,0.074,1022,1027,1,0.98,0.02,-0.07,0,0.12,0.054,1098,1104,1,0.86,9,3,5,2,0.62,0.06,0.37,0.15,0.08,0.05,-0.36,-0.28,-0.02,-0.01,0,0.02,-0.04,-0.02,2,278,35,63,1,0.5,1,1,40530,0.407,34197,0.344,208,0.027,700,0.009,69,0.004,0.0123,0.0029,0.0013,1229,0.161,516,0.068,39298,0.513,33681,0.44,13070,0.797,11956,0.729,0.08,0.1,0.16,2.4,0.02,0.15,0.01,0.01,0.27,0.04,Uncertain
"Santa Clara County, CA",6085,Large central metro,"San Jose-Sunnyvale-Santa Clara, CA",Metropolitan,CA,9,1927852,0.968,0.049,0.006,3,51162,0.027,0.002,201,10,13,0.7,0.14,-0.5,0.001,177,9,26,1.3,119711,6210,2155,112,0,45,ModerateBurden,,Moderate,Low,,40715,2112,,,,-0.41,,,0.003,69237,3591,,,38,1,265,8,0.75,0.01,0.77,0.04,0.18,0.01,0.09,0.11,0,0,0.04,-0.01,0.01,0,9,3120,344,1072,1,0.89,1,1,1354408,0.703,1156776,0.6,5999,0.042,15971,0.011,1123,0.004,-0.0216,-0.0033,-0.0008,85454,0.598,49561,0.347,1264511,0.836,1106068,0.732,247317,0.922,219217,0.817,0.05,0.08,0.14,3,0.02,0.25,0,0.38,0.36,0.15,Uncertain
"Caddo Parish, LA",22017,Medium metro,"Shreveport-Bossier City, LA",Metropolitan,LA,6,240204,0.609,0.052,0.001,0,549,0.002,0.002,200,83,5,2.1,0.53,0.25,0.001,131,55,4,1.7,26818,11165,755,314,0,14,EmergingHotspot,,Substantial,Substantial,0.058,3235,1347,0,0.99,0.023,-0.22,0,0,0.035,4122,1716,0,1,39,3,0,0,0.8,0.02,0.84,0.03,0.11,0,-0.13,-1,0,0,-0.04,0,-0.01,0,11,1424,185,512,0.91,0.82,1,0.91,81395,0.339,70326,0.293,200,0.011,1001,0.005,134,0.003,-0.001,-0.0004,-0.0004,1749,0.095,761,0.041,79638,0.433,69560,0.378,31157,0.732,28657,0.673,0.1,0.23,0.18,2.5,0.5,0.03,0,0.01,0.84,0.58,Likely Decreasing
"Whatcom County, WA",53073,Small metro,"Bellingham, WA",Metropolitan,WA,10,229247,1,0.03,0.001,1,17364,0.076,0.002,199,87,1,0.4,0.18,,0.001,168,73,0,0,9617,4195,99,43,0,20,EmergingHotspot,,Substantial,Substantial,0.04,4005,1747,,,0.004,-0.01,,,0.036,4035,1760,,,21,9,0,0,0.94,0.07,0.53,0.17,0.03,0,0.5,,-0.03,0.02,-0.02,0.03,-0.05,0,1,246,43,43,1,1,1,1,147598,0.644,125333,0.547,710,0.049,7099,0.038,726,0.018,-0.0023,0.022,0.0107,6705,0.459,2710,0.185,140883,0.76,122622,0.662,38627,0.937,35961,0.873,0.06,0.15,0.18,2.5,0.01,0.1,0.03,0.05,0.45,0.29,Uncertain
"Orleans Parish, LA",22071,Large central metro,"New Orleans-Metairie, LA",Metropolitan,LA,6,390144,0.307,0.084,0.001,2,28841,0.074,0.002,199,51,2,0.5,0.73,,0.001,115,29,0,0,30757,7883,795,204,0,13,ModerateBurden,,Substantial,Moderate,0.023,5993,1536,0,0.99,0.003,-0.06,0,0,0.021,6405,1642,0,0.99,18,1,2,0,0.62,0.01,0.51,0.02,0.17,0.01,-0.22,-0.34,0.02,0,0.01,0,-0.02,0,9,1342,235,448,1,0.89,1,1,196470,0.504,172735,0.443,846,0.034,2441,0.008,171,0.003,0.0025,-0.0008,-0.0014,5608,0.227,2405,0.097,190833,0.61,170320,0.544,46634,0.768,44363,0.731,0.11,0.25,0.16,2.4,0.59,0.06,0,0.03,0.74,0.51,Uncertain
"Honolulu County, HI",15003,Medium metro,"Urban Honolulu, HI",Metropolitan,HI,9,974563,1,0.688,0.003,1,20750,0.021,0.002,196,20,4,0.4,-0.04,0,0.002,204,21,4,0.4,27323,2804,392,40,0,18,ModerateBurden,,Moderate,Moderate,0.01,15638,1605,1,0.98,-0.005,-0.02,0,-0.01,0.015,15962,1638,1,0.99,17,1,68,4,0.71,0.02,0.54,0.05,0.17,0.02,-0.47,-0.06,-0.01,-0.01,0.02,0,-0.01,0,11,1772,165,448,1,1,1,1,,,,,,,,,,,,,,,,,,,,,,,,,,0.04,0.09,0.18,3,0.03,0.1,0,0.42,0.47,0.41,Likely Decreasing
"Lake County, IN",18089,Large fringe metro,"Chicago-Naperville-Elgin, IL-IN-WI",Metropolitan,IN,5,485493,0.051,0.072,0.001,1,6158,0.013,0.002,196,40,4,0.8,-0.27,-0.33,0.002,269,55,6,1.2,55161,11362,1002,206,0,31,ModerateBurdenResolving,,Moderate,Substantial,0.037,6004,1237,1,0.9,-0.015,-0.24,0,-0.07,0.052,7910,1629,1,0.97,53,3,217,10,0.62,0.03,0.63,0.04,0.14,0.01,0.04,0.33,0,-0.01,0,-0.03,0.01,0,12,2104,176,418,1,1,1,1,211688,0.436,177462,0.366,893,0.022,2686,0.007,285,0.003,-0.0017,-0.0051,-0.0029,7812,0.194,3247,0.08,203860,0.547,174208,0.467,66872,0.814,61786,0.752,0.09,0.16,0.17,2.6,0.23,0.2,0,0.02,0.73,0.51,Likely Decreasing
"Fairfield County, CT",9001,Medium metro,"Bridgeport-Stamford-Norwalk, CT",Metropolitan,CT,1,943332,1,0.265,0.003,1,20072,0.021,0.002,193,20,4,0.4,0.51,0,0.001,128,14,4,0.4,100188,10621,2200,233,0,50,ModerateBurden,,Moderate,Moderate,0.006,13482,1429,1,0.98,-0.002,-0.25,0,-0.01,0.008,18010,1909,1,1,22,1,23,1,0.7,0.01,0.43,0.03,0.13,0.01,0.1,0.15,-0.03,0,0,-0.01,-0.02,0,6,1776,206,306,1,1,1,1,624324,0.662,526270,0.558,3002,0.038,7912,0.011,672,0.004,-0.0057,-0.0041,-0.0007,41668,0.533,21237,0.272,582255,0.794,504884,0.688,141700,0.92,129897,0.844,0.09,0.09,0.16,2.7,0.11,0.21,0,0.06,0.45,0.15,Uncertain
"Forsyth County, NC",37067,Medium metro,"Winston-Salem, NC",Metropolitan,NC,4,382295,0.566,0.036,0.001,1,14492,0.038,0.002,188,49,19,5,-0.1,5.33,0.002,209,55,3,0.8,36671,9592,401,105,0,35,ModerateBurden,,Moderate,Substantial,0.021,2793,731,1,0.98,-0.012,-0.3,0,0,0.033,3984,1042,1,0.98,39,2,21,1,0.76,0.02,0.86,0.07,0.29,0.03,0.06,0.5,0,0,-0.03,0.01,-0.01,0,3,1906,198,407,1,1,1,1,171720,0.449,146314,0.383,343,0.011,1095,0.004,115,0.002,-0.0177,-0.0031,-0.0014,7167,0.237,3575,0.118,164253,0.556,142667,0.483,50339,0.803,45029,0.718,0.11,0.18,0.16,2.5,0.26,0.13,0,0.02,0.68,0.39,Uncertain
"Davidson County, TN",47037,Large central metro,"Nashville-Davidson--Murfreesboro--Franklin, TN",Metropolitan,TN,4,694144,0.359,0.102,0.002,3,34330,0.049,0.002,188,27,3,0.4,1.32,0.5,0.001,81,12,2,0.3,90281,13006,952,137,0,41,ModerateBurden,,Moderate,Moderate,0.022,4743,683,1,0.99,0.001,-0.41,0,0.01,0.021,8001,1153,1,0.99,32,1,25,1,0.7,0.02,0.65,0.07,0.26,0.03,-0.14,-0.26,0,0,0,-0.01,-0.01,0,12,3910,622,816,0.92,0.83,1,0.92,333347,0.48,274701,0.396,754,0.018,3436,0.006,330,0.004,-0.0128,-0.0033,-0.0012,9965,0.233,4253,0.1,323358,0.587,270440,0.491,71403,0.821,63362,0.728,0.13,0.16,0.13,2.4,0.27,0.1,0,0.04,0.54,0.31,Uncertain
"Madison County, IN",18095,Large fringe metro,"Indianapolis-Carmel-Anderson, IN",Metropolitan,IN,5,129569,0.062,0.019,0,0,1367,0.011,0.002,188,145,2,1.5,1.69,1,0.001,70,54,1,0.8,13089,10102,343,265,3,0,Hotspot,Recent,High,Substantial,0.063,3233,2495,1,0.98,0.005,2.49,-15,0.66,0.058,927,715,16,0.32,16,5,9,3,0.49,0.03,0.57,0.08,0.03,0.01,0.65,-0.42,-0.04,0.01,-0.13,0.05,-0.03,0.01,3,316,29,82,1,1,1,1,51643,0.399,45552,0.352,141,0.014,577,0.006,75,0.003,-0.0003,-0.0034,-0.0033,1268,0.129,642,0.065,50375,0.494,44910,0.441,19286,0.797,18389,0.76,0.09,0.17,0.19,2.4,0.08,0.04,0,0.01,0.67,0.35,Uncertain
"Montgomery County, AL",1101,Medium metro,"Montgomery, AL",Metropolitan,AL,4,226486,0.607,0.046,0.001,0,10775,0.048,0.002,186,82,7,3.1,5,0.75,0,31,14,4,1.8,25057,11063,607,268,0,11,EmergingHotspot,,Substantial,Moderate,0.046,1762,778,1,0.98,-0.011,-0.24,0,-0.01,0.057,2320,1024,1,0.99,5,1,131,14,0.75,0.02,0.9,0.12,0.45,0.11,-0.72,-0.06,-0.02,0,0,-0.01,-0.02,-0.03,5,953,111,168,1,0.8,1,1,87733,0.387,68048,0.3,35,0.002,437,0.003,41,0.001,0.0002,-0.0012,-0.0011,1395,0.082,626,0.037,86329,0.497,67420,0.388,27578,0.782,22030,0.624,0.11,0.21,0.16,2.4,0.59,0.04,0,0.03,0.84,0.76,Uncertain
"Sedgwick County, KS",20173,Medium metro,"Wichita, KS",Metropolitan,KS,7,516042,0.806,0.177,0.002,1,12209,0.024,0.002,185,36,8,1.6,0.28,0,0.001,145,28,8,1.6,57457,11134,775,150,0,26,ModerateBurden,,Moderate,Moderate,0.043,2101,407,0,0.99,-0.005,-0.56,0,0,0.048,4787,928,0,1,19,1,115,5,0.59,0.01,0.87,0.04,0.13,0.02,-0.39,-0.18,-0.01,0,-0.04,0,0,0,10,2108,268,264,1,0.9,1,1,213867,0.414,165311,0.32,1176,0.027,2663,0.007,279,0.004,0.0048,0,-0.0001,7756,0.177,2990,0.068,206098,0.536,162318,0.422,61911,0.804,50428,0.655,0.11,0.14,0.15,2.6,0.09,0.15,0.01,0.04,0.54,0.14,Uncertain
"Pulaski County, AR",5119,Medium metro,"Little Rock-North Little Rock-Conway, AR",Metropolitan,AR,6,391911,0.528,0.13,0.001,1,8702,0.022,0.002,183,47,5,1.3,0.05,1.5,0.001,174,44,2,0.5,40002,10207,668,170,0,7,ModerateBurden,,Moderate,Moderate,0.051,1480,378,0,0.99,-0.007,1.95,0,0,0.058,501,128,0,0.99,55,2,199,8,0.76,0.03,0.73,0.09,0.37,0.04,-0.2,0,-0.02,0,-0.03,0,-0.01,0.01,11,2378,359,546,1,0.82,1,1,170596,0.435,143331,0.366,632,0.021,1778,0.006,152,0.002,-0.0054,-0.0043,-0.0016,7246,0.246,3582,0.122,163014,0.541,139691,0.463,48237,0.765,43594,0.692,0.09,0.17,0.16,2.5,0.38,0.06,0,0.02,0.63,0.52,Uncertain
"Erie County, NY",36029,Large central metro,"Buffalo-Cheektowaga, NY",Metropolitan,NY,2,918702,0.814,0.047,0.003,2,43715,0.048,0.002,183,20,7,0.8,-0.37,0,0.002,291,32,7,0.8,89472,9739,1800,196,0,45,ModerateBurden,,Moderate,Moderate,0.013,15921,1733,1,0.96,-0.005,-0.2,0,-0.01,0.019,19816,2157,1,0.97,42,2,6,0,0.75,0.03,0.59,0.05,0.27,0.02,-0.09,-0.14,-0.01,-0.01,-0.02,-0.01,0,-0.01,8,2419,395,396,1,0.88,1,1,516180,0.562,447852,0.487,2482,0.039,6474,0.009,668,0.004,-0.0079,-0.007,-0.0021,23105,0.362,10044,0.157,493039,0.672,437801,0.597,143132,0.847,132669,0.785,0.04,0.15,0.18,2.3,0.13,0.06,0.01,0.04,0.41,0.52,Likely Decreasing
"Cobb County, GA",13067,Large fringe metro,"Atlanta-Sandy Springs-Alpharetta, GA",Metropolitan,GA,4,760141,0.126,0.072,0.002,1,27502,0.036,0.002,182,24,8,1.1,-0.36,-0.2,0.002,285,37,10,1.3,79704,10485,1088,143,0,138,ModerateBurden,,Moderate,Moderate,0.021,5787,761,0,0.94,-0.002,-0.24,0,0.01,0.022,7607,1001,0,0.93,61,6,98,9,0.88,0.04,0.97,0.07,0.47,0.07,0.03,-0.3,0,-0.01,0.02,0.02,-0.1,-0.06,3,1095,122,120,1,1,1,1,250279,0.329,210930,0.277,3817,0.061,6810,0.012,474,0.005,0.0296,0.0007,-0.0005,13392,0.213,6060,0.097,236822,0.406,204862,0.351,64145,0.664,56697,0.587,0.13,0.1,0.13,2.6,0.28,0.13,0,0.05,0.27,0.28,Likely Decreasing
"Essex County, NJ",34013,Large central metro,"New York-Newark-Jersey City, NY-NJ-PA",Metropolitan,NJ,2,798975,0.042,0.09,0.002,3,28986,0.036,0.002,182,23,7,0.9,-0.12,-0.65,0.002,208,26,20,2.5,94172,11787,2998,375,0,0,ModerateBurden,,Moderate,Moderate,0.011,16643,2083,0,1,-0.009,-0.23,0,0,0.02,21629,2707,0,1,30,1,148,6,0.7,0.02,0.46,0.02,0.29,0.02,-0.23,-0.1,-0.01,-0.01,0.01,-0.01,0.02,-0.01,9,2543,475,444,1,0.89,1,1,434768,0.544,342966,0.429,2269,0.036,9043,0.015,835,0.008,-0.0117,-0.0023,-0.0006,20548,0.33,8793,0.141,414179,0.679,334166,0.548,92255,0.83,77133,0.694,0.12,0.16,0.14,2.7,0.39,0.24,0,0.06,0.84,0.52,Uncertain
"Placer County, CA",6061,Large fringe metro,"Sacramento-Roseville-Folsom, CA",Metropolitan,CA,9,398329,0.169,0.01,0.001,0,1380,0.003,0.002,180,45,0,0,0.84,-1,0.001,98,25,2,0.5,23196,5823,297,75,0,26,ModerateBurden,,Moderate,Moderate,,3299,828,,,,-0.49,,,0.02,6421,1612,,,32,4,46,6,0.88,0.04,0.74,0.07,0.18,0.04,-0.19,0.28,-0.02,0,-0.01,0.02,0.01,0.01,3,794,81,136,1,1,1,1,208790,0.524,178744,0.449,921,0.029,2223,0.007,246,0.003,-0.0093,-0.0028,-0.001,10388,0.323,5280,0.164,197990,0.638,173380,0.559,68435,0.862,60772,0.765,0.05,0.08,0.2,2.7,0.02,0.14,0.01,0.08,0.15,0.07,Uncertain
"Oklahoma County, OK",40109,Large central metro,"Oklahoma City, OK",Metropolitan,OK,6,797434,0.566,0.202,0.002,1,20174,0.025,0.002,180,23,4,0.5,-0.19,-0.95,0.002,221,28,76,9.5,87426,10963,1301,163,0,43,ModerateBurden,,Moderate,Moderate,0.017,4225,530,1,0.99,-0.017,-0.22,1,0,0.035,5425,680,0,1,13,0,307,10,0.76,0.02,0.7,0.02,0.55,0.01,-0.59,-0.12,-0.05,0,-0.09,-0.02,-0.02,-0.01,25,3014,361,636,0.96,0.92,0.96,0.96,381066,0.478,307324,0.385,1294,0.02,3264,0.005,299,0.003,-0.0041,-0.0027,-0.0008,12914,0.2,5676,0.088,368121,0.619,301641,0.507,98869,0.884,84756,0.758,0.14,0.17,0.14,2.6,0.15,0.18,0.03,0.04,0.68,0.3,Uncertain
"Livingston Parish, LA",22063,Medium metro,"Baton Rouge, LA",Metropolitan,LA,6,140789,0.165,0.03,0,0,0,0,0.002,179,127,1,0.7,0.56,-0.5,0.001,115,82,2,1.4,13906,9877,209,148,0,0,EmergingHotspot,,High,Substantial,0.125,717,509,0,0.99,0.074,-0.33,0,-0.01,0.051,1076,764,0,1,0,0,0,0,0.26,0,,,0.43,0,,,-0.04,0,,,0,0,1,62,0,7,1,1,1,1,35586,0.253,31327,0.223,87,0.007,491,0.005,49,0.003,0.0008,-0.0002,-0.0017,602,0.048,286,0.023,34980,0.333,31039,0.296,12661,0.675,11880,0.633,0.1,0.12,0.13,2.8,0.07,0.04,0,0.01,0.43,0.67,Likely Decreasing
"Larimer County, CO",8069,Medium metro,"Fort Collins, CO",Metropolitan,CO,8,356899,1,0.062,0.001,1,25601,0.072,0.002,177,50,2,0.6,-0.13,0,0.002,203,57,2,0.6,27155,7609,244,68,0,42,ModerateBurden,,Substantial,Substantial,0.018,4661,1306,1,0.98,-0.01,-0.18,0,0,0.028,5660,1586,1,0.99,17,3,21,3,0.65,0.04,0.61,0.11,0.16,0.04,-0.49,-0.92,-0.05,0,0.02,0.01,0.02,0,6,606,71,142,1,1,1,1,142145,0.398,138469,0.388,653,0.027,2355,0.008,309,0.005,-0.0064,-0.0007,0.0016,9177,0.375,5123,0.209,132428,0.46,133192,0.463,17378,0.301,26356,0.456,0.06,0.12,0.16,2.5,0.01,0.12,0,0.02,0.12,0.01,Likely Decreasing
"Suffolk County, MA",25025,Large central metro,"Boston-Cambridge-Newton, MA-NH",Metropolitan,MA,1,803907,0.165,0.117,0.002,6,95843,0.119,0.001,174,22,4,0.5,-0.07,0,0.002,187,23,4,0.5,92917,11558,1842,229,0,52,ModerateBurden,,Moderate,Moderate,0.006,34580,4301,1,1,0,-0.32,0,0,0.005,50706,6307,1,1,26,0,20,0,0.85,0,0.78,0.04,0.3,0.01,-0.51,-0.39,0,0,-0.04,-0.02,-0.04,-0.01,17,5915,517,1153,1,0.94,1,1,495063,0.616,419119,0.521,1739,0.042,7575,0.011,479,0.005,-0.0163,-0.0023,-0.0007,16995,0.413,8098,0.197,477266,0.71,410858,0.611,81037,0.817,73048,0.736,0.04,0.19,0.12,2.4,0.2,0.23,0,0.09,0.74,0.31,Uncertain
"Sarasota County, FL",12115,Medium metro,"North Port-Sarasota-Bradenton, FL",Metropolitan,FL,4,433742,0.518,0.02,0.001,0,2356,0.005,0.001,173,40,2,0.5,0.2,-0.75,0.001,144,33,8,1.8,33800,7793,844,195,0,42,ModerateBurden,,Moderate,Moderate,0.041,4319,996,,,-0.002,-0.13,,,0.043,4942,1139,,,19,2,4,0,0.8,0.03,0.53,0.06,0.15,0.01,-0.58,-0.43,0,-0.01,-0.08,-0.01,-0.02,-0.02,5,1223,118,213,1,1,1,1,269908,0.622,216686,0.5,472,0.021,2291,0.006,412,0.003,0,-0.0019,-0.001,4705,0.209,1949,0.087,265027,0.711,214715,0.576,153625,0.949,127445,0.787,0.11,0.1,0.37,2.2,0.04,0.1,0,0.02,0.25,0.15,Uncertain
"Washington County, OR",41067,Large fringe metro,"Portland-Vancouver-Hillsboro, OR-WA",Metropolitan,OR,10,601592,0.241,0.143,0.002,0,3854,0.006,0.001,171,28,2,0.3,-0.17,-0.5,0.002,205,34,4,0.7,26491,4403,240,40,0,27,ModerateBurden,,Moderate,Moderate,0.03,6825,1134,1,0.99,-0.004,-0.26,0,0,0.034,9233,1535,1,0.99,31,4,21,2,0.75,0.04,0.78,0.11,0.13,0.05,0.01,-0.22,-0.02,0,0.02,0.05,0.04,0.03,4,855,102,141,1,1,1,1,365253,0.607,305797,0.508,1878,0.04,5778,0.012,366,0.004,-0.0338,-0.0092,-0.0045,23462,0.503,9619,0.206,340576,0.73,296051,0.635,70979,0.851,66639,0.799,0.07,0.1,0.14,2.7,0.02,0.17,0,0.11,0.32,0.46,Likely Decreasing
"Madison County, AL",1089,Medium metro,"Huntsville, AL",Metropolitan,AL,4,372909,0.79,0.076,0.001,2,14119,0.038,0.001,170,46,6,1.6,2.78,2,0,45,12,2,0.5,35514,9524,519,139,0,15,ModerateBurden,,Moderate,Moderate,0.035,2966,795,0,0.97,-0.006,-0.24,-1,-0.02,0.041,3903,1047,1,0.99,18,1,103,8,0.8,0.01,0.82,0.03,0.31,0.01,-0.22,-0.21,-0.01,0,0.17,-0.01,-0.03,-0.01,2,1333,124,135,1,1,1,1,165835,0.445,137843,0.37,40,0.001,1406,0.005,129,0.002,0.0005,0.0006,0.0004,2614,0.094,1254,0.045,163215,0.559,136588,0.467,48691,0.852,44195,0.774,0.09,0.13,0.15,2.4,0.24,0.05,0.01,0.03,0.31,0.28,Uncertain
"Canyon County, ID",16027,Medium metro,"Boise City, ID",Metropolitan,ID,10,229849,0.307,0.129,0.001,0,2601,0.011,0.001,168,73,5,2.2,0.68,,0.001,100,44,0,0,27303,11879,304,132,0,26,ModerateBurden,,Substantial,Moderate,0.05,2227,969,0,0.99,-0.002,-0.16,0,0,0.052,2656,1156,0,0.99,3,2,0,0,0.55,0.02,0.74,0.04,0.11,0,-0.4,-1,0.01,-0.01,0.08,-0.01,0.02,-0.01,2,195,25,68,1,1,1,1,69541,0.303,60003,0.261,4,0,974,0.006,104,0.003,0.0002,-0.0028,-0.0016,14,0.001,3,0,69527,0.42,60000,0.362,23788,0.738,21980,0.682,0.15,0.15,0.14,3,0.01,0.26,0.01,0.01,0.74,0.26,Likely Decreasing
"Galveston County, TX",48167,Large fringe metro,"Houston-The Woodlands-Sugar Land, TX",Metropolitan,TX,6,342139,0.048,0.012,0.001,0,2376,0.007,0.001,167,49,6,1.8,-0.27,2,0.002,228,67,2,0.6,40551,11852,430,126,0,31,ModerateBurden,,Moderate,Substantial,0.038,4157,1215,1,1,-0.013,-0.18,1,0.04,0.051,5046,1475,0,0.95,26,4,3,0,0.92,0.03,0.92,0.04,0.18,0.02,-0.04,1.87,-0.01,-0.01,-0.02,-0.01,0,0,2,610,106,191,1,1,1,1,,,,,,,,,,,,,,,,,,,,,,,,,,0.14,0.13,0.15,2.7,0.13,0.25,0,0.03,0.58,0.59,Likely Decreasing
"Montgomery County, PA",42091,Large fringe metro,"Philadelphia-Camden-Wilmington, PA-NJ-DE-MD",Metropolitan,PA,3,830915,0.136,0.065,0.003,0,13312,0.016,0.001,165,20,6,0.7,-0.04,0,0.001,172,21,6,0.7,70219,8451,1722,207,0,44,ModerateBurden,,Moderate,Moderate,0.015,9190,1106,1,0.98,-0.005,-0.24,0,0.01,0.021,12128,1460,1,0.97,29,2,189,11,0.84,0.03,0.72,0.05,0.21,0.02,-0.33,0.05,0.03,-0.02,-0.03,-0.03,-0.03,-0.02,10,1647,198,323,1,1,1,1,622760,0.749,388598,0.468,2912,0.046,8910,0.014,1200,,-0.0407,-0.0032,0,36499,0.578,13746,0.218,586117,0.898,374808,0.574,176107,0.999,101819,0.674,0.04,0.06,0.18,2.6,0.09,0.05,0,0.08,0.17,0.18,Likely Decreasing
"Terrebonne Parish, LA",22109,Small metro,"Houma-Thibodaux, LA",Metropolitan,LA,6,110461,0.531,0.024,0,0,0,0,0.001,165,149,1,0.9,0.96,0,0.001,84,76,1,0.9,10714,9699,225,204,1,0,Hotspot,New,High,Substantial,0.062,1011,915,0,0.99,0.004,0.04,0,0,0.058,969,877,0,0.99,13,5,2,1,0.67,0.03,0.55,0.04,0.05,0,-0.23,1.02,-0.02,-0.01,0.02,-0.01,0,0,4,280,41,105,1,1,1,1,32676,0.296,28642,0.259,77,0.008,533,0.006,56,0.003,0.0009,0.0006,0.0001,441,0.047,192,0.021,32235,0.39,28450,0.344,12262,0.743,11538,0.699,0.12,0.22,0.15,2.8,0.19,0.05,0.06,0.01,0.9,0.67,Uncertain
"Ventura County, CA",6111,Medium metro,"Oxnard-Thousand Oaks-Ventura, CA",Metropolitan,CA,9,846006,1,0.021,0.003,1,10629,0.013,0.001,163,19,4,0.5,0.87,,0.001,87,10,0,0,81507,9634,1025,121,0,137,ModerateBurden,,Moderate,Moderate,,12502,1478,,,,-0.45,,,0.007,22699,2683,,,13,1,125,12,0.72,0.02,0.65,0.02,0.08,0.01,-0.06,0.18,0,0,-0.05,0,-0.01,0,8,1034,115,265,1,1,1,1,485949,0.574,404903,0.479,2325,0.034,5581,0.009,417,0.003,-0.01,-0.0114,-0.0256,25027,0.369,12753,0.188,459917,0.702,391972,0.598,121902,0.892,105907,0.775,0.09,0.1,0.16,3.1,0.02,0.43,0,0.07,0.48,0.32,Uncertain
"Thurston County, WA",53067,Medium metro,"Olympia-Lacey-Tumwater, WA",Metropolitan,WA,10,290536,1,0.038,0.001,0,4211,0.014,0.001,163,56,3,1,-0.58,2,0.003,387,133,1,0.3,10516,3620,109,38,2,3,ModerateBurdenResolving,Recent,Substantial,High,0.025,4481,1542,,,-0.008,-0.13,,,0.033,5160,1776,,,14,3,2,0,0.94,0.04,0.88,0.07,0.42,0.07,-0.09,-0.35,0,-0.01,0,-0.02,0.15,0.03,2,412,76,57,1,1,1,1,150437,0.518,128515,0.442,651,0.032,2850,0.012,272,0.005,-0.0143,-0.0009,-0.0003,7854,0.383,3275,0.16,142575,0.623,125239,0.547,43589,0.84,41140,0.793,0.06,0.11,0.18,2.5,0.03,0.09,0.01,0.06,0.33,0.34,Uncertain
"Middlesex County, NJ",34023,Large fringe metro,"New York-Newark-Jersey City, NY-NJ-PA",Metropolitan,NJ,2,825062,0.043,0.093,0.003,1,42810,0.052,0.001,162,20,5,0.6,-0.21,-0.38,0.002,204,25,8,1,92300,11187,2362,286,0,56,ModerateBurden,,Moderate,Moderate,0.015,15843,1920,0,1,-0.003,-0.22,0,0,0.018,20315,2462,0,1,24,2,7,0,0.59,0.02,0.39,0.01,0.33,0.01,-0.31,-0.36,-0.01,0,0,-0.01,-0.02,0,5,1558,184,287,1,1,1,1,501707,0.608,389728,0.472,2707,0.044,8799,0.014,820,0.006,-0.0331,-0.0044,-0.0027,23186,0.373,8791,0.142,478488,0.74,380930,0.589,111158,0.87,93511,0.732,0.08,0.08,0.15,2.8,0.1,0.22,0,0.25,0.47,0.38,Uncertain
"Hamilton County, OH",39061,Large central metro,"Cincinnati, OH-KY-IN",Metropolitan,OH,5,817473,0.368,0.07,0.002,2,36411,0.045,0.001,162,20,0,0,-0.14,-1,0.002,189,23,1,0.1,81092,9920,1239,152,0,46,ModerateBurden,,Moderate,Moderate,0.016,8185,1001,1,0.98,-0.006,-0.22,0,0,0.022,10432,1276,1,0.98,26,1,71,2,0.73,0.02,0.73,0.04,0.3,0.02,-0.03,-0.31,-0.03,0,-0.04,0,-0.01,0,12,2943,382,1081,1,0.92,1,1,397026,0.486,361089,0.442,1610,0.026,4413,0.007,458,0.004,-0.0112,-0.0034,-0.0017,16925,0.277,8626,0.141,380091,0.603,352459,0.559,109337,0.85,103964,0.808,0.06,0.16,0.16,2.3,0.26,0.04,0,0.03,0.54,0.3,Uncertain
"Johnson County, KS",20091,Large fringe metro,"Kansas City, MO-KS",Metropolitan,KS,7,602401,0.279,0.207,0.002,0,1212,0.002,0.001,161,27,1,0.2,0.58,,0.001,102,17,0,0,59305,9845,764,127,0,13,ModerateBurden,,Moderate,Moderate,0.022,3359,558,0,0.98,0.004,-0.52,0,-0.02,0.017,7058,1172,0,0.99,13,1,4,0,0.65,0.01,0.72,0.05,0.14,0.02,-0.07,1.01,0.02,0,0.02,-0.01,-0.02,-0.01,10,1320,106,188,1,1,1,1,356404,0.592,293515,0.487,2042,0.04,2649,0.006,392,,-0.0136,-0.0021,0,17627,0.346,7955,0.156,338755,0.74,285556,0.624,98049,0.999,80654,0.891,0.06,0.06,0.15,2.6,0.05,0.08,0,0.05,0.06,0.12,Uncertain
"New Castle County, DE",10003,Large fringe metro,"Philadelphia-Camden-Wilmington, PA-NJ-DE-MD",Metropolitan,DE,3,558753,0.092,0.574,0.002,1,22378,0.04,0.001,161,29,11,2,-0.42,10,0.002,276,49,1,0.2,64716,11582,835,149,0,43,ModerateBurden,,Moderate,Moderate,0.018,11129,1992,1,0.97,-0.004,-0.31,0,-0.01,0.022,16073,2877,1,0.98,17,1,3,0,0.73,0.02,0.75,0.02,0.31,0,-0.54,,0.04,-0.01,0.26,0.01,0.04,0,6,1926,116,329,0.83,0.67,0.83,0.83,314731,0.563,248221,0.444,1277,0.031,4337,0.01,397,0.004,-0.0542,-0.0071,-0.0029,16078,0.39,6706,0.163,298549,0.68,241497,0.55,81222,0.903,70633,0.785,0.05,0.11,0.16,2.6,0.25,0.1,0,0.06,0.38,0.2,Uncertain
"Pitt County, NC",37147,Small metro,"Greenville, NC",Metropolitan,NC,4,180742,1,0.017,0.001,1,22087,0.122,0.001,161,89,0,0,0.63,-1,0.001,99,55,3,1.7,20325,11245,96,53,0,22,ModerateBurden,,Substantial,Substantial,0.061,2438,1349,0,0.99,-0.006,-0.13,-1,0.01,0.068,2812,1556,1,0.98,19,2,0,0,0.92,0,0.8,0.08,0.49,0.05,-0.1,,-0.01,0,-0.04,0.01,0.02,0,1,888,120,181,1,1,1,1,71624,0.396,61758,0.342,133,0.01,485,0.003,36,0.001,-0.0098,-0.0016,-0.0011,2101,0.161,1123,0.086,69458,0.488,60625,0.426,19694,0.786,18122,0.724,0.11,0.24,0.14,2.5,0.35,0.06,0,0.02,0.82,0.57,Likely Decreasing
"Brazoria County, TX",48039,Large fringe metro,"Houston-The Woodlands-Sugar Land, TX",Metropolitan,TX,6,374264,0.053,0.013,0.001,0,0,0,0.001,161,43,4,1.1,0.49,-0.33,0.001,108,29,6,1.6,38231,10215,522,139,0,88,ModerateBurden,,Moderate,Moderate,0.046,3631,970,1,0.99,0.013,-0.15,0,0,0.033,4280,1144,1,0.99,5,4,6,5,0.81,0.04,0.89,0.18,0.07,0.03,-0.28,5.01,-0.01,-0.01,0.04,-0.11,-0.02,0,3,122,22,77,1,1,1,1,,,,,,,,,,,,,,,,,,,,,,,,,,0.13,0.09,0.12,2.9,0.14,0.32,0,0.07,0.51,0.53,Uncertain
"Milwaukee County, WI",55079,Large central metro,"Milwaukee-Waukesha, WI",Metropolitan,WI,5,945726,0.6,0.162,0.003,2,39020,0.041,0.001,160,17,14,1.5,-0.47,0.4,0.003,302,32,10,1.1,117411,12415,1399,148,0,43,ModerateBurden,,Moderate,Moderate,0.015,12392,1310,1,0.99,-0.007,-0.26,0,-0.01,0.022,16714,1767,1,1,54,2,32,1,0.68,0.02,0.53,0.05,0.23,0.02,-0.08,-0.11,-0.02,0,-0.02,0.01,0,0,11,3257,553,762,1,0.91,1,1,466023,0.493,398053,0.421,1774,0.024,5844,0.008,464,0.004,-0.0183,-0.003,-0.0011,20077,0.275,9036,0.124,445874,0.619,389006,0.54,111214,0.841,103848,0.785,0.08,0.2,0.14,2.4,0.26,0.16,0.01,0.05,0.81,0.33,Uncertain
"Lane County, OR",41039,Medium metro,"Eugene-Springfield, OR",Metropolitan,OR,10,382067,1,0.091,0.001,1,21322,0.056,0.001,160,42,3,0.8,0.1,0.5,0.001,145,38,2,0.5,13675,3579,155,41,0,29,ModerateBurden,,Moderate,Moderate,0.022,7558,1978,1,0.99,0.001,-0.19,0,0,0.021,9310,2437,1,0.99,11,2,0,0,0.94,0.04,0.54,0.01,0.24,0.08,0,,0.04,0,0.02,0.01,0,-0.02,5,596,104,71,1,1,1,1,217261,0.569,185309,0.485,480,0.02,2994,0.01,368,0.005,-0.0366,-0.0055,-0.0026,9770,0.407,4535,0.189,207006,0.662,180700,0.578,66850,0.878,61984,0.814,0.08,0.19,0.2,2.4,0.01,0.09,0.01,0.03,0.65,0.49,Uncertain
"Scott County, KY",21209,Medium metro,"Lexington-Fayette, KY",Metropolitan,KY,4,57004,0.11,0.013,0,0,912,0.016,0.001,158,277,2,3.5,3.94,1,0,32,56,1,1.8,5237,9187,36,63,3,0,Hotspot,Continuing,High,Substantial,0.004,3004,5270,0,0.98,0,-0.26,0,0,0.004,4040,7087,0,0.99,0,0,0,0,0.29,0.01,0.41,0,0.18,0,-1,,-0.03,0.01,0.01,0,0.14,0,1,56,16,7,1,1,1,1,28611,0.502,24160,0.424,133,0.027,334,0.008,29,0.004,-0.0125,-0.0023,-0.0006,1560,0.314,557,0.112,27051,0.633,23603,0.553,6444,0.914,6099,0.865,0.06,0.12,0.12,2.6,0.05,0.04,0,0.01,0.33,0.42,Uncertain
"Essex County, MA",25009,Large fringe metro,"Boston-Cambridge-Newton, MA-NH",Metropolitan,MA,1,789034,0.162,0.114,0.002,1,16097,0.02,0.001,158,20,5,0.6,-0.29,-0.44,0.002,222,28,9,1.1,97729,12386,2394,303,0,49,ModerateBurden,,Moderate,Moderate,0.011,17587,2229,0,0.99,-0.004,-0.29,-1,-0.01,0.015,24880,3153,1,1,12,1,18,2,0.79,0.01,0.71,0.07,0.1,0.01,-0.24,-0.27,-0.01,0,-0.08,0,-0.03,0,6,1185,62,132,1,1,1,1,481916,0.611,411540,0.522,2746,0.047,7254,0.012,506,0.004,-0.0129,0.0016,0.0001,28907,0.493,13779,0.235,451728,0.726,397521,0.639,122702,0.886,112066,0.809,0.03,0.11,0.18,2.6,0.03,0.22,0,0.04,0.51,0.49,Uncertain
"Passaic County, NJ",34031,Large fringe metro,"New York-Newark-Jersey City, NY-NJ-PA",Metropolitan,NJ,2,501826,0.026,0.056,0.002,2,24145,0.048,0.001,158,31,6,1.2,0.03,-0.14,0.001,154,31,7,1.4,72985,14544,1926,384,0,44,ModerateBurden,,Moderate,Moderate,0.021,7885,1571,0,1,-0.005,-0.27,0,0,0.026,10828,2158,0,1,27,3,375,38,0.6,0.06,0.36,0.07,0.37,0.08,-0.29,0.06,-0.01,-0.01,-0.01,0.01,-0.03,-0.01,2,979,171,98,1,1,1,1,267531,0.533,212252,0.423,1363,0.035,6417,0.017,557,0.007,-0.0154,-0.0034,-0.002,9823,0.249,3545,0.09,257660,0.673,208701,0.545,62069,0.826,53819,0.716,0.12,0.17,0.15,3,0.1,0.43,0,0.05,0.78,0.4,Uncertain
"Richmond County, NY",36085,Large central metro,"New York-Newark-Jersey City, NY-NJ-PA",Metropolitan,NY,2,476143,0.025,0.024,0.001,1,11705,0.025,0.001,157,33,4,0.8,-0.34,-0.67,0.002,238,50,12,2.5,74822,15714,1837,386,0,57,ModerateBurden,,Moderate,Substantial,0.009,21358,4486,1,0.99,-0.003,-0.28,0,-0.01,0.011,29627,6222,1,1,14,1,1,0,0.73,0.02,0.61,0.05,0.16,0.04,-0.25,-0.83,0.02,-0.01,-0.01,-0.02,-0.05,-0.01,2,988,154,177,1,1,1,1,236627,0.497,203275,0.427,898,0.025,4113,0.011,444,0.006,-0.0089,-0.0027,-0.0022,7445,0.204,3625,0.099,229159,0.615,199637,0.536,64469,0.813,58222,0.734,0.05,0.13,0.17,2.8,0.09,0.19,0,0.11,0.48,0.58,Likely Decreasing
"Sonoma County, CA",6097,Medium metro,"Santa Rosa-Petaluma, CA",Metropolitan,CA,9,494336,1,0.013,0.002,1,8292,0.017,0.001,157,32,1,0.2,-0.05,0,0.001,166,34,1,0.2,30493,6168,323,65,3,0,ModerateBurden,Recent,Moderate,Moderate,,7373,1491,,,,-0.27,,,0.013,10138,2051,,,16,3,26,4,0.86,0.02,0.68,0.02,0.17,0.01,1.32,0.2,0,0,0.02,-0.01,0.01,0,7,600,64,147,1,1,1,1,315973,0.639,268950,0.544,960,0.028,2997,0.008,320,0.003,-0.0289,-0.0035,-0.0003,15424,0.447,8344,0.242,299741,0.752,260383,0.653,91040,0.89,80433,0.786,0.07,0.1,0.21,2.6,0.02,0.27,0.01,0.04,0.4,0.32,Uncertain
"Alamance County, NC",37001,Small metro,"Burlington, NC",Metropolitan,NC,4,169509,1,0.016,0.001,1,6703,0.04,0.001,156,92,1,0.6,0.01,,0.001,155,91,0,0,18881,11139,288,170,0,6,ModerateBurdenResolving,,Substantial,Substantial,0.017,1556,918,0,0.99,-0.009,-0.28,0,0,0.026,2175,1283,0,0.99,0,0,0,0,0.37,0,,,,,,,-0.03,0,,,,,1,31,0,0,1,1,1,1,72384,0.427,61546,0.363,149,0.012,500,0.004,72,0.002,-0.0146,-0.0015,-0.0002,2626,0.204,1246,0.097,69686,0.527,60288,0.456,22031,0.759,20547,0.708,0.12,0.17,0.17,2.4,0.2,0.13,0,0.02,0.78,0.8,Uncertain
"Lake County, IL",17097,Large fringe metro,"Chicago-Naperville-Elgin, IL-IN-WI",Metropolitan,IL,5,696535,0.074,0.055,0.002,0,4597,0.007,0.001,154,22,3,0.4,-0.36,-0.67,0.002,239,34,9,1.3,68225,9795,1008,145,0,41,ModerateBurden,,Moderate,Moderate,0.012,14997,2153,0,0.99,-0.003,-0.31,0,0,0.014,21736,3121,0,0.99,20,2,10,1,0.74,0.04,0.7,0.11,0.19,0.02,-0.33,0.11,0,0,0.01,-0.01,0.02,-0.01,7,964,138,241,1,0.86,1,1,422302,0.606,300784,0.432,2817,0.045,7288,0.014,626,0.006,-0.017,-0.0054,0.0004,29236,0.468,11291,0.181,391651,0.738,289315,0.545,94140,0.912,75386,0.73,0.07,0.08,0.15,2.8,0.07,0.22,0,0.08,0.35,0.61,Likely Decreasing
"Bergen County, NJ",34003,Large fringe metro,"New York-Newark-Jersey City, NY-NJ-PA",Metropolitan,NJ,2,932202,0.049,0.105,0.003,0,9315,0.01,0.001,154,17,5,0.5,-0.23,0,0.002,201,22,5,0.5,104409,11200,2872,308,0,60,ModerateBurden,,Moderate,Moderate,0.01,17421,1869,0,1,-0.004,-0.2,0,0,0.013,21684,2326,0,1,34,1,154,6,0.64,0.02,0.31,0.03,0.28,0.02,-0.41,-0.15,-0.03,0,0,-0.01,-0.02,0,7,2552,377,440,1,1,1,1,593444,0.637,496882,0.533,2398,0.034,8177,0.011,828,0.005,-0.0299,-0.0039,-0.0011,29201,0.41,13570,0.19,564198,0.767,483304,0.657,143242,0.87,129161,0.784,0.08,0.07,0.18,2.7,0.06,0.21,0,0.17,0.24,0.08,Uncertain
"Summit County, OH",39153,Medium metro,"Akron, OH",Metropolitan,OH,5,541013,0.769,0.046,0.002,1,14245,0.026,0.001,152,28,0,0,-0.16,,0.002,181,33,0,0,48265,8921,991,183,0,48,ModerateBurden,,Moderate,Moderate,0.025,4709,870,1,0.98,-0.01,-0.24,0,-0.01,0.035,6201,1146,1,0.99,23,1,226,13,0.77,0.02,0.83,0.05,0.49,0.02,-0.41,-0.14,-0.02,-0.01,-0.04,-0.03,-0.01,-0.01,7,1708,164,306,1,1,1,1,259460,0.48,240316,0.444,1248,0.032,3178,0.007,429,0.004,-0.0044,-0.0037,-0.0017,11136,0.287,5447,0.14,248319,0.579,234868,0.548,78408,0.783,76387,0.763,0.06,0.13,0.18,2.4,0.15,0.02,0,0.04,0.33,0.12,Likely Decreasing
"Ramsey County, MN",27123,Large central metro,"Minneapolis-St. Paul-Bloomington, MN-WI",Metropolitan,MN,5,550321,0.151,0.098,0.002,1,23096,0.042,0.001,152,28,1,0.2,-0.33,-0.5,0.002,226,41,2,0.4,52351,9513,889,162,0,37,ModerateBurden,,Moderate,Moderate,0.022,15236,2769,1,0.99,-0.004,-0.22,0,-0.01,0.026,19412,3527,1,0.99,18,2,9,1,0.96,0.03,0.85,0.11,0.35,0.05,-0.47,0.5,0,-0.01,0,-0.02,0.02,0.01,6,910,101,189,1,1,1,1,319308,0.58,270908,0.492,1164,0.029,3471,0.008,278,0.003,-0.0154,-0.0053,-0.0013,16144,0.402,8009,0.199,302286,0.716,262700,0.622,73946,0.904,68623,0.839,0.05,0.15,0.15,2.5,0.12,0.08,0.01,0.15,0.63,0.19,Uncertain
"Benton County, WA",53005,Medium metro,"Kennewick-Richland, WA",Metropolitan,WA,10,204390,0.682,0.027,0.001,0,0,0,0.001,151,74,1,0.5,0.41,0,0.001,107,52,1,0.5,17394,8510,222,109,0,34,ModerateBurden,,Substantial,Substantial,0.081,1936,947,,,0.042,-0.13,,,0.04,2224,1088,,,16,3,2,0,0.51,0.04,0.9,0.22,0.11,0.02,-0.16,0.99,-0.01,0.01,-0.03,0.01,-0.04,0,3,632,34,87,1,1,1,1,90234,0.441,75015,0.367,488,0.027,1949,0.013,143,0.005,0.0009,0.0003,-0.0008,4568,0.249,1827,0.1,85662,0.571,73184,0.488,25762,0.819,24035,0.764,0.08,0.13,0.15,2.7,0.01,0.23,0.01,0.03,0.51,0.63,Uncertain
"Will County, IL",17197,Large fringe metro,"Chicago-Naperville-Elgin, IL-IN-WI",Metropolitan,IL,5,690743,0.073,0.055,0.002,0,8194,0.012,0.001,151,22,6,0.9,-0.5,-0.54,0.003,302,44,13,1.9,76786,11116,1025,148,0,38,ModerateBurden,,Moderate,Moderate,0.015,12418,1798,0,1,-0.006,-0.23,0,0,0.021,16091,2330,0,1,31,4,187,24,0.78,0.04,0.67,0.1,0.27,0.07,-0.16,0.11,-0.02,-0.01,-0.01,0.02,-0.05,-0.02,3,790,90,68,1,1,1,1,381012,0.552,269567,0.39,2236,0.035,5550,0.011,454,0.005,-0.0325,-0.0062,-0.003,24894,0.386,9444,0.146,355085,0.68,259992,0.498,85211,0.91,66276,0.708,0.06,0.07,0.14,3,0.12,0.18,0,0.06,0.2,0.24,Likely Decreasing
"East Baton Rouge Parish, LA",22033,Medium metro,"Baton Rouge, LA",Metropolitan,LA,6,440059,0.515,0.095,0.001,2,32173,0.073,0.001,148,34,5,1.1,-0.37,-0.29,0.002,234,53,7,1.6,40473,9197,828,188,0,38,ModerateBurden,,Moderate,Substantial,0.024,3784,860,0,0.98,-0.008,-0.11,0,-0.01,0.031,4267,970,0,0.99,32,2,4,0,0.65,0.02,0.66,0.06,0.14,0.01,0.07,3,0,0,0.03,0.02,0,0,10,1765,225,402,1,1,1,1,177509,0.403,155221,0.353,537,0.017,1995,0.006,195,0.003,-0.0057,-0.0016,-0.0002,4472,0.138,2119,0.065,173024,0.509,153100,0.45,55051,0.854,51927,0.806,0.09,0.18,0.15,2.6,0.47,0.04,0,0.03,0.67,0.4,Uncertain
"Prince George's County, MD",24033,Large fringe metro,"Washington-Arlington-Alexandria, DC-VA-MD-WV",Metropolitan,MD,3,909327,0.145,0.15,0.003,1,41996,0.046,0.001,148,16,5,0.5,-0.39,-0.94,0.002,243,27,77,8.5,85204,9370,1578,174,0,48,ModerateBurden,,Moderate,Moderate,0.016,16638,1830,1,0.97,-0.006,-0.25,0,-0.02,0.022,22047,2425,1,0.99,41,4,379,37,0.68,0.05,0.61,0.1,0.19,0.03,0.31,0.02,-0.01,-0.01,-0.04,-0.01,-0.04,-0.01,5,1017,172,255,1,1,1,1,483637,0.532,402071,0.442,2016,0.032,8229,0.012,742,0.006,-0.0259,-0.0089,-0.0037,19622,0.309,8468,0.133,463952,0.655,393586,0.556,107326,0.85,97443,0.772,0.11,0.09,0.14,2.9,0.62,0.2,0,0.04,0.63,0.39,Likely Decreasing
"Lewis County, WA",53041,Micropolitan,"Centralia, WA",Micropolitan,WA,10,80707,1,0.011,0,0,1649,0.02,0.001,148,183,5,6.2,0.04,0.67,0.001,142,176,3,3.7,5040,6245,74,92,0,0,SustainedHotspot,,High,High,0.053,852,1056,,,0.012,-0.11,,,0.042,958,1187,,,8,8,2,2,0.73,0.06,0.83,0.2,0.03,0.01,0.03,-0.31,-0.06,-0.01,-0.07,0.04,-0.01,0.01,2,100,5,28,1,1,1,1,31617,0.392,26713,0.331,155,0.027,849,0.013,114,0.007,-0.0492,-0.004,-0.0012,946,0.163,312,0.054,30670,0.483,26401,0.416,12211,0.71,11356,0.66,0.08,0.14,0.21,2.5,0.01,0.11,0.01,0.01,0.79,0.77,Likely Decreasing
"Gaston County, NC",37071,Large fringe metro,"Charlotte-Concord-Gastonia, NC-SC",Metropolitan,NC,4,224529,0.085,0.021,0.001,0,1440,0.006,0.001,147,65,4,1.8,1.23,0.33,0.001,66,29,3,1.3,27030,12039,441,196,0,40,ModerateBurden,,Substantial,Moderate,0.036,2481,1105,1,0.99,-0.005,-0.11,0,-0.01,0.041,2782,1239,1,1,3,1,0,0,0.81,0.03,0.81,0.09,0.32,0.05,-0.4,,-0.06,-0.01,-0.03,-0.01,0.03,-0.01,1,406,27,47,1,1,1,1,75005,0.334,63508,0.283,203,0.012,564,0.003,52,0.001,-0.0016,-0.0019,-0.0015,2077,0.119,1094,0.063,72890,0.418,62407,0.358,26194,0.715,23033,0.628,0.11,0.16,0.16,2.6,0.17,0.08,0,0.02,0.67,0.7,Uncertain
"Onslow County, NC",37133,Small metro,"Jacksonville, NC",Metropolitan,NC,4,197938,1,0.019,0.001,0,0,0,0.001,146,74,1,0.5,1,-0.5,0.001,73,37,2,1,17595,8889,149,75,0,29,ModerateBurdenResolving,,Substantial,Substantial,0.063,862,435,1,0.92,-0.035,-0.34,0,-0.07,0.098,1298,656,1,0.99,1,1,0,0,0.94,0.05,0.65,0.23,0.43,0.11,-0.76,,0.03,0,-0.08,0.04,0.14,0.02,1,151,12,18,1,1,1,1,72664,0.367,60199,0.304,163,0.013,1078,0.007,59,0.003,-0.0105,-0.0051,-0.0002,1791,0.141,857,0.067,70845,0.474,59337,0.397,16614,0.873,15384,0.809,0.09,0.15,0.1,2.7,0.15,0.13,0.01,0.02,0.75,0.57,Likely Decreasing
"El Paso County, TX",48141,Medium metro,"El Paso, TX",Metropolitan,TX,6,839238,0.994,0.029,0.003,1,15431,0.018,0.001,145,17,5,0.6,-0.35,-0.72,0.002,223,27,18,2.1,136251,16235,2721,324,0,43,ModerateBurden,,Moderate,Moderate,0.024,5748,685,0,0.99,-0.006,-0.21,-1,0.01,0.03,7257,865,1,0.98,35,2,37,2,0.78,0.04,0.9,0.08,0.27,0.04,-0.29,0.62,-0.01,-0.01,0.01,-0.02,-0.01,0,13,1636,240,517,0.92,0.85,1,0.92,,,,,,,,,,,,,,,,,,,,,,,,,,0.21,0.22,0.13,3.1,0.03,0.83,0,0.01,0.95,0.65,Likely Decreasing
"Jasper County, MO",29097,Small metro,"Joplin, MO",Metropolitan,MO,7,121328,0.676,0.02,0,0,4689,0.039,0.001,145,120,2,1.6,0.93,,0.001,75,62,0,0,15846,13060,239,197,3,0,EmergingHotspot,Continuing,High,Substantial,0.083,1291,1064,0,1,0,-0.08,0,0.02,0.083,1408,1160,0,0.98,34,6,57,10,0.91,0.06,0.87,0.12,0.28,0.04,0.44,-0.28,-0.02,0.02,0.01,0.02,0.03,0.01,4,581,76,112,1,1,1,1,39804,0.328,33633,0.277,169,0.017,568,0.006,71,0.004,-0.0007,-0.0008,0.0005,900,0.089,291,0.029,38903,0.426,33341,0.365,14502,0.749,13078,0.675,0.13,0.17,0.16,2.6,0.02,0.08,0.02,0.01,0.66,0.63,Uncertain
"Bossier Parish, LA",22015,Medium metro,"Shreveport-Bossier City, LA",Metropolitan,LA,6,127039,0.322,0.027,0,0,0,0,0.001,144,113,0,0,2.06,-1,0,47,37,3,2.4,14267,11230,306,241,0,0,Hotspot,,High,Moderate,0.036,1695,1334,0,1,-0.011,0.03,0,0,0.047,1638,1289,0,1,0,0,0,0,0.9,0,0.86,0,0.01,0,,,0.03,0,-0.04,0,-0.06,0,1,40,7,14,1,1,1,1,40459,0.318,34346,0.27,164,0.016,583,0.006,74,0.004,-0.0004,-0.001,-0.0008,908,0.087,353,0.034,39548,0.413,33991,0.355,13445,0.712,12566,0.666,0.09,0.17,0.15,2.5,0.23,0.07,0,0.02,0.59,0.52,Uncertain
"Berks County, PA",42011,Medium metro,"Reading, PA",Metropolitan,PA,3,421164,1,0.033,0.001,1,13342,0.032,0.001,144,34,4,0.9,-0.48,-0.33,0.002,278,66,6,1.4,48147,11432,1035,246,0,45,ModerateBurden,,Moderate,Substantial,0.031,3645,865,1,0.98,-0.011,-0.15,0,0.01,0.042,4266,1013,1,0.98,12,2,111,14,0.76,0.03,0.56,0.06,0.19,0.03,-0.49,-0.05,-0.02,-0.02,-0.13,-0.05,-0.03,-0.02,3,776,68,141,1,1,1,1,209951,0.499,163395,0.388,771,0.023,4691,0.014,751,0.01,-0.019,-0.004,-0.0023,7965,0.241,3319,0.1,201967,0.616,160071,0.488,66966,0.903,54147,0.731,0.07,0.13,0.18,2.6,0.04,0.22,0,0.01,0.62,0.28,Likely Decreasing
"Etowah County, AL",1055,Small metro,"Gadsden, AL",Metropolitan,AL,4,102268,1,0.021,0,0,0,0,0.001,144,141,2,2,6.2,0,0,20,20,2,2,14125,13812,361,353,4,0,Hotspot,Continuing,High,Moderate,0.145,518,507,1,0.99,0.086,-0.17,1,0.01,0.059,627,613,0,0.99,4,1,4,1,0.78,0.02,0.86,0.08,0.27,0.04,-0.51,-0.51,-0.01,0,-0.03,0.01,-0.08,-0.03,2,364,61,39,1,1,1,1,29722,0.291,24231,0.237,,,94,0.001,15,0.001,-0.0005,-0.0007,-0.001,160,0.021,59,0.008,29557,0.367,24169,0.3,13185,0.666,11276,0.57,0.1,0.17,0.19,2.6,0.16,0.04,0,0.01,0.66,0.63,Uncertain
"Fresno County, CA",6019,Medium metro,"Fresno, CA",Metropolitan,CA,9,999101,1,0.025,0.003,1,24424,0.024,0.001,143,14,11,1.1,-0.38,0.38,0.002,229,23,8,0.8,102642,10273,1717,172,0,159,ModerateBurden,,Moderate,Moderate,,9775,978,,,,-0.44,,,0.016,17406,1742,,,43,3,60,4,0.89,0.03,0.86,0.06,0.16,0,0.71,-0.13,0.01,0,-0.01,0,0,0,9,1631,151,292,1,0.78,1,1,450273,0.451,362726,0.363,1816,0.02,5952,0.008,460,0.004,-0.0064,-0.0037,-0.0016,19217,0.207,9658,0.104,430268,0.6,352922,0.492,113132,0.902,94199,0.751,0.1,0.24,0.13,3.2,0.05,0.54,0.01,0.1,0.96,0.62,Uncertain
"Allen County, IN",18003,Medium metro,"Fort Wayne, IN",Metropolitan,IN,5,379299,0.918,0.056,0.001,1,9519,0.025,0.001,143,38,3,0.8,-0.16,0.5,0.001,170,45,2,0.5,41533,10950,688,181,0,46,ModerateBurden,,Moderate,Moderate,0.046,1781,470,1,0.98,-0.009,-0.3,0,-0.01,0.055,2542,670,1,0.99,24,2,12,1,0.75,0.02,0.85,0.06,0.25,0.03,-0.08,1.4,-0.01,0,0.01,0,-0.01,0,7,1540,288,241,1,0.86,1,1,154454,0.407,131165,0.346,614,0.019,1737,0.006,139,0.002,-0.0086,-0.0064,-0.0017,5621,0.172,2409,0.074,148828,0.527,128755,0.456,46888,0.829,44452,0.786,0.09,0.14,0.15,2.5,0.12,0.08,0,0.05,0.52,0.33,Likely Decreasing
"Lafayette Parish, LA",22055,Medium metro,"Lafayette, LA",Metropolitan,LA,6,244390,0.5,0.053,0.001,1,13484,0.055,0.001,141,58,2,0.8,-0.03,-0.5,0.001,146,60,4,1.6,24165,9888,290,119,0,26,ModerateBurden,,Substantial,Substantial,0.03,3016,1234,0,0.92,-0.008,-0.09,0,-0.05,0.038,3311,1355,0,0.97,18,2,2,0,0.81,0.03,0.92,0.08,0.19,0.02,-0.5,-0.67,0,-0.01,0.02,-0.01,-0.02,0,7,930,83,173,1,1,1,1,80992,0.331,71202,0.291,274,0.015,1150,0.006,97,0.003,-0.0012,-0.0046,-0.0036,1999,0.107,978,0.052,78988,0.423,70224,0.376,25299,0.752,23880,0.71,0.11,0.17,0.14,2.6,0.26,0.05,0,0.02,0.62,0.24,Likely Decreasing
"Hernando County, FL",12053,Large fringe metro,"Tampa-St. Petersburg-Clearwater, FL",Metropolitan,FL,4,193920,0.061,0.009,0.001,0,0,0,0.001,141,73,1,0.5,0.76,-0.75,0.001,80,41,4,2.1,14666,7563,482,249,0,36,ModerateBurden,,Substantial,Substantial,0.076,1390,717,,,-0.014,-0.19,,,0.09,1709,881,,,21,4,12,2,0.68,0.05,0.7,0.12,0.13,0.07,-0.12,0.71,-0.03,0.01,-0.02,-0.03,0,0.01,2,553,63,93,1,1,1,1,80304,0.414,66586,0.343,214,0.017,1146,0.007,245,0.005,0.0012,-0.0016,-0.0007,1371,0.106,519,0.04,78919,0.498,66067,0.417,40943,0.767,36430,0.683,0.13,0.14,0.28,2.5,0.05,0.15,0,0.01,0.55,0.55,Uncertain
"Union County, NJ",34039,Large central metro,"New York-Newark-Jersey City, NY-NJ-PA",Metropolitan,NJ,2,556341,0.029,0.063,0.002,1,10697,0.019,0.001,140,25,2,0.4,0.57,-0.5,0.001,89,16,4,0.7,71465,12846,1968,354,0,57,ModerateBurden,,Moderate,Moderate,0.011,10504,1888,0,1,-0.004,-0.21,0,0,0.016,13239,2380,0,1,14,1,5,1,0.61,0.02,0.49,0.03,0.26,0.03,0.4,0.25,-0.01,0,-0.01,-0.03,-0.06,-0.02,4,974,131,228,1,1,1,1,304004,0.546,237054,0.426,1645,0.037,6785,0.016,623,0.008,-0.0174,-0.0028,-0.001,15150,0.345,6017,0.137,288822,0.677,231033,0.542,64132,0.782,52921,0.646,0.12,0.1,0.15,2.9,0.21,0.33,0,0.06,0.62,0.45,Uncertain
"Hudson County, NJ",34017,Large central metro,"New York-Newark-Jersey City, NY-NJ-PA",Metropolitan,NJ,2,672391,0.035,0.076,0.002,2,13747,0.02,0.001,140,21,4,0.6,0.24,-0.76,0.001,113,17,17,2.5,88026,13091,2290,341,0,59,ModerateBurden,,Moderate,Moderate,0.012,12917,1921,0,1,-0.003,-0.19,0,0,0.015,15854,2358,0,1,15,1,6,1,0.6,0.02,0.36,0.04,0.15,0.02,-0.37,1.02,-0.03,-0.01,-0.02,-0.01,0,0,6,1038,144,220,1,1,1,1,402267,0.598,312472,0.465,1757,0.045,9049,0.017,639,0.008,-0.0153,-0.0034,-0.0015,13742,0.354,4417,0.114,388460,0.725,308047,0.575,64546,0.788,52799,0.645,0.14,0.16,0.12,2.6,0.11,0.43,0,0.16,0.64,0.64,Uncertain
"Ocean County, NJ",34029,Large fringe metro,"New York-Newark-Jersey City, NY-NJ-PA",Metropolitan,NJ,2,607186,0.032,0.068,0.002,1,8822,0.015,0.001,138,23,8,1.3,-0.05,0.33,0.001,146,24,6,1,75881,12497,2159,356,0,60,ModerateBurden,,Moderate,Moderate,0.014,8926,1470,0,1,-0.001,-0.2,0,0,0.015,11183,1842,0,1,10,1,31,3,0.69,0.01,0.3,0.02,0.25,0.01,-0.29,0.24,-0.01,-0.01,0,0,-0.02,-0.01,5,1109,176,204,1,1,1,1,296603,0.488,245851,0.405,755,0.016,4422,0.01,773,0.006,-0.0094,-0.0028,-0.0005,5309,0.113,1894,0.04,291276,0.633,243955,0.53,117192,0.847,102774,0.743,0.07,0.11,0.23,2.6,0.03,0.1,0,0.02,0.34,0.12,Uncertain
"Onondaga County, NY",36067,Medium metro,"Syracuse, NY",Metropolitan,NY,2,460528,0.71,0.024,0.001,1,25203,0.055,0.001,136,30,1,0.2,-0.44,-0.67,0.002,245,53,3,0.7,38839,8434,676,147,0,42,ModerateBurden,,Moderate,Substantial,0.018,8926,1938,1,0.98,-0.007,-0.11,0,-0.01,0.024,10061,2185,1,0.99,30,2,376,25,0.82,0.02,0.72,0.05,0.19,0.02,-0.29,-0.12,-0.01,0,-0.01,-0.01,-0.01,0,4,1522,210,303,1,0.75,1,1,278398,0.605,245218,0.532,1407,0.042,2779,0.008,289,0.004,-0.0218,-0.0061,-0.005,14045,0.421,6620,0.198,264311,0.727,238583,0.656,72622,0.899,68009,0.842,0.04,0.15,0.18,2.4,0.11,0.05,0.01,0.04,0.52,0.37,Likely Decreasing
"Worcester County, MA",25027,Medium metro,"Worcester, MA-CT",Metropolitan,MA,1,830622,0.877,0.121,0.003,1,25103,0.03,0.001,135,16,5,0.6,0.07,0.25,0.001,126,15,4,0.5,77164,9290,2238,269,0,49,ModerateBurden,,Moderate,Moderate,0.006,22132,2665,1,1,0,-0.29,0,0,0.006,31216,3758,1,1,20,1,15,1,0.76,0.01,0.71,0.03,0.24,0.01,-0.49,-0.35,-0.01,0,-0.03,-0.01,0.01,0,10,2014,216,332,1,1,1,1,483940,0.583,400079,0.482,3318,0.053,8876,0.014,670,0.005,-0.013,-0.0004,-0.0004,29003,0.465,12582,0.202,453634,0.69,387357,0.589,116200,0.867,103664,0.774,0.03,0.1,0.16,2.6,0.05,0.12,0,0.05,0.41,0.33,Uncertain
"Washoe County, NV",32031,Medium metro,"Reno, NV",Metropolitan,NV,9,471519,0.991,0.153,0.001,1,17477,0.037,0.001,134,28,2,0.4,5.7,0,0,20,4,2,0.4,45989,9753,683,145,0,47,ModerateBurden,,Moderate,Low,0.029,3803,807,1,0.94,0.001,-0.05,0,-0.02,0.029,3990,846,1,0.96,26,2,8,1,0.66,0.01,0.56,0.03,0.23,0.01,0,-0.33,0.02,0,0.03,0.01,0,0,7,1548,194,171,1,0.86,1,1,245615,0.521,214460,0.455,1039,0.031,3027,0.008,258,0.003,-0.0051,-0.0025,-0.0013,9148,0.27,4170,0.123,236463,0.637,210290,0.567,68235,0.86,63484,0.8,0.1,0.12,0.17,2.5,0.02,0.25,0.01,0.05,0.53,0.16,Uncertain
"Cameron County, TX",48061,Medium metro,"Brownsville-Harlingen, TX",Metropolitan,TX,6,423163,1,0.015,0.001,0,0,0,0.001,134,32,0,0,-0.36,,0.002,208,49,0,0,41355,9773,1647,389,0,35,ModerateBurden,,Moderate,Moderate,0.05,2973,703,1,0.99,0.002,-0.2,0,-0.01,0.048,3722,880,1,1,25,3,98,11,0.77,0.04,0.81,0.07,0.3,0.02,0.19,0.08,-0.01,0,-0.03,0,0.02,0,5,884,101,325,1,1,1,1,,,,,,,,,,,,,,,,,,,,,,,,,,0.29,0.31,0.14,3.4,0,0.9,0,0.01,0.98,0.95,Uncertain
"Marion County, FL",12083,Medium metro,"Ocala, FL",Metropolitan,FL,4,365579,1,0.017,0.001,0,0,0,0.001,132,36,12,3.3,0.31,2,0.001,101,28,4,1.1,32000,8753,996,272,0,29,ModerateBurden,,Moderate,Moderate,0.043,3481,952,,,-0.005,-0.16,,,0.048,4132,1130,,,21,3,20,2,0.83,0.04,0.82,0.06,0.19,0.02,-0.41,0.18,0.01,-0.01,0.02,0,0.02,-0.01,3,820,109,206,1,1,1,1,158065,0.432,133086,0.364,390,0.017,1962,0.007,393,0.004,-0.0003,-0.0017,-0.0009,2559,0.11,1086,0.047,155475,0.522,131994,0.443,82808,0.776,74415,0.698,0.12,0.17,0.29,2.5,0.13,0.14,0,0.02,0.75,0.64,Likely Decreasing
"Watauga County, NC",37189,Micropolitan,"Boone, NC",Micropolitan,NC,4,56177,1,0.005,0,1,17291,0.308,0.001,132,235,0,0,2,,0,44,78,0,0,4894,8712,31,55,1,0,Hotspot,New,High,Substantial,0.016,632,1125,1,0.96,-0.006,-0.21,0,-0.02,0.022,799,1422,1,0.99,6,9,0,0,0.68,0,0.83,0.24,0.2,0.04,5,,-0.04,0,-0.09,0.09,-0.1,0.02,1,70,10,13,1,1,1,1,27392,0.488,22155,0.394,224,0.089,1000,0.02,57,0.006,0.0096,0.0027,-0.0007,575,0.229,144,0.057,26785,0.546,22006,0.449,7139,0.774,6378,0.691,0.09,0.27,0.16,2.4,0.02,0.04,0,0.01,0.41,0.24,Uncertain
"Brazos County, TX",48041,Small metro,"College Station-Bryan, TX",Metropolitan,TX,6,229211,0.866,0.008,0.001,1,59220,0.258,0.001,132,58,2,0.9,0.53,,0.001,86,38,0,0,27699,12084,254,111,3,3,ModerateBurdenResolving,Recent,Substantial,Moderate,0.069,2207,963,1,1,0.019,-0.2,0,0,0.05,2745,1198,1,1,31,5,2,0,0.51,0.03,0.88,0.12,0.22,0.01,0.22,-0.32,-0.03,0,0.03,-0.01,0.02,-0.01,5,651,44,148,1,1,1,1,,,,,,,,,,,,,,,,,,,,,,,,,,0.13,0.25,0.09,2.6,0.11,0.26,0,0.06,0.65,0.18,Uncertain
"Greenville County, SC",45045,Medium metro,"Greenville-Anderson, SC",Metropolitan,SC,4,523542,0.569,0.102,0.002,0,7232,0.014,0.001,131,25,3,0.6,-0.27,-0.57,0.001,180,34,7,1.3,75307,14384,1023,195,0,56,ModerateBurden,,Moderate,Moderate,0.017,5304,1013,1,0.98,-0.004,-0.16,0,0.06,0.022,6325,1208,1,0.92,4,1,15,2,0.62,0.02,0.35,0.04,0.11,0.01,-0.66,-0.33,-0.05,0,-0.06,-0.01,-0.01,-0.01,9,654,92,152,1,1,1,1,218471,0.417,185410,0.354,644,0.016,2955,0.007,407,0.005,-0.0021,-0.0007,0.0006,7413,0.183,4025,0.1,210608,0.522,181240,0.449,69231,0.819,62250,0.736,0.11,0.12,0.16,2.6,0.18,0.1,0,0.03,0.5,0.14,Uncertain
"Montgomery County, OH",39113,Medium metro,"Dayton-Kettering, OH",Metropolitan,OH,5,531687,0.658,0.045,0.002,1,10583,0.02,0.001,131,25,0,0,-0.27,-1,0.001,180,34,1,0.2,52373,9850,1033,194,0,41,ModerateBurden,,Moderate,Moderate,0.023,5042,948,1,0.99,-0.014,-0.16,0,0.01,0.036,5992,1127,1,0.98,25,1,103,4,0.68,0.02,0.72,0.05,0.31,0.03,-0.31,-0.27,-0.02,0,-0.03,0.01,0.01,0.01,9,2410,289,547,1,0.89,1,1,234290,0.441,211251,0.397,819,0.021,2720,0.007,349,0.004,-0.0176,-0.0035,-0.0012,9032,0.231,4348,0.111,225253,0.543,206903,0.499,77066,0.791,72597,0.745,0.07,0.18,0.18,2.3,0.21,0.03,0,0.02,0.67,0.36,Uncertain
"Hamilton County, TN",47065,Medium metro,"Chattanooga, TN-GA",Metropolitan,TN,4,367804,0.651,0.054,0.001,1,12154,0.033,0.001,130,35,4,1.1,-0.02,,0.001,133,36,0,0,45106,12264,503,137,0,43,ModerateBurden,,Moderate,Moderate,0.036,1779,484,1,0.98,-0.016,-0.38,0,-0.01,0.052,2847,774,1,0.99,28,2,18,1,0.67,0.02,0.72,0.04,0.13,0.01,0.08,-0.45,-0.01,0,0.01,0,0,0,4,1717,266,628,1,1,1,1,159481,0.434,131304,0.357,394,0.016,1343,0.005,157,0.002,-0.0068,-0.0029,-0.0014,4840,0.192,2014,0.08,154622,0.53,129287,0.443,50715,0.769,44825,0.679,0.09,0.14,0.18,2.5,0.19,0.06,0,0.02,0.41,0.18,Uncertain
"Ottawa County, MI",26139,Large fringe metro,"Grand Rapids-Kentwood, MI",Metropolitan,MI,5,291830,0.271,0.029,0.001,1,23831,0.082,0.001,127,44,4,1.4,0.02,-0.43,0.001,125,43,7,2.4,32778,11232,428,147,0,43,ModerateBurdenResolving,,Moderate,Moderate,0.04,3528,1209,0,0.95,-0.004,-0.34,0,-0.01,0.044,5327,1825,0,0.96,7,3,2,1,0.58,0.04,0.25,0.07,0.09,0.02,-0.53,,0.04,-0.01,0.1,0.05,0.05,0.02,3,203,24,41,1,1,1,1,132108,0.453,119463,0.409,126,0.005,880,0.004,106,0.002,-0.0051,-0.0031,-0.0012,3671,0.152,3129,0.13,128431,0.577,116333,0.523,37681,0.832,34889,0.77,0.04,0.08,0.16,2.7,0.02,0.1,0,0.03,0.22,0.4,Likely Decreasing
"Shelby County, AL",1117,Large fringe metro,"Birmingham-Hoover, AL",Metropolitan,AL,4,217702,0.2,0.044,0.001,0,2202,0.01,0.001,127,58,1,0.5,2.17,-0.5,0,40,18,2,0.9,25528,11726,254,117,0,13,ModerateBurden,,Substantial,Moderate,0.034,1504,691,0,0.98,-0.005,-0.16,0,0,0.038,1780,818,0,0.98,3,1,0,0,0.78,0.02,0.68,0.04,0.27,0.03,-0.25,,-0.06,0,-0.1,0.02,-0.03,0.03,1,205,32,22,1,1,1,1,55662,0.256,44487,0.204,6,0,127,0.001,11,0,-0.0006,-0.001,-0.0003,952,0.051,434,0.023,54693,0.327,44053,0.263,17234,0.496,14699,0.423,0.07,0.08,0.16,2.7,0.13,0.06,0,0.02,0.12,0.46,Likely Decreasing
"St. Joseph County, IN",18141,Medium metro,"South Bend-Mishawaka, IN-MI",Metropolitan,IN,5,271826,0.84,0.04,0.001,1,19108,0.07,0.001,124,46,4,1.5,-0.25,0,0.001,165,61,4,1.5,36870,13564,562,207,0,17,ModerateBurdenResolving,,Moderate,Substantial,0.03,3488,1283,1,0.98,-0.016,-0.34,0,-0.01,0.046,5306,1952,1,0.99,14,2,0,0,0.74,0.03,0.53,0.05,0.17,0.01,-0.54,,0.01,-0.01,-0.04,0,-0.02,0,3,691,65,137,1,1,1,1,127780,0.47,110904,0.408,512,0.024,1207,0.006,110,0.003,-0.0113,-0.0068,-0.0026,4999,0.231,2287,0.106,122776,0.59,108616,0.522,36090,0.821,34315,0.781,0.09,0.16,0.16,2.5,0.13,0.09,0,0.03,0.62,0.22,Likely Decreasing
"Yakima County, WA",53077,Small metro,"Yakima, WA",Metropolitan,WA,10,250873,1,0.033,0.001,0,3041,0.012,0.001,123,49,4,1.6,-0.23,3,0.001,159,63,1,0.4,30251,12058,461,184,0,3,ModerateBurden,,Moderate,Substantial,0.044,1879,749,,,0.014,-0.16,,,0.03,2235,891,,,9,3,5,2,0.84,0.03,0.96,0.05,0.08,0.02,-0.31,1.49,0.02,0,0.13,-0.01,-0.06,0,3,268,34,59,1,1,1,1,115459,0.46,96845,0.386,626,0.025,2801,0.016,166,0.005,-0.0014,-0.0012,-0.0009,5143,0.208,1974,0.08,110309,0.623,94870,0.536,30455,0.865,28296,0.804,0.14,0.18,0.14,3,0.01,0.5,0.04,0.01,0.93,0.69,Uncertain
"Delaware County, PA",42045,Large fringe metro,"Philadelphia-Camden-Wilmington, PA-NJ-DE-MD",Metropolitan,PA,3,566747,0.093,0.044,0.002,1,21878,0.039,0.001,123,22,5,0.9,-0.27,-0.17,0.001,168,30,6,1.1,52269,9223,1395,246,0,42,ModerateBurden,,Moderate,Moderate,0.02,7553,1333,0,0.98,-0.002,-0.27,-1,-0.01,0.022,10381,1832,1,0.99,18,2,7,1,0.81,0.03,0.8,0.04,0.22,0.01,-0.41,-0.21,0,-0.01,-0.01,-0.02,0,-0.01,5,794,117,204,1,1,1,1,360127,0.635,284144,0.501,2823,0.066,7175,0.016,901,0.009,-0.0188,0.0013,0.0017,20208,0.475,8601,0.202,339860,0.769,275528,0.623,94405,0.994,80454,0.847,0.05,0.1,0.17,2.6,0.22,0.04,0,0.06,0.41,0.36,Likely Decreasing
"DeKalb County, GA",13089,Large fringe metro,"Atlanta-Sandy Springs-Alpharetta, GA",Metropolitan,GA,4,759297,0.126,0.072,0.002,1,15242,0.02,0.001,123,16,8,1.1,-0.44,0.33,0.002,218,29,6,0.8,66840,8803,1052,139,0,30,ModerateBurden,,Moderate,Moderate,0.015,6019,793,0,0.87,-0.006,-0.29,0,0.01,0.02,8424,1109,0,0.86,49,4,125,9,0.78,0.02,0.69,0.03,0.34,0.02,0,0.44,-0.05,0,-0.01,0,0,0,7,1388,262,340,0.86,0.57,1,0.86,193019,0.254,160945,0.212,2391,0.044,6098,0.01,611,0.006,0.0173,-0.0006,0.0008,10024,0.185,5297,0.098,182916,0.313,155625,0.266,47438,0.484,40676,0.415,0.15,0.17,0.13,2.6,0.54,0.09,0,0.06,0.66,0.53,Uncertain
"Kane County, IL",17089,Large fringe metro,"Chicago-Naperville-Elgin, IL-IN-WI",Metropolitan,IL,5,532403,0.056,0.042,0.002,0,5172,0.01,0.001,122,23,5,0.9,-0.45,-0.55,0.002,221,42,11,2.1,59306,11139,799,150,0,39,ModerateBurden,,Moderate,Moderate,0.019,6128,1151,0,0.99,-0.003,-0.24,0,0,0.022,8033,1509,0,0.99,21,2,10,1,0.66,0.03,0.67,0.09,0.17,0.03,-0.34,-0.17,-0.02,-0.01,0.02,0.01,-0.01,0,5,1047,98,200,1,1,1,1,291657,0.548,206395,0.388,2003,0.041,4823,0.012,341,0.004,-0.0111,-0.0043,-0.0002,17720,0.36,6828,0.139,273220,0.684,199441,0.499,67228,0.885,53568,0.705,0.09,0.1,0.14,3,0.05,0.32,0,0.04,0.42,0.28,Uncertain
"San Juan County, NM",35045,Small metro,"Farmington, NM",Metropolitan,NM,6,123958,1,0.059,0,0,0,0,0.001,121,98,5,4,0.48,1.5,0.001,82,66,2,1.6,15547,12542,489,394,0,20,ModerateBurdenResolving,,Substantial,Substantial,0.04,2238,1805,2,0.92,-0.015,-0.18,0,0.02,0.055,2727,2200,2,0.9,29,13,10,5,0.82,0.09,0.93,0.28,0.12,0.06,-0.34,-0.09,0.01,-0.05,0.02,-0.09,0.02,0.03,2,217,22,61,1,1,1,1,63490,0.512,61853,0.499,352,0.03,573,0.006,68,0.004,-0.0195,-0.0021,-0.0003,5459,0.472,3067,0.265,58011,0.633,58782,0.641,13091,0.675,15612,0.805,0.15,0.21,0.16,2.9,0.01,0.21,0.39,0,0.92,0.61,Likely Decreasing
"Anoka County, MN",27003,Large fringe metro,"Minneapolis-St. Paul-Bloomington, MN-WI",Metropolitan,MN,5,356921,0.098,0.063,0.001,0,0,0,0.001,121,34,5,1.4,-0.3,0,0.001,174,49,5,1.4,42611,11938,456,128,0,42,ModerateBurdenResolving,,Moderate,Moderate,0.025,7811,2188,1,0.98,-0.005,-0.27,0,-0.01,0.03,10737,3008,1,0.99,7,2,7,2,0.95,0.02,1,0.11,0.07,0,-0.46,-0.22,0,-0.02,0,-0.12,-0.05,-0.03,1,394,22,117,1,1,1,1,162229,0.455,138917,0.389,937,0.032,1876,0.007,181,0.003,-0.0062,-0.0033,-0.0009,8277,0.28,3776,0.128,153556,0.564,135084,0.496,40160,0.776,37667,0.727,0.04,0.06,0.15,2.7,0.07,0.05,0.01,0.05,0.14,0.1,Uncertain
"Guadalupe County, TX",48187,Large fringe metro,"San Antonio-New Braunfels, TX",Metropolitan,TX,6,166847,0.065,0.006,0.001,0,1362,0.008,0.001,121,73,2,1.2,0.3,-0.33,0.001,93,56,3,1.8,15235,9131,218,131,0,14,ModerateBurden,,Substantial,Substantial,0.056,1257,753,1,0.99,0.023,-0.13,0,-0.01,0.033,1453,871,1,1,1,1,0,0,0.3,0.02,0.76,0.17,0.21,0.03,-0.66,,0,0,-0.01,0.06,0.02,0.03,1,167,9,25,1,1,1,1,,,,,,,,,,,,,,,,,,,,,,,,,,0.11,0.1,0.14,2.9,0.08,0.39,0,0.02,0.43,0.46,Uncertain
"Kitsap County, WA",53035,Medium metro,"Bremerton-Silverdale-Port Orchard, WA",Metropolitan,WA,10,271473,1,0.036,0.001,0,4024,0.015,0.001,121,45,1,0.4,-0.03,,0.001,125,46,0,0,8566,3155,113,42,0,32,ModerateBurden,,Moderate,Moderate,0.03,2561,943,,,0.003,-0.11,,,0.027,2893,1066,,,5,2,3,1,0.73,0.03,0.79,0.12,0.6,0.01,0.67,0.5,-0.04,-0.01,0.02,-0.02,0.2,0.01,1,275,49,49,1,1,1,1,144300,0.532,118983,0.438,538,0.03,2374,0.011,211,0.004,-0.025,-0.0051,-0.002,6934,0.383,3603,0.199,137359,0.634,115378,0.533,43674,0.876,41283,0.828,0.05,0.1,0.18,2.5,0.03,0.08,0.01,0.05,0.28,0.2,Uncertain
"Westchester County, NY",36119,Large fringe metro,"New York-Newark-Jersey City, NY-NJ-PA",Metropolitan,NY,2,967506,0.05,0.05,0.003,1,22155,0.023,0.001,120,12,2,0.2,-0.42,-0.75,0.002,208,21,8,0.8,129507,13386,2285,236,0,60,ModerateBurden,,Moderate,Moderate,0.006,25306,2616,1,0.99,-0.002,-0.24,0,-0.01,0.008,33306,3442,1,0.99,32,1,58,2,0.67,0.01,0.54,0.03,0.27,0.01,0.78,-0.14,-0.01,0,-0.02,-0.01,0,-0.01,11,2549,247,440,1,0.91,1,1,598828,0.619,516841,0.534,3044,0.04,7516,0.01,809,0.005,-0.0179,-0.0052,-0.0019,38597,0.508,19306,0.254,560190,0.74,497522,0.657,144343,0.857,131491,0.78,0.07,0.09,0.17,2.7,0.14,0.26,0,0.06,0.55,0.52,Uncertain
"Cowlitz County, WA",53015,Small metro,"Longview, WA",Metropolitan,WA,10,110593,1,0.015,0,0,0,0,0.001,120,109,0,0,-0.07,-1,0.001,129,117,2,1.8,6332,5725,93,84,2,3,EmergingHotspot,Recent,High,High,0.053,684,618,,,0.023,-0.2,,,0.03,858,776,,,2,1,0,0,0.52,0.01,0.59,0.04,0.18,0.01,-0.71,,-0.02,-0.01,0.02,-0.02,0.17,0.01,1,180,16,15,1,1,1,1,52831,0.478,44713,0.404,242,0.028,1168,0.014,112,0.005,-0.0073,-0.0012,-0.0018,1785,0.208,623,0.073,51043,0.598,44090,0.516,18470,0.864,17334,0.811,0.06,0.16,0.19,2.5,0.01,0.09,0.01,0.02,0.79,0.32,Uncertain
"Westmoreland County, PA",42129,Large fringe metro,"Pittsburgh, PA",Metropolitan,PA,3,348899,0.151,0.027,0.001,0,4998,0.014,0.001,119,34,3,0.9,-0.18,-0.25,0.001,145,42,4,1.1,34228,9810,769,220,0,45,ModerateBurden,,Moderate,Moderate,0.024,2550,731,1,0.97,-0.009,-0.25,0,-0.02,0.032,3403,975,1,0.98,3,1,53,15,0.75,0.04,0.64,0.04,0.18,0.02,-0.62,-0.2,0.01,-0.02,0.01,-0.05,0.05,-0.02,5,365,84,98,1,1,1,1,177946,0.51,145279,0.416,600,0.026,2605,0.009,585,0.007,0.0006,-0.0001,0.0012,4796,0.206,2310,0.099,173139,0.607,142966,0.501,71090,0.875,56988,0.701,0.04,0.1,0.23,2.3,0.02,0.01,0,0.01,0.14,0.47,Likely Decreasing
"Bristol County, MA",25005,Large fringe metro,"Providence-Warwick, RI-MA",Metropolitan,MA,1,565217,0.348,0.082,0.002,1,10795,0.019,0.001,119,21,3,0.5,-0.26,0,0.001,160,28,3,0.5,66756,11811,1731,306,0,47,ModerateBurden,,Moderate,Moderate,0.012,10666,1887,1,1,-0.003,-0.27,0,0,0.016,14650,2592,1,1,20,2,147,13,0.79,0.02,0.78,0.1,0.2,0.02,-0.43,-0.18,-0.02,0,0.08,0.03,-0.01,0,5,1095,78,295,1,1,1,1,295820,0.523,249763,0.442,1721,0.041,5136,0.011,531,0.005,-0.0042,-0.0017,-0.0006,14133,0.341,6816,0.164,281188,0.626,242852,0.541,78651,0.804,71011,0.726,0.03,0.11,0.17,2.5,0.05,0.09,0,0.02,0.52,0.41,Uncertain
"Pueblo County, CO",8101,Small metro,"Pueblo, CO",Metropolitan,CO,8,168424,1,0.029,0.001,0,3526,0.021,0.001,117,69,6,3.6,-0.37,0,0.002,186,110,6,3.6,19211,11406,405,240,0,27,ModerateBurdenResolving,,Substantial,High,0.014,6311,3747,1,1,0,-0.26,0,0,0.014,8510,5053,1,1,18,3,126,23,0.71,0.06,0.79,0.3,0.23,0.11,0.12,0.2,-0.02,-0.01,-0.03,-0.03,-0.08,-0.06,3,547,78,64,0.67,0.67,0.67,0.67,45683,0.271,44212,0.263,213,0.016,1111,0.008,105,0.003,-0.0041,-0.0017,-0.001,2771,0.211,1525,0.116,42807,0.327,42667,0.326,7845,0.246,12166,0.381,0.07,0.19,0.19,2.5,0.02,0.43,0.01,0.01,0.87,0.21,Uncertain
"Douglas County, OR",41019,Micropolitan,"Roseburg, OR",Micropolitan,OR,10,110980,1,0.026,0,0,0,0,0.001,117,105,2,1.8,-0.1,-0.33,0.001,130,117,3,2.7,3682,3318,78,70,2,0,Hotspot,Recent,High,High,0.06,917,826,0,0.97,-0.005,0.02,0,0.01,0.065,903,814,0,0.96,8,6,1,1,0.74,0.05,0.57,0.21,0.07,0.04,1,,0.03,-0.01,-0.13,-0.04,-0.05,-0.02,3,141,18,43,1,0.67,1,1,46541,0.419,39840,0.359,109,0.015,1172,0.013,298,0.01,-0.008,-0.0027,0.0018,1050,0.143,411,0.056,45460,0.507,39426,0.44,21411,0.733,19529,0.669,0.07,0.16,0.26,2.4,0,0.06,0.02,0.01,0.73,0.39,Uncertain
"St. Louis city, MO",29510,Large central metro,"St. Louis, MO-IL",Metropolitan,MO,7,300576,0.107,0.049,0.001,1,14286,0.048,0.001,117,39,3,1,-0.08,-0.67,0.001,127,42,9,3,25094,8349,516,172,0,32,ModerateBurden,,Moderate,Moderate,0.039,4416,1469,0,0.99,0,-0.25,0,0,0.039,5891,1960,0,0.99,28,2,102,5,0.85,0.03,0.92,0.09,0.41,0.06,-0.3,0.19,-0.02,0,-0.02,-0.01,-0.04,-0.01,6,1867,262,357,1,1,1,1,131613,0.438,102612,0.341,472,0.029,2163,0.009,263,0.006,-0.0065,-0.0006,0.0001,4265,0.26,1662,0.101,127332,0.521,100949,0.413,28637,0.666,24022,0.559,0.12,0.24,0.14,2.1,0.45,0.04,0,0.04,0.78,0.55,Uncertain
"Johnson County, IN",18081,Large fringe metro,"Indianapolis-Carmel-Anderson, IN",Metropolitan,IN,5,158167,0.076,0.023,0,0,931,0.006,0.001,117,74,2,1.3,0.67,,0.001,70,44,0,0,18342,11597,384,243,0,50,ModerateBurden,,Substantial,Moderate,0.036,2677,1693,1,0.97,-0.009,0.97,-6,0.5,0.045,1357,858,7,0.47,0,,0,,,,,,,,,,,,,,,,1,0,0,0,0,0,1,0,71176,0.45,58895,0.372,376,0.028,848,0.007,52,0.002,-0.0024,-0.0047,-0.0012,2767,0.205,955,0.071,68409,0.573,57940,0.486,20292,0.864,19207,0.818,0.07,0.09,0.15,2.7,0.02,0.04,0,0.04,0.14,0.39,Uncertain
"Unallocated, MA",25000,,,,MA,1,,,,,,,,0.001,117,,0,,-0.32,,0.001,172,,0,,47022,,7,,0,,,,,,0.004,1807,,,,-0.001,-0.36,,,0.005,2822,,,,,,,,,,,,,,,,,,,,,,,,,,,,,,588899,,430103,,1436,,6219,,517,,,,,15610,,6540,,572666,,423482,,164362,,129227,,,,,,,,,,,,
"Luzerne County, PA",42079,Medium metro,"Scranton--Wilkes-Barre, PA",Metropolitan,PA,3,317417,0.573,0.025,0.001,0,7378,0.023,0.001,116,37,5,1.6,-0.21,0,0.001,147,46,5,1.6,31918,10056,817,257,0,41,ModerateBurdenResolving,,Moderate,Moderate,0.04,3394,1069,1,0.98,-0.001,-0.24,0,0,0.041,4443,1400,1,0.98,12,1,67,8,0.83,0.04,0.72,0.05,0.09,0,-0.58,-0.26,-0.01,-0.01,-0.06,-0.05,0.01,0,5,825,93,209,1,0.8,1,1,166734,0.525,137926,0.435,725,0.033,2694,0.011,321,0.005,-0.0221,-0.0041,-0.0016,6082,0.276,2371,0.108,160640,0.631,135555,0.532,54554,0.853,47850,0.748,0.05,0.15,0.2,2.4,0.04,0.14,0,0.01,0.61,0.28,Likely Decreasing
"Dakota County, MN",27037,Large fringe metro,"Minneapolis-St. Paul-Bloomington, MN-WI",Metropolitan,MN,5,429021,0.118,0.076,0.001,0,0,0,0.001,116,27,1,0.2,-0.37,-0.8,0.002,183,43,5,1.2,46701,10885,465,108,0,42,ModerateBurden,,Moderate,Moderate,0.02,11042,2574,1,0.97,-0.009,-0.21,0,-0.02,0.029,13936,3248,1,0.99,6,2,0,0,0.71,0.03,0.94,0.05,0.08,0,-0.46,-1,0.01,-0.02,-0.04,0.02,-0.07,-0.01,3,257,9,28,1,1,1,1,238785,0.557,204551,0.477,825,0.023,2265,0.007,193,0.003,-0.0228,-0.0045,-0.0012,13808,0.385,6821,0.19,224309,0.69,197641,0.608,55050,0.874,51969,0.825,0.04,0.06,0.15,2.6,0.07,0.08,0,0.05,0.12,0.14,Uncertain
"St. Tammany Parish, LA",22103,Large fringe metro,"New Orleans-Metairie, LA",Metropolitan,LA,6,260419,0.205,0.056,0.001,0,141,0.001,0.001,116,45,3,1.2,0.81,,0.001,64,25,0,0,26067,10010,528,203,0,32,ModerateBurden,,Moderate,Moderate,0.021,2482,953,0,0.99,0.005,-0.19,0,-0.01,0.016,3048,1170,0,0.99,8,1,1,0,0.72,0.01,0.68,0.02,0.08,0,-0.28,,0.01,0,0.02,0.01,-0.01,0,8,731,110,191,1,1,1,1,103359,0.397,93032,0.357,275,0.012,1187,0.006,126,0.003,0.0015,-0.0008,-0.0005,2417,0.107,1204,0.053,100940,0.508,91828,0.462,37605,0.825,35946,0.789,0.09,0.11,0.17,2.7,0.12,0.06,0,0.01,0.31,0.22,Likely Decreasing
"Clay County, FL",12019,Large fringe metro,"Jacksonville, FL",Metropolitan,FL,4,219252,0.141,0.01,0.001,0,0,0,0.001,115,52,1,0.5,0.95,-0.83,0,59,27,6,2.7,19321,8812,352,161,0,35,ModerateBurden,,Substantial,Moderate,0.054,1981,904,,,0.001,-0.18,,,0.053,2427,1107,,,24,5,2,0,0.93,0.04,0.87,0.08,0.32,0.11,-0.1,-0.77,0,0,0.01,0.02,0.01,0.02,3,510,51,150,1,1,1,1,76492,0.349,60121,0.274,319,0.017,1193,0.007,128,0.004,0.0035,-0.0023,-0.003,2151,0.114,802,0.043,74333,0.44,59318,0.351,28008,0.781,23063,0.643,0.1,0.11,0.16,2.8,0.12,0.1,0,0.03,0.38,0.75,Uncertain
"Monmouth County, NJ",34025,Large fringe metro,"New York-Newark-Jersey City, NY-NJ-PA",Metropolitan,NJ,2,618795,0.032,0.07,0.002,1,5248,0.008,0.001,115,19,3,0.5,-0.15,-0.67,0.001,135,22,9,1.5,75579,12214,1625,263,0,64,ModerateBurden,,Moderate,Moderate,0.011,9232,1492,0,1,-0.006,-0.25,0,0,0.016,12313,1990,0,1,15,1,9,1,0.72,0.02,0.35,0.06,0.28,0.03,-0.12,-0.57,0,0,-0.01,0,-0.01,0,5,1658,265,370,1,1,1,1,362191,0.585,295345,0.477,1366,0.027,5258,0.011,583,0.005,-0.0109,-0.0029,-0.0008,11567,0.232,4884,0.098,350595,0.716,290455,0.594,98747,0.878,85472,0.76,0.06,0.07,0.18,2.6,0.07,0.11,0,0.06,0.16,0.05,Uncertain
"Lancaster County, PA",42071,Medium metro,"Lancaster, PA",Metropolitan,PA,3,545724,1,0.043,0.002,1,11094,0.02,0.001,113,21,1,0.2,-0.45,-0.89,0.002,205,38,9,1.6,55249,10124,1155,212,0,43,ModerateBurden,,Moderate,Moderate,0.023,6298,1154,0,0.99,-0.007,-0.15,0,0.01,0.031,7378,1352,0,0.99,14,2,72,10,0.81,0.02,0.79,0.05,0.18,0.02,-0.31,-0.19,0.01,-0.01,0,-0.01,-0.01,-0.01,3,708,80,118,1,1,1,1,276647,0.507,235694,0.432,719,0.017,4928,0.012,957,0.01,-0.012,-0.0027,-0.0013,10707,0.251,5336,0.125,265932,0.636,230356,0.551,94796,0.944,84231,0.839,0.12,0.1,0.18,2.6,0.04,0.11,0,0.02,0.46,0.49,Uncertain
"Kanawha County, WV",54039,Small metro,"Charleston, WV",Metropolitan,WV,3,178124,0.693,0.099,0.001,0,3503,0.02,0.001,113,63,5,2.8,0.49,4,0.001,76,43,1,0.6,15393,8642,350,196,0,45,ModerateBurden,,Substantial,Moderate,0.036,1833,1029,1,0.97,-0.024,-0.26,0,0.02,0.061,2481,1393,1,0.94,18,2,200,20,0.78,0.03,0.8,0.08,0.33,0.03,-0.25,-0.12,-0.01,0,0.02,0.03,-0.06,0,5,1018,134,160,1,1,1,1,58603,0.329,44302,0.249,114,0.009,832,0.006,114,0.003,-0.0078,-0.0054,-0.004,3103,0.251,1080,0.087,55460,0.389,43204,0.303,20044,0.531,17194,0.456,0.06,0.17,0.21,2.3,0.07,0.01,0,0.01,0.57,0.36,Uncertain
"Kenton County, KY",21117,Large fringe metro,"Cincinnati, OH-KY-IN",Metropolitan,KY,4,166998,0.075,0.037,0.001,0,1510,0.009,0.001,113,68,20,12,-0.18,9,0.001,138,83,2,1.2,16802,10061,199,119,1,3,ModerateBurdenResolving,Recent,Substantial,Substantial,0.023,1237,741,0,0.99,-0.008,-0.33,-1,0,0.031,1855,1111,1,0.99,8,1,54,10,0.75,0.02,0.51,0,0.25,0,-0.11,-0.08,-0.03,0,0,-0.01,-0.08,-0.01,1,551,78,59,1,1,1,1,84554,0.506,70925,0.425,283,0.022,1226,0.01,154,0.006,-0.0382,-0.0053,-0.0022,3161,0.241,1186,0.09,81392,0.638,69739,0.547,22198,0.893,20298,0.817,0.06,0.13,0.15,2.6,0.05,0.03,0,0.01,0.34,0.22,Uncertain
"Hampden County, MA",25013,Medium metro,"Springfield, MA",Metropolitan,MA,1,466372,0.669,0.068,0.001,0,16852,0.036,0.001,111,24,4,0.9,-0.23,-0.64,0.001,145,31,11,2.4,52317,11218,1530,328,0,46,ModerateBurden,,Moderate,Moderate,0.012,11409,2446,1,0.99,-0.003,-0.29,0,0,0.015,16047,3441,1,0.99,7,1,4,0,0.81,0.02,0.6,0.07,0.3,0.03,-0.47,-0.02,0,0,0.05,0.01,0,0.01,7,1348,112,216,1,1,1,1,245989,0.527,203330,0.436,1395,0.039,4749,0.013,435,0.005,-0.0111,-0.0088,-0.0081,11473,0.322,5337,0.15,234063,0.638,197918,0.539,68237,0.844,61052,0.756,0.03,0.17,0.17,2.5,0.08,0.26,0,0.03,0.82,0.38,Uncertain
"St. Charles County, MO",29183,Large fringe metro,"St. Louis, MO-IL",Metropolitan,MO,7,402022,0.143,0.066,0.001,1,7373,0.018,0.001,111,28,4,1,0.31,,0.001,85,21,0,0,43174,10739,466,116,0,22,ModerateBurden,,Moderate,Moderate,0.023,2570,639,0,0.99,-0.004,-0.18,0,0.02,0.027,3153,784,0,0.97,9,2,21,4,0.82,0.03,0.68,0.11,0.33,0.02,-0.4,-0.29,0,0.01,0.05,0.02,-0.02,0,5,482,35,58,1,1,1,1,194082,0.483,162690,0.405,817,0.025,1939,0.006,178,0.003,-0.0042,-0.0015,-0.0004,7719,0.236,3162,0.097,186358,0.602,159527,0.515,54998,0.867,50455,0.795,0.05,0.06,0.16,2.6,0.05,0.03,0,0.03,0.04,0.25,Uncertain
"Johnston County, NC",37101,Large fringe metro,"Raleigh-Cary, NC",Metropolitan,NC,4,209339,0.151,0.02,0.001,0,0,0,0.001,111,53,0,0,0.95,-1,0,57,27,2,1,22076,10546,223,107,0,33,ModerateBurden,,Substantial,Moderate,0.036,1725,824,1,0.98,-0.003,-0.29,0,0.01,0.039,2414,1153,1,0.98,8,5,61,34,0.66,0.06,0.67,0.08,0.15,0.04,0.14,-0.25,0.01,0,0.04,-0.01,-0.01,0.03,1,177,59,34,1,1,1,1,77717,0.371,64765,0.309,460,0.024,783,0.005,72,0.003,0.0088,-0.0014,-0.0003,3045,0.16,1400,0.074,74573,0.476,63347,0.405,21669,0.759,19801,0.693,0.12,0.13,0.14,2.8,0.16,0.14,0,0.01,0.54,0.85,Likely Decreasing
"Deschutes County, OR",41017,Small metro,"Bend, OR",Metropolitan,OR,10,197692,1,0.047,0.001,0,557,0.003,0.001,111,56,0,0,-0.5,-1,0.002,223,113,1,0.5,9777,4946,79,40,0,22,ModerateBurdenResolving,,Substantial,High,0.044,2291,1159,0,0.97,-0.024,-0.24,-1,-0.01,0.069,2997,1516,1,0.99,0,0,0,0,0.83,0.12,0.67,0.22,0.11,0.06,,,-0.09,-0.03,-0.23,0.03,-0.07,-0.02,2,269,30,64,1,1,1,1,111473,0.564,97717,0.494,471,0.034,1358,0.009,162,0.004,-0.0254,-0.004,-0.0024,5465,0.393,2514,0.181,105750,0.667,95179,0.6,35477,0.876,33303,0.823,0.09,0.11,0.2,2.5,0,0.08,0.01,0.01,0.16,0.08,Likely Decreasing
"Taney County, MO",29213,Micropolitan,"Branson, MO",Micropolitan,MO,7,55928,1,0.009,0,0,1533,0.027,0.001,109,195,1,1.8,0.76,,0.001,62,111,0,0,5539,9904,97,173,1,0,Hotspot,New,High,High,0.097,430,769,1,1,0.017,-0.09,0,0.03,0.079,474,848,1,0.97,10,11,0,0,0.93,0.07,0.85,0.38,0.17,0.06,0.33,,0.01,0.01,0,0.02,0,-0.01,1,95,14,18,1,1,1,1,16323,0.292,13510,0.242,28,0.007,194,0.004,20,0.002,-0.0022,0.0002,-0.0006,311,0.075,149,0.036,16011,0.362,13360,0.302,7403,0.598,6329,0.511,0.17,0.17,0.22,2.4,0.02,0.06,0.01,0.01,0.82,0.46,Uncertain
"Saginaw County, MI",26145,Small metro,"Saginaw, MI",Metropolitan,MI,5,190539,1,0.019,0.001,1,6743,0.035,0.001,109,57,7,3.7,-0.15,0.17,0.001,128,67,6,3.1,21313,11186,609,320,0,40,ModerateBurdenResolving,,Substantial,Substantial,0.035,2099,1102,0,0.98,-0.029,-0.5,0,0.01,0.064,4167,2187,0,0.97,7,1,9,1,0.87,0.05,0.93,0.01,0.41,0.02,-0.45,-0.35,-0.03,-0.02,0,-0.04,-0.03,-0.02,4,710,86,181,1,1,1,1,81748,0.429,74949,0.393,56,0.004,477,0.003,61,0.002,-0.0027,-0.0024,-0.0012,1488,0.104,1339,0.093,80259,0.536,73610,0.492,30350,0.811,28649,0.766,0.05,0.18,0.2,2.4,0.18,0.09,0,0.01,0.7,0.52,Uncertain
"St. Johns County, FL",12109,Large fringe metro,"Jacksonville, FL",Metropolitan,FL,4,264672,0.17,0.012,0.001,0,2555,0.01,0.001,108,41,0,0,0.29,-1,0.001,84,32,2,0.8,23336,8817,221,83,0,41,ModerateBurden,,Moderate,Moderate,0.023,2979,1126,,,0,-0.12,,,0.024,3384,1279,,,12,4,3,1,0.69,0.02,0.54,0.04,0.27,0.02,0.71,-0.57,-0.02,-0.01,0.02,-0.04,-0.01,-0.03,1,335,44,36,1,1,1,1,142064,0.537,124205,0.469,520,0.024,1229,0.006,127,0.002,-0.0026,-0.0018,-0.0013,5277,0.246,2346,0.11,136771,0.659,121857,0.587,51925,0.95,48621,0.89,0.08,0.08,0.21,2.7,0.05,0.07,0,0.03,0.08,0.13,Likely Decreasing
"Baltimore County, MD",24005,Large fringe metro,"Baltimore-Columbia-Towson, MD",Metropolitan,MD,3,827370,0.295,0.137,0.003,2,34027,0.041,0.001,108,13,5,0.6,-0.44,-0.96,0.002,192,23,127,15.3,65735,7945,1662,201,0,44,ModerateBurden,,Moderate,Moderate,0.008,14661,1772,1,0.96,-0.006,-0.36,0,-0.03,0.014,23088,2791,1,0.99,47,5,307,30,0.83,0.05,0.73,0.11,0.2,0.02,-0.18,0.02,-0.02,-0.01,-0.09,-0.06,-0.05,-0.04,5,1028,98,188,1,1,1,1,465083,0.562,399001,0.482,1493,0.025,6432,0.01,713,0.005,-0.0498,-0.0083,-0.0036,23155,0.383,10345,0.171,441902,0.681,388649,0.599,126078,0.868,116507,0.802,0.06,0.09,0.18,2.6,0.3,0.06,0,0.06,0.38,0.21,Uncertain
"Comal County, TX",48091,Large fringe metro,"San Antonio-New Braunfels, TX",Metropolitan,TX,6,156209,0.061,0.005,0,0,0,0,0.001,107,68,2,1.3,0.49,1,0.001,72,46,1,0.6,10929,6996,301,193,0,20,EmergingHotspot,,Substantial,Moderate,0.087,1338,857,1,1,0.031,-0.11,0,0,0.057,1501,961,1,1,6,4,1,1,0.55,0.02,0.4,0.03,0.26,0,1.04,,-0.07,-0.02,-0.07,-0.05,-0.07,-0.02,2,171,22,48,1,1,1,1,,,,,,,,,,,,,,,,,,,,,,,,,,0.12,0.08,0.18,2.7,0.02,0.28,0,0.01,0.24,0.39,Uncertain
"Horry County, SC",45051,Medium metro,"Myrtle Beach-Conway-North Myrtle Beach, SC-NC",Metropolitan,SC,4,354081,0.713,0.069,0.001,1,9135,0.026,0.001,106,30,2,0.6,-0.27,-0.33,0.001,146,41,3,0.8,39426,11135,582,164,0,43,ModerateBurden,,Moderate,Moderate,0.032,2663,752,1,0.97,0.002,-0.22,0,-0.01,0.03,3404,961,1,0.98,8,1,15,2,0.83,0.02,0.85,0.03,0.14,0.01,-0.32,-0.05,-0.05,0,-0.01,0,0,-0.01,3,674,93,138,1,1,1,1,155394,0.439,132967,0.376,226,0.01,1763,0.006,380,0.004,-0.0014,-0.0003,0.0016,2311,0.106,1222,0.056,152910,0.524,131688,0.451,74741,0.842,66929,0.754,0.14,0.16,0.25,2.5,0.13,0.06,0,0.01,0.61,0.23,Uncertain
"Camden County, NJ",34007,Large fringe metro,"Philadelphia-Camden-Wilmington, PA-NJ-DE-MD",Metropolitan,NJ,2,506471,0.083,0.057,0.002,1,5376,0.011,0.001,106,21,8,1.6,-0.5,3,0.002,210,41,2,0.4,55675,10993,1316,260,0,46,ModerateBurden,,Moderate,Moderate,0.017,8094,1598,0,1,-0.004,-0.25,0,0,0.021,10828,2138,0,1,57,2,165,7,0.64,0.02,0.41,0.03,0.4,0.02,-0.2,-0.04,-0.01,-0.01,0,-0.01,0.02,-0.01,4,2423,417,275,1,1,1,1,293312,0.579,236214,0.466,1471,0.037,4632,0.012,456,0.006,-0.0104,-0.0051,-0.0028,13174,0.335,5715,0.146,280118,0.714,230490,0.588,70569,0.866,60834,0.746,0.07,0.13,0.16,2.7,0.19,0.18,0,0.06,0.61,0.37,Uncertain
"Lucas County, OH",39095,Medium metro,"Toledo, OH",Metropolitan,OH,5,428348,0.667,0.037,0.001,1,16887,0.039,0.001,105,25,0,0,-0.45,-1,0.002,191,45,1,0.2,43203,10086,810,189,0,43,ModerateBurden,,Moderate,Moderate,0.018,4090,955,1,0.98,-0.014,-0.29,0,0.01,0.032,5747,1342,1,0.97,31,2,43,2,0.63,0.02,0.47,0.04,0.3,0.02,-0.53,-0.37,0.01,-0.01,-0.01,-0.02,0.03,0,9,2058,391,489,1,1,1,1,190580,0.445,173467,0.405,567,0.017,2005,0.006,307,0.004,-0.0048,-0.0034,-0.0004,8162,0.248,3830,0.117,182378,0.553,169632,0.514,59123,0.826,56103,0.784,0.06,0.19,0.17,2.4,0.2,0.07,0,0.02,0.69,0.32,Uncertain
"Fayette County, KY",21067,Medium metro,"Lexington-Fayette, KY",Metropolitan,KY,4,323152,0.625,0.072,0.001,1,27134,0.084,0.001,105,32,6,1.9,-0.24,5,0.001,139,43,1,0.3,36269,11224,314,97,0,30,ModerateBurden,,Moderate,Moderate,0.024,4805,1487,0,1,-0.003,-0.32,0,0,0.027,7040,2179,0,1,64,4,26,2,0.66,0.03,0.89,0.08,0.4,0.03,0.53,0.45,0,0,0.02,0,0.01,0,6,1726,260,409,1,0.83,1,1,196004,0.607,159184,0.493,545,0.025,2319,0.009,410,0.009,-0.0246,-0.0038,0.0034,8843,0.402,3560,0.162,187141,0.731,155623,0.608,43012,0.96,37471,0.836,0.07,0.18,0.14,2.4,0.15,0.07,0,0.04,0.49,0.13,Uncertain
"Baldwin County, AL",1003,Small metro,"Daphne-Fairhope-Foley, AL",Metropolitan,AL,4,223234,1,0.046,0.001,0,0,0,0.001,104,47,1,0.4,0.58,0,0.001,66,30,1,0.4,21724,9731,312,140,0,12,ModerateBurden,,Moderate,Moderate,0.058,1014,454,1,0.99,-0.02,-0.31,0,0,0.078,1460,654,1,0.99,5,1,20,5,0.7,0.02,0.84,0.08,0.22,0.04,-0.67,0.25,-0.08,-0.01,-0.03,0,-0.02,0.02,3,371,32,42,1,1,1,1,74158,0.332,58754,0.263,10,0.001,212,0.001,47,0.001,-0.0002,-0.0009,-0.0006,627,0.037,282,0.017,73526,0.419,58471,0.333,35447,0.757,29034,0.62,0.1,0.11,0.21,2.6,0.09,0.05,0.01,0.01,0.22,0.38,Uncertain
"Polk County, IA",19153,Medium metro,"Des Moines-West Des Moines, IA",Metropolitan,IA,7,490161,0.701,0.155,0.001,0,5630,0.011,0.001,104,21,0,0,0.24,-1,0.001,84,17,5,1,58115,11856,636,130,0,63,ModerateBurden,,Moderate,Moderate,0.02,3914,799,1,0.98,-0.004,-0.31,0,-0.01,0.024,5634,1149,1,1,20,1,284,18,0.7,0.01,0.83,0.03,0.33,0.01,-0.26,0.33,-0.02,0,0.02,0.01,-0.03,0,5,1578,148,275,1,0.8,1,1,261767,0.534,226923,0.463,1206,0.03,2718,0.007,220,0.003,-0.0175,-0.0043,-0.0006,14087,0.355,6052,0.153,247675,0.671,220871,0.598,60294,0.912,56756,0.859,0.05,0.11,0.13,2.5,0.07,0.09,0,0.05,0.38,0.25,Uncertain
"Elkhart County, IN",18039,Small metro,"Elkhart-Goshen, IN",Metropolitan,IN,5,206341,1,0.031,0.001,0,857,0.004,0.001,104,50,7,3.4,-0.21,0.75,0.001,131,63,4,1.9,29290,14195,458,222,0,29,ModerateBurdenResolving,,Substantial,Substantial,0.055,1659,804,1,0.98,-0.017,-0.32,0,-0.01,0.071,2424,1175,1,0.98,11,3,1,0,0.68,0.05,0.65,0.13,0.13,0.06,-0.52,,-0.02,-0.02,0.01,-0.02,0.02,-0.01,2,342,36,49,1,1,1,1,67587,0.328,56548,0.274,263,0.014,1008,0.007,81,0.003,-0.0024,-0.0028,-0.0015,2674,0.138,1007,0.052,64911,0.433,55539,0.371,22154,0.71,20835,0.668,0.15,0.13,0.15,2.8,0.06,0.17,0,0.01,0.77,0.46,Uncertain
"Polk County, MO",29167,Medium metro,"Springfield, MO",Metropolitan,MO,7,32149,0.068,0.005,0,0,2074,0.065,0.001,103,320,0,0,0.84,-1,0,56,174,1,3.1,3458,10756,37,115,1,0,SustainedHotspot,New,High,High,0.191,220,684,0,1,0.102,0.06,0,0,0.089,208,647,0,1,4,5,0,0,0.44,0.06,0.67,0.21,0.25,0.14,-0.2,,0.07,0.01,0.23,0.06,0.12,0.02,1,85,10,8,1,1,1,1,8811,0.274,7259,0.226,20,0.008,103,0.004,19,0.003,0.0008,0.0014,0.0026,136,0.052,44,0.017,8675,0.349,7215,0.29,3764,0.641,3360,0.572,0.12,0.15,0.18,2.6,0.01,0.03,0.01,0.01,0.6,0.53,Uncertain
"Mohave County, AZ",4015,Small metro,"Lake Havasu City-Kingman, AZ",Metropolitan,AZ,9,212181,1,0.029,0.001,0,0,0,0.001,102,48,5,2.4,-0.11,-0.38,0.001,114,54,8,3.8,23179,10924,740,349,0,0,ModerateBurden,,Substantial,Substantial,0.082,1950,919,1,1,0.015,0.17,0,0,0.068,1666,785,1,1,44,8,2,0,0.59,0.02,0.53,0.02,0.1,0,0.23,-0.5,0.01,0.01,0.01,-0.01,0,0,4,530,64,85,1,1,1,1,72316,0.341,54091,0.255,88,0.007,959,0.005,305,0.005,-0.0009,-0.0019,-0.0009,532,0.042,155,0.012,71780,0.406,53935,0.305,39344,0.597,31090,0.472,0.1,0.17,0.31,2.4,0.01,0.17,0.02,0.01,0.86,0.48,Uncertain
"San Francisco County, CA",6075,Large central metro,"San Francisco-Oakland-Berkeley, CA",Metropolitan,CA,9,881549,0.186,0.022,0.003,2,40533,0.046,0.001,102,12,2,0.2,0.15,-0.5,0.001,89,10,4,0.5,37118,4211,552,63,0,42,ModerateBurden,,Moderate,Moderate,,15425,1750,,,,-0.4,,,0.005,25592,2903,,,6,0,27,1,0.69,0,0.64,0.02,0.16,0,-0.26,-0.33,-0.01,0,-0.03,0.01,0,0,11,2248,275,687,1,0.91,1,1,640561,0.727,544603,0.618,2045,0.059,6167,0.008,697,0.005,0.0007,-0.0019,0.0005,24702,0.713,13992,0.404,614308,0.805,530149,0.694,121681,0.858,107047,0.755,0.04,0.11,0.16,2.4,0.05,0.15,0,0.35,0.39,0.13,Uncertain
"Sweetwater County, WY",56037,Micropolitan,"Rock Springs, WY",Micropolitan,WY,8,42343,1,0.073,0,0,0,0,0.001,101,239,0,0,0.84,,0,55,130,0,0,4597,10857,39,92,1,0,SustainedHotspot,New,High,High,0.168,308,727,2,0.99,0.025,-0.36,1,0.04,0.144,482,1138,1,0.95,2,4,0,0,0.31,0.03,0.27,0.14,0,0,0,,-0.04,-0.01,-0.14,-0.03,0,0,1,51,9,9,1,1,1,1,13266,0.313,10935,0.258,65,0.017,173,0.006,26,0.005,0.0141,0.0013,0.0015,220,0.058,45,0.012,13044,0.416,10890,0.347,4347,0.792,3957,0.721,0.12,0.12,0.13,2.7,0.01,0.16,0.01,0.01,0.37,0.06,Uncertain
"Stark County, OH",39151,Medium metro,"Canton-Massillon, OH",Metropolitan,OH,5,370606,0.932,0.032,0.001,0,5560,0.015,0.001,101,27,0,0,-0.32,-1,0.001,148,40,1,0.3,33201,8959,925,250,0,13,ModerateBurden,,Moderate,Moderate,0.02,3973,1072,1,0.97,-0.01,-0.21,0,-0.01,0.029,5035,1359,1,0.98,29,4,8,1,0.83,0.04,0.67,0.05,0.25,0.02,-0.36,-0.27,0,-0.01,-0.03,-0.02,-0.01,0,5,710,124,108,1,1,1,1,155940,0.421,141652,0.382,575,0.021,1881,0.006,293,0.004,-0.0088,-0.0038,-0.0018,5032,0.181,2123,0.076,150906,0.517,139529,0.478,57488,0.778,55081,0.746,0.06,0.14,0.2,2.4,0.08,0.02,0,0.01,0.37,0.11,Uncertain
"Grays Harbor County, WA",53027,Micropolitan,"Aberdeen, WA",Micropolitan,WA,10,75061,1,0.01,0,0,0,0,0.001,101,135,2,2.7,-0.09,1,0.001,111,148,1,1.3,4483,5972,73,97,0,5,SustainedHotspot,,High,High,0.07,901,1200,,,0.018,-0.43,,,0.052,1570,2092,,,16,27,0,0,0.82,0.12,0.86,0.18,0.04,0.02,-0.17,-1,0.01,0.05,-0.05,0.18,0.01,0.02,2,60,4,30,1,1,1,1,34693,0.462,30182,0.402,147,0.028,590,0.01,75,0.004,-0.0089,-0.0053,-0.0026,959,0.185,366,0.071,33733,0.564,29816,0.499,13448,0.803,12460,0.744,0.08,0.16,0.22,2.4,0.01,0.1,0.04,0.01,0.84,0.66,Uncertain
"Winnebago County, IL",17201,Medium metro,"Rockford, IL",Metropolitan,IL,5,282572,0.841,0.022,0.001,0,936,0.003,0.001,101,36,6,2.1,-0.55,-0.14,0.002,226,80,7,2.5,33984,12027,499,177,0,33,ModerateBurdenResolving,,Moderate,Substantial,0.033,3983,1410,0,0.99,-0.005,-0.36,0,0,0.038,6208,2197,0,1,26,3,27,3,0.65,0.04,0.68,0.09,0.29,0.07,-0.08,-0.16,0.03,-0.01,0.02,-0.05,-0.02,-0.03,3,844,131,138,1,1,1,1,135060,0.478,101444,0.359,408,0.018,1871,0.009,258,0.005,-0.0135,-0.0041,-0.0005,5498,0.242,1891,0.083,129343,0.597,99542,0.46,43725,0.86,35542,0.699,0.07,0.16,0.18,2.5,0.13,0.14,0,0.03,0.72,0.59,Uncertain
"Sussex County, DE",10005,Medium metro,"Salisbury, MD-DE",Metropolitan,DE,3,234225,0.563,0.241,0.001,0,0,0,0.001,100,43,4,1.7,-0.2,,0.001,125,53,0,0,26072,11131,497,212,0,38,ModerateBurden,,Moderate,Substantial,0.024,3503,1496,1,0.98,-0.002,-0.13,0,0,0.026,4006,1710,1,0.98,19,4,223,42,0.62,0.03,0.58,0.03,0.1,0.01,0.9,-0.03,-0.03,0,-0.07,-0.08,0,-0.03,3,537,39,74,1,1,1,1,132452,0.565,109893,0.469,359,0.025,1407,0.007,234,0.003,-0.0163,-0.0057,-0.0025,3173,0.219,1350,0.093,129259,0.676,108540,0.567,62114,0.923,54836,0.815,0.07,0.12,0.29,2.4,0.12,0.09,0,0.01,0.4,0.34,Likely Decreasing
"Baltimore city, MD",24510,Large central metro,"Baltimore-Columbia-Towson, MD",Metropolitan,MD,3,593490,0.212,0.098,0.002,3,35719,0.06,0.001,100,17,8,1.3,-0.08,-0.92,0.001,109,18,104,17.5,52952,8922,1231,207,0,45,ModerateBurden,,Moderate,Moderate,0.018,16629,2802,1,0.98,-0.002,-0.35,0,-0.02,0.02,25451,4288,1,0.99,79,2,511,13,0.76,0.03,0.74,0.05,0.21,0.02,-0.16,-0.02,-0.02,-0.01,-0.04,-0.01,0,0,16,3821,538,1253,1,0.94,1,1,284455,0.479,240762,0.406,844,0.023,5079,0.011,653,0.008,-0.0149,-0.0053,-0.0031,8274,0.227,3698,0.101,276162,0.583,237059,0.5,64114,0.744,57684,0.67,0.07,0.22,0.15,2.5,0.62,0.06,0,0.03,0.83,0.59,Uncertain
"Butte County, CA",6007,Small metro,"Chico, CA",Metropolitan,CA,9,219186,1,0.006,0.001,1,16001,0.073,0.001,100,46,4,1.8,-0.36,3,0.001,156,71,1,0.5,12527,5715,194,89,0,5,ModerateBurden,,Moderate,Substantial,,1547,706,,,,-0.48,,,0.03,2958,1350,,,11,3,0,0,0.82,0.02,0.81,0.03,0.1,0,0.57,,0.02,0,0.17,0,0.05,0,3,431,38,79,1,1,1,1,91277,0.416,77352,0.353,323,0.021,996,0.006,118,0.003,-0.0027,-0.0019,-0.0012,2536,0.169,1289,0.086,88642,0.507,76043,0.435,30840,0.767,26531,0.66,0.07,0.2,0.18,2.6,0.02,0.17,0.02,0.05,0.81,0.48,Uncertain
"Unallocated, UT",49000,,,,UT,8,,,,,,,,0.001,99,,1,,-0.59,-0.5,0.002,241,,2,,3836,,27,,0,,,,,,0.021,1340,,,,0.01,-0.04,,,0.011,1399,,,,,,,,,,,,,,,,,,,,,,,,,,,,,,35413,,39417,,37,,329,,33,,,,,1640,,1539,,33744,,37863,,8924,,5064,,,,,,,,,,,,
"Norfolk County, MA",25021,Large fringe metro,"Boston-Cambridge-Newton, MA-NH",Metropolitan,MA,1,706775,0.145,0.103,0.002,0,10660,0.015,0.001,99,14,6,0.8,-0.09,0,0.001,109,15,6,0.8,54902,7768,1795,254,0,57,ModerateBurden,,Moderate,Moderate,0.005,19756,2795,1,1,0,-0.28,0,0,0.006,27308,3864,1,1,5,1,66,8,0.83,0.01,0.75,0.09,0.35,0,-0.58,0.88,0.01,-0.01,0.08,0.03,0.04,0,6,786,44,157,0.83,0.83,1,0.83,473322,0.67,405527,0.574,2730,0.051,5119,0.009,402,0.003,-0.0198,-0.0011,-0.0003,29878,0.564,14900,0.281,441957,0.789,390354,0.697,106898,0.877,97313,0.799,0.02,0.06,0.17,2.6,0.07,0.05,0,0.12,0.21,0.16,Uncertain
"Lafourche Parish, LA",22057,Small metro,"Houma-Thibodaux, LA",Metropolitan,LA,6,97614,0.469,0.021,0,1,5102,0.052,0.001,99,101,1,1,0.9,,0,52,53,0,0,9907,10149,205,210,0,0,EmergingHotspot,,High,Substantial,0.044,859,880,0,1,0.015,-0.17,0,0,0.03,1029,1054,0,1,7,5,0,0,0.56,0.07,0.59,0.1,0.03,0,0.4,,0.02,0.02,-0.1,0.01,-0.04,0,3,154,29,63,1,1,1,1,27780,0.285,24665,0.253,55,0.007,335,0.004,40,0.003,-0.0013,-0.0006,-0.0003,415,0.055,203,0.027,27364,0.364,24462,0.326,10384,0.667,9391,0.603,0.1,0.16,0.16,2.6,0.13,0.04,0.03,0.01,0.77,0.49,Likely Decreasing
"Yellowstone County, MT",30111,Small metro,"Billings, MT",Metropolitan,MT,8,161300,0.888,0.151,0,0,3396,0.021,0.001,98,61,1,0.6,-0.12,-0.67,0.001,112,69,3,1.9,17750,11004,269,167,0,8,ModerateBurden,,Substantial,Substantial,0.039,1756,1089,1,0.94,-0.01,-0.15,0,-0.04,0.048,2067,1281,1,0.97,38,6,39,7,0.77,0.04,0.64,0.11,0.17,0.02,-0.03,-0.5,-0.02,0,0.03,0.03,0.01,0.01,3,596,66,185,1,1,1,1,65765,0.408,58204,0.361,201,0.016,966,0.008,150,0.005,-0.0022,0.0009,0.0006,1961,0.154,925,0.073,63793,0.516,57274,0.463,23059,0.821,21583,0.768,0.09,0.1,0.17,2.4,0.01,0.06,0.04,0.01,0.25,0.03,Uncertain
"Muskegon County, MI",26121,Small metro,"Muskegon, MI",Metropolitan,MI,5,173566,1,0.017,0.001,0,0,0,0.001,97,56,9,5.2,-0.29,0.8,0.001,137,79,5,2.9,16185,9325,364,210,0,31,ModerateBurdenResolving,,Substantial,Substantial,0.037,3355,1933,0,0.98,-0.015,-0.41,0,0,0.052,5735,3304,0,0.98,2,1,0,0,1,0.09,1,0.23,0.24,0.06,-0.82,,0.03,-0.02,0,-0.02,0.03,-0.01,2,281,32,100,0.5,0.5,1,0.5,74142,0.427,68027,0.392,136,0.01,470,0.004,52,0.002,0.0034,-0.0022,-0.001,1594,0.116,1323,0.097,72547,0.542,66704,0.498,25219,0.825,24051,0.787,0.05,0.17,0.18,2.5,0.14,0.06,0.01,0.01,0.7,0.56,Uncertain
"Bucks County, PA",42017,Large fringe metro,"Philadelphia-Camden-Wilmington, PA-NJ-DE-MD",Metropolitan,PA,3,628270,0.103,0.049,0.002,0,2727,0.004,0.001,97,15,8,1.3,-0.39,0,0.001,158,25,8,1.3,60682,9659,1309,208,0,46,ModerateBurden,,Moderate,Moderate,0.014,7279,1159,1,0.98,-0.007,-0.29,0,-0.01,0.02,10282,1637,1,0.99,24,3,28,3,0.65,0.02,0.53,0.04,0.11,0.01,-0.09,-0.41,-0.02,-0.01,-0.07,-0.03,-0.03,0,6,891,113,182,1,1,1,1,399427,0.636,307354,0.489,2928,0.061,6771,0.014,978,0.008,-0.0191,-0.0024,0.0006,20315,0.423,7965,0.166,379044,0.756,299360,0.597,115079,0.953,94058,0.779,0.04,0.06,0.19,2.6,0.04,0.06,0,0.05,0.08,0.14,Uncertain
"Mahoning County, OH",39099,Medium metro,"Youngstown-Warren-Boardman, OH-PA",Metropolitan,OH,5,228683,0.427,0.02,0.001,1,9687,0.042,0.001,96,42,0,0,-0.35,-1,0.001,147,64,1,0.4,22270,9738,595,260,0,11,ModerateBurden,,Moderate,Substantial,0.023,2915,1275,1,0.97,-0.019,-0.17,0,-0.02,0.042,3504,1532,1,0.98,28,4,34,4,0.78,0.04,0.33,0.05,0.28,0.02,-0.38,-0.33,-0.01,-0.01,0.01,0.01,0.03,0.01,5,778,155,208,1,1,1,1,101240,0.443,91892,0.402,268,0.017,1229,0.007,167,0.003,-0.0093,-0.0026,-0.0013,2543,0.157,1177,0.073,98693,0.539,90715,0.495,39222,0.8,36851,0.752,0.05,0.18,0.21,2.3,0.15,0.06,0,0.01,0.59,0.35,Likely Decreasing
"Cumberland County, PA",42041,Medium metro,"Harrisburg-Carlisle, PA",Metropolitan,PA,3,253370,0.438,0.02,0.001,1,10419,0.041,0.001,96,38,0,0,0.12,-1,0.001,86,34,2,0.8,20499,8091,524,207,0,39,ModerateBurden,,Moderate,Moderate,0.021,1894,748,1,0.96,-0.014,-0.37,0,-0.03,0.035,2983,1177,1,1,12,3,21,6,0.82,0.04,0.73,0.03,0.13,0.02,-0.07,0.41,0.01,-0.01,0.04,-0.03,-0.02,0,2,354,53,59,1,1,1,1,158416,0.625,115634,0.456,606,0.035,2395,0.012,416,,-0.0356,-0.0141,0,6219,0.355,1598,0.091,152173,0.753,114028,0.564,50609,0.999,38425,0.805,0.06,0.07,0.19,2.4,0.04,0.04,0,0.05,0.16,0.3,Likely Decreasing
"McLennan County, TX",48309,Medium metro,"Waco, TX",Metropolitan,TX,6,256623,0.937,0.009,0.001,1,16451,0.064,0.001,96,37,3,1.2,-0.31,0.5,0.001,140,55,2,0.8,27592,10752,478,186,0,30,ModerateBurden,,Moderate,Substantial,0.015,2464,960,0,1,-0.017,-0.19,-1,0.01,0.033,3042,1185,1,0.99,9,2,18,4,0.89,0.04,0.95,0.1,0.28,0.04,-0.73,0.27,-0.03,0,0.02,0,0,0,2,416,50,113,1,1,1,1,,,,,,,,,,,,,,,,,,,,,,,,,,0.15,0.19,0.15,2.7,0.14,0.27,0,0.02,0.84,0.58,Likely Decreasing
"Erie County, PA",42049,Medium metro,"Erie, PA",Metropolitan,PA,3,269728,1,0.021,0.001,0,13609,0.05,0.001,96,36,0,0,-0.27,-1,0.001,131,49,4,1.5,21121,7830,416,154,0,38,ModerateBurden,,Moderate,Moderate,0.035,2518,934,1,0.99,-0.011,-0.19,0,-0.01,0.047,3099,1149,1,1,14,2,3,0,0.81,0.02,0.89,0.06,0.2,0,1.39,-0.23,-0.01,-0.01,-0.01,-0.02,0.01,-0.01,6,717,126,194,1,0.83,1,1,128316,0.476,114348,0.424,541,0.027,2884,0.014,394,0.008,-0.0106,0.0033,0.0025,4774,0.238,2231,0.111,123533,0.581,112116,0.527,37893,0.754,37491,0.746,0.05,0.16,0.19,2.4,0.07,0.04,0,0.02,0.62,0.5,Likely Decreasing
"Alachua County, FL",12001,Medium metro,"Gainesville, FL",Metropolitan,FL,4,269043,0.817,0.013,0.001,1,44135,0.164,0.001,95,35,2,0.7,-0.3,0,0.001,135,50,2,0.7,25534,9491,285,106,0,39,ModerateBurden,,Moderate,Substantial,0.042,3386,1259,,,-0.015,-0.08,,,0.057,3698,1375,,,56,3,30,2,0.81,0.03,0.87,0.05,0.27,0.02,-0.03,0.31,-0.01,0,-0.01,-0.01,-0.03,-0.01,4,1799,334,408,1,0.75,1,1,142042,0.528,121967,0.453,621,0.041,1482,0.007,119,0.003,-0.0288,-0.0028,-0.0014,4896,0.322,1862,0.123,137133,0.621,120103,0.544,36796,0.937,34160,0.87,0.09,0.22,0.15,2.5,0.2,0.1,0,0.06,0.47,0.14,Likely Decreasing
"Richland County, SC",45079,Medium metro,"Columbia, SC",Metropolitan,SC,4,415759,0.496,0.081,0.001,1,35654,0.086,0.001,95,23,1,0.2,-0.07,-0.75,0.001,102,25,4,1,47247,11364,572,138,0,43,ModerateBurden,,Moderate,Moderate,0.017,6144,1478,1,0.93,-0.002,-0.15,0,-0.05,0.019,7256,1745,1,0.98,6,1,5,0,0.69,0,0.67,0,0.28,0,0.2,0,0,0,-0.04,0,-0.01,0,5,1113,121,156,1,0.8,1,1,183308,0.441,149749,0.36,730,0.024,3119,0.01,303,0.006,-0.0108,-0.0034,0.0007,6612,0.216,3156,0.103,176341,0.54,146483,0.448,49246,0.898,42542,0.776,0.09,0.16,0.13,2.5,0.48,0.05,0,0.03,0.63,0.25,Uncertain
"Hawaii County, HI",15001,Micropolitan,"Hilo, HI",Micropolitan,HI,9,201513,1,0.142,0.001,0,2644,0.013,0.001,94,47,0,0,-0.02,,0.001,96,48,0,0,3043,1510,53,26,3,0,ModerateBurden,Recent,Moderate,Moderate,0.011,2990,1484,1,0.97,-0.003,-0.08,0,-0.01,0.014,3251,1613,1,0.98,3,1,3,1,0.71,0.01,0.62,0.04,0.11,0,0.51,2.03,0.01,0,-0.07,-0.05,0.01,0,6,349,24,62,1,1,1,1,,,,,,,,,,,,,,,,,,,,,,,,,,0.05,0.17,0.22,2.8,0.01,0.13,0,0.2,0.58,0.4,Uncertain
"Ascension Parish, LA",22005,Medium metro,"Baton Rouge, LA",Metropolitan,LA,6,126604,0.148,0.027,0,0,0,0,0.001,93,73,0,0,-0.06,-1,0.001,99,78,1,0.8,12664,10003,167,132,0,18,ModerateBurdenResolving,,Substantial,Substantial,0.049,631,498,0,0.99,-0.002,-0.27,0,-0.01,0.051,861,680,0,1,0,0,0,0,0.01,0,,,0,0,,,-0.02,0,,,0,0,2,35,0,2,1,1,1,1,41589,0.328,36484,0.288,168,0.015,472,0.005,36,0.002,-0.0013,-0.0028,-0.0016,1148,0.1,549,0.048,40435,0.435,35934,0.386,12111,0.779,11446,0.736,0.07,0.12,0.12,2.8,0.24,0.06,0,0.01,0.4,0.38,Likely Decreasing
"Berkeley County, WV",54003,Medium metro,"Hagerstown-Martinsburg, MD-WV",Metropolitan,WV,3,119171,0.414,0.066,0,0,0,0,0.001,93,78,0,0,0.24,,0.001,75,63,0,0,12752,10701,126,106,0,46,ModerateBurden,,Substantial,Substantial,0.034,1419,1191,0,0.95,-0.027,-0.11,-1,0,0.062,1601,1343,1,0.95,9,4,0,0,0.67,0.04,0.43,0.08,0.18,0.05,2,,-0.02,-0.02,-0.07,-0.02,-0.01,-0.01,2,245,34,20,1,0.5,1,1,36335,0.305,27938,0.234,119,0.013,693,0.008,127,0.007,-0.0036,-0.006,-0.0057,1427,0.151,484,0.051,34889,0.38,27446,0.299,11423,0.637,9804,0.547,0.06,0.13,0.15,2.6,0.08,0.05,0,0.01,0.44,0.42,Likely Decreasing
"Harnett County, NC",37085,Micropolitan,"Fayetteville, NC",Metropolitan,NC,4,135976,0.258,0.013,0,1,5457,0.04,0.001,93,68,1,0.7,0.82,-0.5,0,51,38,2,1.5,11928,8772,177,130,0,35,ModerateBurden,,Substantial,Moderate,0.042,819,602,1,0.98,-0.019,-0.33,0,-0.01,0.062,1223,899,1,0.99,6,6,0,0,0.75,0.04,0.67,0.14,0.15,0.03,0.5,,0.02,0.02,-0.01,-0.06,0.13,0.03,1,102,14,17,1,1,1,1,37130,0.273,31360,0.231,84,0.008,353,0.003,38,0.002,-0.0084,-0.0022,-0.001,1055,0.095,492,0.044,36044,0.357,30860,0.306,12279,0.703,11306,0.648,0.11,0.17,0.13,2.8,0.21,0.13,0.01,0.01,0.79,0.77,Likely Decreasing
"Charlotte County, FL",12015,Small metro,"Punta Gorda, FL",Metropolitan,FL,4,188910,1,0.009,0.001,0,0,0,0.001,93,49,1,0.5,0.29,-0.86,0.001,72,38,7,3.7,13454,7122,437,231,0,49,ModerateBurden,,Moderate,Moderate,0.049,1850,979,,,0.005,-0.09,,,0.044,2027,1073,,,15,2,0,0,0.62,0.03,0.64,0.14,0.09,0.03,-0.42,-1,-0.01,-0.01,0.02,-0.01,0,0.01,3,643,59,98,1,1,1,1,114208,0.605,90500,0.479,126,0.015,828,0.005,188,0.002,-0.0206,-0.0023,-0.0012,1104,0.135,367,0.045,113042,0.679,90111,0.541,70531,0.915,58488,0.759,0.11,0.11,0.41,2.3,0.05,0.08,0,0.01,0.49,0.55,Likely Decreasing
"Boulder County, CO",8013,Medium metro,"Boulder, CO",Metropolitan,CO,8,326196,1,0.057,0.001,1,31497,0.097,0.001,92,28,1,0.3,-0.46,,0.001,169,52,0,0,23767,7286,233,71,0,48,ModerateBurden,,Moderate,Substantial,0.014,5657,1734,1,0.99,0,-0.17,0,-0.01,0.014,6777,2078,1,1,26,4,10,2,0.58,0.03,0.68,0.18,0.14,0.07,0.37,1.5,-0.07,0,-0.13,0.03,-0.03,0.02,4,665,66,81,1,1,1,1,146883,0.45,141347,0.433,751,0.032,2149,0.008,139,0.003,-0.0162,-0.0014,-0.0008,11809,0.507,6881,0.296,134370,0.507,134245,0.507,11571,0.239,21008,0.434,0.05,0.12,0.15,2.5,0.01,0.14,0,0.05,0.17,0.02,Uncertain
"St. Clair County, AL",1115,Large fringe metro,"Birmingham-Hoover, AL",Metropolitan,AL,4,89512,0.082,0.018,0,0,0,0,0.001,91,102,2,2.2,0.86,1,0,49,55,1,1.1,10125,11311,249,278,0,13,ModerateBurden,,High,High,0.12,652,728,0,0.88,-0.11,0,0,0.08,0.23,649,725,0,0.8,0,0,0,0,0.7,0.04,0.81,0.02,0.01,0,-1,,0.18,-0.01,-0.1,0.02,-0.01,0,1,44,6,10,1,1,1,1,24315,0.272,19513,0.218,1,0,64,0.001,12,0.001,-0.0007,-0.0022,-0.0021,161,0.023,59,0.008,24148,0.348,19454,0.281,9846,0.653,8528,0.565,0.09,0.13,0.17,2.6,0.1,0.02,0,0.01,0.37,0.65,Uncertain
"Hillsborough County, NH",33011,Medium metro,"Manchester-Nashua, NH",Metropolitan,NH,1,417025,1,0.307,0.001,0,4112,0.01,0.001,91,22,2,0.5,-0.19,0,0.001,113,27,2,0.5,36237,8689,645,155,0,49,ModerateBurden,,Moderate,Moderate,0.022,3460,830,,,0.001,-0.39,,,0.021,5628,1350,,,14,1,20,2,0.68,0.01,0.49,0.02,0.08,0,-0.12,1.86,0,0,0.01,0.01,-0.01,0,5,971,97,157,1,1,1,1,227529,0.546,190677,0.457,765,0.025,2662,0.008,216,0.003,-0.1285,0.008,0.0032,10871,0.356,4214,0.138,216581,0.651,186434,0.56,56180,0.83,50772,0.751,0.06,0.08,0.16,2.5,0.03,0.07,0,0.04,0.19,0.07,Uncertain
"Davidson County, NC",37057,Medium metro,"Winston-Salem, NC",Metropolitan,NC,4,167609,0.248,0.016,0.001,0,0,0,0.001,91,54,0,0,0.21,-1,0.001,75,45,5,3,16940,10107,193,115,0,24,ModerateBurden,,Substantial,Moderate,0.045,1255,749,1,1,-0.028,-0.34,0,0,0.073,1908,1138,1,0.99,7,3,4,2,0.54,0.03,0.64,0.12,0.12,0.02,-0.14,2.95,0.01,0,0.07,0.06,0.03,0.02,2,238,35,37,1,1,1,1,54919,0.328,48152,0.287,110,0.008,417,0.003,57,0.002,0.0008,-0.0023,-0.0015,1425,0.108,774,0.059,53453,0.407,47368,0.361,20724,0.667,19145,0.616,0.11,0.15,0.19,2.5,0.1,0.07,0,0.01,0.68,0.8,Uncertain
"Humboldt County, CA",6023,Micropolitan,"Eureka-Arcata, CA",Micropolitan,CA,9,135558,1,0.003,0,1,7148,0.053,0.001,91,67,3,2.2,1.12,,0,43,32,0,0,4382,3233,46,34,0,12,ModerateBurden,,Substantial,Moderate,,1548,1142,,,,-0.3,,,0.037,2214,1633,,,16,8,43,20,0.72,0.03,0.73,0.06,0.04,0.01,0.07,0.19,0.03,0,0.01,-0.01,-0.02,0.01,4,210,28,48,1,1,1,1,70053,0.517,58903,0.435,339,0.039,1121,0.01,171,0.007,-0.0202,-0.0001,0.0017,3019,0.348,1405,0.162,66866,0.608,57478,0.523,21023,0.835,18374,0.729,0.1,0.2,0.19,2.4,0.01,0.12,0.05,0.03,0.76,0.61,Uncertain
"Clayton County, GA",13063,Large fringe metro,"Atlanta-Sandy Springs-Alpharetta, GA",Metropolitan,GA,4,292256,0.049,0.028,0.001,0,4013,0.014,0.001,91,31,6,2.1,-0.29,-0.45,0.001,129,44,11,3.8,27242,9321,507,173,0,35,ModerateBurden,,Moderate,Moderate,0.036,2141,733,0,0.92,-0.006,-0.28,0,-0.01,0.042,2979,1019,0,0.93,21,15,19,14,0.6,0.03,0.41,0.14,0.17,0,0.62,0.73,-0.36,0,-0.18,0.05,0.08,-0.02,1,138,16,33,1,1,1,1,35507,0.121,28967,0.099,708,0.026,2305,0.011,228,0.008,0.01,0.0015,0.0008,1952,0.073,858,0.032,33542,0.158,28107,0.133,8724,0.31,7393,0.262,0.19,0.2,0.1,3,0.7,0.13,0,0.05,0.91,0.92,Uncertain
"Plymouth County, MA",25023,Large fringe metro,"Boston-Cambridge-Newton, MA-NH",Metropolitan,MA,1,521202,0.107,0.076,0.002,1,8344,0.016,0.001,90,17,4,0.8,-0.29,,0.001,126,24,0,0,49205,9441,1439,276,0,55,ModerateBurden,,Moderate,Moderate,0.01,11033,2117,1,1,-0.001,-0.29,0,0,0.011,15499,2974,1,1,9,1,54,8,0.76,0.01,0.67,0.11,0.42,0.02,0.13,-0.04,-0.02,0,-0.03,0.03,0,-0.01,3,652,55,88,1,1,1,1,305499,0.586,257022,0.493,2229,0.054,4462,0.011,316,0.003,-0.0021,-0.0019,-0.0022,17299,0.421,8199,0.199,287490,0.7,248696,0.605,83871,0.865,75295,0.777,0.02,0.08,0.19,2.7,0.11,0.04,0,0.02,0.23,0.3,Uncertain
"Harrison County, WV",54033,Micropolitan,"Clarksburg, WV",Micropolitan,WV,3,67256,0.728,0.038,0,0,0,0,0.001,88,131,2,3,-0.06,,0.001,94,140,0,0,6080,9040,79,117,3,4,EmergingHotspot,Recent,High,High,0.051,831,1236,1,0.98,-0.026,-0.34,0,0,0.076,1262,1876,1,0.98,16,5,0,0,0.72,0.06,0.6,0.12,0.12,0.03,0.45,,-0.02,0,-0.06,-0.08,0.01,0.01,2,331,39,32,1,0.5,1,1,14372,0.214,11327,0.168,87,0.018,212,0.004,32,0.002,-0.003,-0.0031,-0.0025,560,0.113,143,0.029,13804,0.26,11180,0.211,5426,0.408,4788,0.36,0.07,0.15,0.2,2.4,0.02,0.02,0,0.01,0.41,0.27,Uncertain
"Montgomery County, TN",47125,Medium metro,"Clarksville, TN-KY",Metropolitan,TN,4,208993,0.679,0.031,0.001,1,7325,0.035,0.001,88,42,1,0.5,1.05,,0,43,21,0,0,20777,9941,229,110,0,38,ModerateBurden,,Moderate,Moderate,0.028,901,431,1,1,-0.019,-0.42,0,0.01,0.047,1543,738,1,0.99,0,0,0,0,0.56,0.03,0.65,0.22,0.29,0.19,,,-0.06,-0.01,-0.04,-0.01,-0.11,0.03,1,249,21,25,1,1,1,1,82883,0.397,66872,0.32,201,0.012,1347,0.009,80,0.004,-0.0127,-0.0067,-0.0022,2223,0.134,835,0.05,80650,0.527,66035,0.431,16144,0.817,14340,0.726,0.08,0.14,0.09,2.7,0.2,0.1,0,0.02,0.52,0.74,Uncertain
"Wilkes County, NC",37193,Micropolitan,"North Wilkesboro, NC",Micropolitan,NC,4,68412,1,0.007,0,0,0,0,0.001,88,129,2,2.9,2.03,,0,29,42,0,0,6866,10036,115,168,0,0,Hotspot,,High,Moderate,0.04,752,1099,1,0.99,0.002,0.04,0,0,0.038,720,1052,1,1,5,4,0,0,0.4,0.04,0.8,0.14,0.07,0,1.51,,0.02,0.02,0.21,0.03,0.05,0,1,117,8,8,1,1,1,1,21973,0.321,18020,0.263,27,0.005,175,0.003,24,0.002,-0.0039,-0.0042,-0.0008,350,0.068,202,0.039,21608,0.396,17811,0.326,9423,0.621,8346,0.55,0.11,0.2,0.22,2.4,0.04,0.07,0,0.01,0.69,0.92,Uncertain
"Linn County, OR",41043,Small metro,"Albany-Lebanon, OR",Metropolitan,OR,10,129749,1,0.031,0,0,0,0,0.001,88,68,0,0,-0.21,-1,0.001,112,86,4,3.1,5443,4195,77,59,0,22,ModerateBurdenResolving,,Substantial,Substantial,0.06,1284,990,0,0.98,0.003,-0.32,-1,-0.02,0.056,1885,1453,1,1,4,2,13,8,0.41,0.02,0.6,0.1,0.11,0.01,-0.43,0,-0.02,-0.02,0,-0.02,0.06,-0.01,2,168,18,28,1,1,1,1,56118,0.433,48291,0.372,140,0.014,823,0.008,124,0.005,-0.0224,-0.0083,-0.0043,2145,0.217,958,0.097,53875,0.534,47317,0.469,19185,0.775,17893,0.723,0.07,0.14,0.19,2.6,0.01,0.1,0.01,0.01,0.68,0.59,Uncertain
"Acadia Parish, LA",22001,Medium metro,"Lafayette, LA",Metropolitan,LA,6,62045,0.127,0.013,0,0,0,0,0.001,88,142,0,0,5.29,-1,0,14,23,1,1.6,6727,10842,195,314,0,0,Hotspot,,High,Moderate,0.028,828,1335,0,0.98,0.001,-0.24,0,0.05,0.026,1089,1755,0,0.93,1,1,0,0,0.61,0.05,0.96,0,0.16,0,-0.66,,0.03,-0.01,0.25,-0.16,0.08,0,2,84,8,9,1,1,1,1,19755,0.318,17293,0.279,36,0.006,262,0.006,33,0.003,-0.0011,-0.002,-0.0017,223,0.04,98,0.018,19531,0.424,17194,0.373,8023,0.819,7440,0.759,0.12,0.24,0.16,2.7,0.18,0.03,0,0,0.92,0.83,Uncertain
"Tippecanoe County, IN",18157,Small metro,"Lafayette-West Lafayette, IN",Metropolitan,IN,5,195732,0.84,0.029,0.001,1,38395,0.196,0.001,88,45,0,0,-0.03,-1,0.001,91,46,5,2.6,22775,11636,225,115,0,44,ModerateBurden,,Moderate,Moderate,0.038,1459,745,1,0.97,-0.022,-0.27,0,0.01,0.06,2002,1023,1,0.97,14,4,34,10,0.72,0.05,0.8,0.08,0.14,0.03,0.17,-0.13,0.01,0.02,0.01,0.03,0,0.01,2,357,68,72,1,1,1,1,91133,0.466,75361,0.385,368,0.028,862,0.006,60,0.003,-0.0168,-0.0058,-0.0016,3163,0.237,1301,0.097,87969,0.566,74059,0.477,18965,0.815,18186,0.781,0.09,0.21,0.12,2.5,0.06,0.09,0,0.09,0.49,0.16,Uncertain
"Trumbull County, OH",39155,Medium metro,"Youngstown-Warren-Boardman, OH-PA",Metropolitan,OH,5,197974,0.369,0.017,0.001,0,0,0,0.001,87,44,0,0,0.23,,0.001,71,36,0,0,16492,8330,478,241,0,48,ModerateBurden,,Moderate,Moderate,0.038,1794,906,1,0.95,0.004,-0.2,0,-0.03,0.034,2246,1134,1,0.99,23,6,20,5,0.54,0.04,0.36,0.08,0.23,0.03,0.43,1,-0.02,0,-0.05,0,0,-0.01,2,401,69,85,1,1,1,1,84582,0.427,76099,0.384,238,0.016,1115,0.007,159,0.004,-0.0063,-0.0024,-0.001,2309,0.16,1065,0.074,82273,0.521,75034,0.476,33170,0.759,31122,0.712,0.07,0.17,0.22,2.3,0.08,0.02,0,0.01,0.46,0.44,Uncertain
"York County, ME",23031,Medium metro,"Portland-South Portland, ME",Metropolitan,ME,1,207641,0.386,0.154,0.001,1,5331,0.026,0.001,87,42,0,0,0.32,,0.001,66,32,0,0,13404,6455,131,63,0,45,ModerateBurden,,Moderate,Moderate,0.019,2164,1042,1,0.91,-0.008,-0.2,0,0.02,0.027,2691,1296,1,0.88,3,1,8,4,0.57,0.04,0.69,0.12,0.01,0,0,-0.2,-0.07,-0.01,-0.05,-0.02,0,0,2,227,15,39,1,1,1,1,135040,0.65,118727,0.572,487,0.035,2029,0.012,181,0.004,-0.0132,0.0054,0.0023,5851,0.419,2160,0.155,129182,0.763,116562,0.688,40179,0.915,38010,0.865,0.07,0.08,0.21,2.4,0.01,0.02,0,0.01,0.09,0.06,Likely Decreasing
"Lee County, AL",1081,Small metro,"Auburn-Opelika, AL",Metropolitan,AL,4,164542,1,0.034,0.001,1,25806,0.157,0.001,86,52,0,0,0.3,,0.001,66,40,0,0,16201,9846,173,105,0,15,ModerateBurden,,Substantial,Moderate,0.054,755,459,1,0.98,-0.021,-0.12,0,0.01,0.075,860,523,1,0.97,3,1,0,0,0.77,0.02,0.69,0.1,0.23,0.08,-0.57,-1,0.03,0,0,0.03,-0.02,0.06,1,289,30,34,1,1,1,1,49297,0.3,42862,0.26,,,109,0.001,12,0.001,-0.0013,-0.0006,-0.0009,765,0.065,484,0.041,48530,0.374,42378,0.326,12931,0.633,11383,0.558,0.08,0.21,0.12,2.6,0.23,0.04,0,0.04,0.66,0.74,Uncertain
"Cabarrus County, NC",37025,Large fringe metro,"Charlotte-Concord-Gastonia, NC-SC",Metropolitan,NC,4,216453,0.082,0.021,0.001,0,0,0,0.001,86,40,0,0,1.53,,0,34,16,0,0,22203,10258,260,120,0,41,ModerateBurden,,Moderate,Moderate,0.023,2634,1217,1,0.98,-0.004,-0.22,0,-0.01,0.027,3371,1557,1,0.99,6,1,16,3,0.77,0.03,0.88,0.1,0.25,0.05,0,-0.45,-0.05,0,-0.06,-0.03,0.01,0.01,1,528,54,68,1,1,1,1,84723,0.391,70124,0.324,389,0.02,809,0.005,65,0.002,-0.0012,-0.0026,-0.0012,3836,0.195,1879,0.096,80801,0.5,68226,0.423,22645,0.779,20652,0.711,0.08,0.11,0.13,2.8,0.19,0.11,0,0.05,0.42,0.58,Likely Decreasing
"Penobscot County, ME",23019,Small metro,"Bangor, ME",Metropolitan,ME,1,152148,1,0.113,0,1,11758,0.077,0.001,86,57,1,0.7,-0.3,,0.001,122,80,0,0,6251,4108,94,62,0,13,ModerateBurdenResolving,,Substantial,Substantial,0.019,2998,1970,0,1,0.001,-0.22,-1,0.01,0.019,3831,2518,1,0.99,7,1,3,1,0.85,0.03,0.9,0.09,0.21,0.06,-0.45,0.53,0.01,-0.01,0.01,-0.03,-0.01,0.02,4,478,72,95,1,1,1,1,86304,0.567,76368,0.502,319,0.032,1527,0.012,151,0.005,-0.0265,0.002,0.0009,3775,0.377,1622,0.162,82523,0.662,74743,0.599,25501,0.876,24311,0.835,0.1,0.16,0.19,2.4,0.01,0.01,0.01,0.01,0.45,0.09,Likely Decreasing
"Robeson County, NC",37155,Micropolitan,"Lumberton, NC",Micropolitan,NC,4,130625,1,0.012,0,1,5274,0.04,0.001,85,65,5,3.8,2.86,0.25,0,22,17,4,3.1,16694,12780,249,191,0,29,ModerateBurden,,Substantial,Moderate,0.04,888,680,1,0.99,-0.009,-0.29,0,0.02,0.048,1251,958,1,0.97,23,7,11,4,0.55,0.02,0.63,0.1,0.31,0.06,-0.18,-0.39,-0.03,0,-0.08,-0.03,0.07,0.01,1,308,25,27,1,1,1,1,33276,0.255,26953,0.206,58,0.005,351,0.004,40,0.002,-0.0019,-0.0014,-0.0005,547,0.051,216,0.02,32717,0.332,26734,0.272,13125,0.638,11878,0.578,0.15,0.28,0.16,2.8,0.23,0.09,0.4,0.01,0.99,0.99,Uncertain
"Spartanburg County, SC",45083,Medium metro,"Spartanburg, SC",Metropolitan,SC,4,319785,1,0.062,0.001,0,7336,0.023,0.001,85,27,3,0.9,-0.22,0,0.001,109,34,3,0.9,41876,13095,823,257,0,57,ModerateBurden,,Moderate,Moderate,0.027,2374,742,1,0.97,0.001,-0.19,0,0.03,0.026,2948,922,1,0.93,7,1,13,2,0.91,0.02,0.75,0.03,0.34,0.02,-0.46,-0.18,-0.02,0,-0.08,-0.03,0,-0.01,2,586,70,91,1,1,1,1,96866,0.303,82805,0.259,267,0.011,1328,0.005,196,0.004,0.0014,-0.0006,-0.0003,2161,0.085,1087,0.043,94556,0.384,81675,0.332,35729,0.681,32579,0.621,0.11,0.15,0.16,2.6,0.2,0.07,0,0.03,0.76,0.44,Uncertain
"Harrison County, MS",28047,Medium metro,"Gulfport-Biloxi, MS",Metropolitan,MS,4,208080,0.498,0.07,0.001,0,0,0,0.001,85,41,0,0,-0.14,-1,0.001,99,48,1,0.5,18269,8780,314,151,0,6,ModerateBurden,,Moderate,Moderate,0.038,706,339,1,0.98,-0.001,-0.23,0,0.02,0.04,912,438,1,0.96,28,7,14,3,0.76,0.02,0.59,0.05,0.49,0.05,1.79,0.74,-0.01,0,-0.01,0.01,0.06,0.01,5,431,70,72,1,0.8,1,1,79392,0.382,61879,0.297,289,0.017,1485,0.009,192,0.006,0.0083,0.0046,0.0031,1277,0.077,488,0.029,78113,0.493,61391,0.387,27128,0.846,22143,0.69,0.16,0.2,0.15,2.5,0.25,0.06,0,0.03,0.88,0.68,Uncertain
"Wyandotte County, KS",20209,Large fringe metro,"Kansas City, MO-KS",Metropolitan,KS,7,165429,0.077,0.057,0.001,0,0,0,0.001,84,51,2,1.2,1.33,0,0,36,22,2,1.2,20687,12505,285,172,0,27,ModerateBurden,,Substantial,Moderate,0.042,950,574,0,0.96,0.009,-0.56,-1,-0.03,0.033,2175,1315,1,0.99,12,1,34,3,0.74,0.01,0.68,0.04,0.23,0.02,-0.08,0.31,-0.03,0,-0.03,0,0,0,3,1145,181,155,1,1,1,1,59537,0.36,51289,0.31,321,0.022,925,0.008,103,0.005,-0.0118,-0.0036,-0.001,2590,0.176,1065,0.072,56943,0.476,50224,0.42,13986,0.673,13107,0.63,0.19,0.2,0.13,2.7,0.22,0.3,0,0.05,0.92,0.62,Likely Decreasing
"Dauphin County, PA",42043,Medium metro,"Harrisburg-Carlisle, PA",Metropolitan,PA,3,278299,0.482,0.022,0.001,0,8304,0.03,0.001,83,30,5,1.8,-0.24,1.5,0.001,109,39,2,0.7,26022,9350,554,199,0,40,ModerateBurden,,Moderate,Moderate,0.027,2202,791,1,0.99,-0.008,-0.29,0,0,0.035,3120,1121,1,0.99,52,4,29,2,0.88,0.03,0.8,0.03,0.41,0.02,-0.21,0.32,-0.01,0,-0.02,0,0,0,3,1218,224,209,1,1,1,1,143010,0.514,118440,0.426,493,0.023,2596,0.012,458,0.009,-0.0387,-0.0108,-0.0043,5983,0.283,2288,0.108,137014,0.635,116150,0.538,43740,0.903,38786,0.801,0.06,0.13,0.17,2.4,0.17,0.1,0,0.05,0.5,0.23,Likely Decreasing
"Boone County, KY",21015,Large fringe metro,"Cincinnati, OH-KY-IN",Metropolitan,KY,4,133581,0.06,0.03,0,0,0,0,0.001,83,62,20,15,-0.1,19,0.001,92,69,1,0.7,14317,10718,147,110,0,11,ModerateBurden,,Substantial,Substantial,0.033,1075,805,0,0.99,0,-0.5,-1,0,0.033,2158,1615,1,0.99,4,2,36,19,0.64,0.01,0.23,0.01,0.21,0,1,0.29,0.01,0,-0.02,0.01,-0.18,0,1,185,47,25,1,1,1,1,70146,0.525,56926,0.426,284,0.023,1243,0.013,147,0.008,-0.0195,-0.005,-0.0015,3652,0.294,1315,0.106,66489,0.671,55609,0.561,17014,0.905,15456,0.822,0.05,0.07,0.14,2.8,0.04,0.04,0,0.02,0.13,0.24,Uncertain
"Livingston County, MO",29117,Non-core,,,MO,7,15227,,0.002,0,0,0,0,0.001,83,545,3,19.7,-0.3,,0.001,118,775,0,0,2021,13272,45,296,5,0,SustainedHotspot,Recent,High,High,0.135,282,1852,1,0.94,-0.092,0.19,0,-0.06,0.227,237,1556,1,0.99,5,20,1,4,0.58,0.14,0.5,0.21,0,0,-0.17,,-0.09,-0.06,-0.43,-0.29,0,0,1,25,4,6,1,1,1,1,5324,0.35,4599,0.302,12,0.011,81,0.007,8,0.003,-0.0036,-0.0002,-0.0027,82,0.074,30,0.027,5242,0.436,4569,0.38,2155,0.725,1972,0.664,0.12,0.16,0.2,2.3,0.04,0.02,0,0.01,0.37,0.69,Uncertain
"Orange County, NY",36071,Large fringe metro,"Poughkeepsie-Newburgh-Middletown, NY",Metropolitan,NY,2,384940,0.567,0.02,0.001,0,8379,0.022,0.001,83,22,27,7,-0.25,,0.001,111,29,0,0,48237,12531,841,218,0,61,ModerateBurden,,Moderate,Moderate,0.013,8428,2189,1,0.99,-0.001,-0.19,0,0,0.014,10352,2689,1,0.99,20,2,6,1,0.68,0.02,0.34,0.01,0.12,0.01,-0.23,0,0.03,-0.01,0.03,-0.01,0.01,0,4,809,153,168,1,1,1,1,192337,0.5,165565,0.43,1035,0.03,3080,0.011,339,0.006,0.0012,-0.0036,-0.0013,8403,0.244,4217,0.122,183917,0.641,161348,0.562,45475,0.825,41505,0.753,0.05,0.12,0.14,2.9,0.11,0.22,0,0.03,0.55,0.6,Uncertain
"Benton County, AR",5007,Medium metro,"Fayetteville-Springdale-Rogers, AR",Metropolitan,AR,6,279141,0.522,0.092,0.001,0,1763,0.006,0.001,82,29,0,0,0.08,-1,0.001,76,27,1,0.4,29474,10559,419,150,0,17,ModerateBurden,,Moderate,Moderate,0.038,530,190,0,0.98,0.005,2.19,0,0,0.034,166,59,0,0.98,15,5,37,13,0.84,0.03,0.83,0.23,0.1,0,0.34,-0.11,-0.02,0.01,-0.12,0.13,0,-0.02,3,276,28,65,1,1,1,1,107532,0.385,85287,0.306,625,0.025,1704,0.008,124,0.003,-0.0011,-0.0037,-0.0026,5426,0.219,2399,0.097,101844,0.493,82837,0.401,26588,0.701,22619,0.597,0.09,0.1,0.14,2.7,0.02,0.17,0.01,0.04,0.27,0.53,Uncertain
"Vermilion Parish, LA",22113,Medium metro,"Lafayette, LA",Metropolitan,LA,6,59511,0.122,0.013,0,0,0,0,0.001,82,138,1,1.7,0.14,-0.67,0.001,72,121,3,5,5660,9511,125,210,0,0,Hotspot,,High,High,0.057,762,1280,0,0.99,-0.015,0.12,0,0.01,0.071,678,1139,0,0.98,3,4,0,0,0.41,0.01,0.56,0,0.13,0,-0.24,,0.07,-0.02,-0.12,-0.02,0.04,0,2,67,5,15,1,1,1,1,13971,0.235,12175,0.205,37,0.007,179,0.004,24,0.003,0.0011,-0.0031,-0.0019,233,0.044,117,0.022,13736,0.309,12057,0.271,5395,0.574,5000,0.532,0.1,0.18,0.16,2.7,0.14,0.04,0,0.02,0.82,0.72,Likely Decreasing
"Kalamazoo County, MI",26077,Medium metro,"Kalamazoo-Portage, MI",Metropolitan,MI,5,265066,1,0.027,0.001,1,17487,0.066,0.001,82,31,2,0.8,-0.2,-0.67,0.001,103,39,6,2.3,23058,8699,398,150,0,44,ModerateBurdenResolving,,Moderate,Moderate,0.02,3765,1420,1,1,-0.025,-0.23,0,0,0.045,4893,1846,1,1,20,4,3,1,0.87,0.07,0.64,0.1,0.2,0.02,-0.36,-0.41,-0.02,-0.02,-0.04,-0.03,0.04,-0.01,2,524,98,161,1,1,1,1,129311,0.488,118309,0.446,190,0.01,722,0.003,84,0.002,-0.0083,-0.0026,-0.0013,4712,0.247,3362,0.176,124586,0.598,114941,0.552,35923,0.878,33706,0.824,0.06,0.16,0.15,2.5,0.11,0.05,0,0.03,0.41,0.29,Uncertain
"Genesee County, MI",26049,Medium metro,"Flint, MI",Metropolitan,MI,5,405813,1,0.041,0.001,0,10024,0.025,0.001,82,20,7,1.7,-0.28,-0.46,0.001,114,28,13,3.2,41655,10265,954,235,0,44,ModerateBurden,,Moderate,Moderate,0.024,2785,686,1,0.96,-0.024,-0.26,0,0,0.047,3765,928,1,0.96,16,2,11,1,0.92,0.04,0.93,0.13,0.46,0.05,-0.41,1.26,-0.01,-0.01,-0.01,-0.04,0.01,0,4,917,155,259,1,1,1,1,161892,0.399,143910,0.355,233,0.007,1525,0.005,228,0.003,-0.0012,-0.0033,-0.0021,3505,0.11,2630,0.083,158382,0.502,141279,0.448,55015,0.754,52071,0.714,0.06,0.2,0.18,2.4,0.2,0.04,0,0.01,0.66,0.38,Uncertain
"Jackson County, OR",41029,Small metro,"Medford, OR",Metropolitan,OR,10,220944,1,0.052,0.001,0,3613,0.016,0.001,81,37,2,0.9,-0.38,1,0.001,130,59,1,0.5,11332,5129,146,66,0,35,ModerateBurden,,Moderate,Substantial,0.056,1078,488,1,1,0.013,-0.27,0,0.01,0.043,1482,671,1,0.99,10,2,31,5,0.64,0.02,0.84,0.06,0.21,0.03,-0.37,0.08,-0.01,-0.01,-0.01,-0.01,0.06,0,3,600,58,65,1,1,1,1,99921,0.452,86358,0.391,286,0.019,1137,0.006,187,0.004,-0.0083,-0.0048,-0.003,3766,0.249,1895,0.125,95996,0.546,84426,0.48,38200,0.766,35401,0.71,0.08,0.16,0.23,2.4,0.01,0.13,0.01,0.01,0.74,0.47,Likely Decreasing
"Cambria County, PA",42021,Small metro,"Johnstown, PA",Metropolitan,PA,3,130192,1,0.01,0,0,5324,0.041,0.001,81,62,2,1.5,-0.42,0,0.001,139,107,2,1.5,14696,11288,434,333,0,33,ModerateBurdenResolving,,Substantial,High,0.028,2008,1542,1,0.99,-0.009,-0.19,0,0,0.037,2465,1893,1,0.99,7,2,3,1,0.75,0.07,0.85,0.25,0.36,0.08,-0.46,0.5,-0.03,0.01,0.02,0.06,0.07,0.01,4,294,25,49,0.75,0.75,1,0.75,60617,0.466,52348,0.402,197,0.022,773,0.007,167,0.006,-0.0121,-0.0027,-0.0006,1359,0.152,495,0.055,59249,0.563,51852,0.492,25413,0.84,22990,0.76,0.05,0.15,0.23,2.2,0.04,0.02,0,0,0.49,0.42,Likely Decreasing
"Shasta County, CA",6089,Small metro,"Redding, CA",Metropolitan,CA,9,180080,1,0.005,0.001,0,3957,0.022,0.001,81,45,0,0,0.53,-1,0,53,29,2,1.1,12494,6938,230,128,0,12,ModerateBurden,,Moderate,Moderate,,2006,1114,,,,-0.46,,,0.024,3728,2070,,,30,5,0,0,0.55,0.03,0.65,0.1,0.27,0.04,0.01,-1,-0.01,0,0.07,0.02,0.04,0.02,5,594,55,73,1,1,1,1,70352,0.391,55052,0.306,147,0.011,958,0.007,145,0.004,-0.0053,-0.0012,-0.0019,1704,0.132,718,0.055,68584,0.486,54328,0.385,29085,0.764,22775,0.598,0.07,0.17,0.21,2.5,0.01,0.11,0.02,0.03,0.7,0.26,Uncertain
"Williamson County, TN",47187,Large fringe metro,"Nashville-Davidson--Murfreesboro--Franklin, TN",Metropolitan,TN,4,238412,0.123,0.035,0.001,0,0,0,0.001,81,34,0,0,1.89,-1,0,28,12,1,0.4,28334,11884,218,91,0,40,ModerateBurden,,Moderate,Moderate,0.023,1022,429,1,1,0,-0.42,0,0,0.024,1764,740,1,1,2,1,0,0,0.56,0,0.58,0,0.06,0,-0.33,,0,-0.01,0.03,-0.01,-0.03,0,1,185,20,48,1,1,1,1,120066,0.504,100470,0.421,420,0.017,795,0.005,73,0.002,-0.018,-0.0021,-0.0006,6178,0.249,2506,0.101,113880,0.653,97959,0.561,30379,0.944,27348,0.85,0.05,0.04,0.14,2.9,0.04,0.05,0,0.05,0.02,0.03,Likely Decreasing
"Oneida County, NY",36065,Medium metro,"Utica-Rome, NY",Metropolitan,NY,2,228671,0.789,0.012,0.001,0,7288,0.032,0.001,80,35,0,0,-0.18,-1,0.001,97,42,3,1.3,22561,9866,512,224,0,42,ModerateBurden,,Moderate,Moderate,0.017,3146,1376,1,0.96,0,-0.25,0,-0.03,0.017,4170,1824,1,0.99,4,1,3,1,0.63,0.01,0.53,0.07,0.24,0.01,-0.6,0.5,-0.03,-0.02,-0.15,-0.03,0,-0.01,3,484,52,108,1,1,1,1,113511,0.496,100597,0.44,462,0.028,1318,0.007,174,0.004,-0.0131,-0.0051,-0.0021,4517,0.273,2224,0.134,108990,0.606,98371,0.547,36189,0.825,33608,0.767,0.04,0.16,0.19,2.4,0.06,0.06,0,0.04,0.69,0.48,Likely Decreasing
"New Hanover County, NC",37129,Medium metro,"Wilmington, NC",Metropolitan,NC,4,234473,0.788,0.022,0.001,1,13075,0.056,0.001,80,34,4,1.7,1.05,,0,39,17,0,0,19463,8301,171,73,0,47,ModerateBurden,,Moderate,Moderate,0.024,1271,542,1,0.99,-0.009,-0.09,0,-0.01,0.033,1392,594,1,1,9,1,64,8,0.8,0.03,0.61,0.04,0.36,0.07,-0.4,-0.33,0.01,0,0.08,-0.03,0.03,-0.01,2,823,79,120,1,1,1,1,115218,0.491,96103,0.41,264,0.018,621,0.003,55,0.001,-0.0053,-0.0024,-0.001,3745,0.251,1859,0.125,111352,0.581,94205,0.491,37142,0.861,32734,0.759,0.1,0.17,0.18,2.3,0.13,0.06,0,0.02,0.38,0.29,Likely Decreasing
"Santa Rosa County, FL",12113,Medium metro,"Pensacola-Ferry Pass-Brent, FL",Metropolitan,FL,4,184313,0.367,0.009,0.001,0,0,0,0.001,80,43,0,0,0.36,,0,59,32,0,0,18602,10093,291,158,0,9,ModerateBurden,,Moderate,Moderate,0.05,679,368,,,0.017,-0.25,,,0.033,906,492,,,2,1,9,6,0.6,0.01,0.58,0.07,0.06,0,0,0.8,0.01,0.01,0.19,0.04,0.05,0,3,157,16,31,1,1,1,1,69823,0.379,54919,0.298,202,0.014,843,0.006,122,0.004,-0.0015,-0.0017,-0.0001,1506,0.105,567,0.04,68298,0.474,54344,0.377,27432,0.911,22257,0.739,0.1,0.1,0.16,2.7,0.06,0.06,0.01,0.02,0.31,0.44,Likely Decreasing
"Anchorage Municipality, AK",2020,Medium metro,"Anchorage, AK",Metropolitan,AK,10,288000,0.727,0.394,0.001,1,6903,0.024,0.001,80,28,0,0,0.1,,0.001,73,25,0,0,30866,10717,179,62,0,53,ModerateBurden,,Moderate,Moderate,0.007,13392,4650,0,0.99,-0.001,-0.11,-1,0,0.008,15125,5252,1,0.99,12,2,1,0,0.86,0.02,0.88,0.07,0.22,0.02,0.32,-0.84,0,0,0.01,0.02,0.03,0.01,4,773,75,202,1,1,1,1,146284,0.508,121713,0.423,422,0.019,1524,0.007,91,0.003,-0.0038,0.0004,-0.0007,6440,0.293,3331,0.152,139564,0.638,118318,0.541,29441,0.872,27393,0.811,0.12,0.09,0.12,2.7,0.05,0.09,0.08,0.1,0.46,0.16,Uncertain
"Durham County, NC",37063,Medium metro,"Durham-Chapel Hill, NC",Metropolitan,NC,4,321488,0.499,0.031,0.001,2,22264,0.069,0.001,80,25,4,1.2,0.16,,0.001,69,21,0,0,25613,7967,228,71,0,42,ModerateBurden,,Moderate,Moderate,0.013,4400,1369,1,0.99,-0.001,-0.13,0,0,0.014,5060,1574,1,0.99,18,1,10,1,0.85,0.03,0.91,0.1,0.5,0.06,0.28,-0.23,-0.04,-0.01,0.01,-0.01,0,-0.01,5,1295,146,175,1,0.8,1,1,174700,0.543,149258,0.464,456,0.023,1159,0.005,72,0.002,0.0004,-0.0019,-0.0007,6943,0.345,3660,0.182,167333,0.654,145463,0.569,37007,0.846,34087,0.779,0.12,0.16,0.14,2.4,0.36,0.14,0,0.05,0.62,0.39,Uncertain
"Martin County, FL",12085,Medium metro,"Port St. Lucie, FL",Metropolitan,FL,4,161000,0.329,0.007,0,0,107,0.001,0.001,80,50,5,3.1,0.57,1.5,0,51,32,2,1.2,12760,7925,335,208,0,45,ModerateBurden,,Substantial,Moderate,0.034,2114,1313,,,-0.001,-0.16,,,0.035,2502,1554,,,22,5,0,0,0.72,0.05,0.66,0.03,0.13,0,0.62,-1,-0.05,0,-0.04,-0.03,0.01,0,1,466,47,257,1,1,1,1,87117,0.541,71500,0.444,208,0.022,851,0.006,129,0.003,0.0061,-0.0029,-0.0013,1419,0.148,558,0.058,85693,0.635,70941,0.526,45856,0.903,40247,0.793,0.11,0.11,0.32,2.4,0.05,0.14,0,0.01,0.4,0.45,Likely Decreasing
"Leon County, FL",12073,Medium metro,"Tallahassee, FL",Metropolitan,FL,4,293582,0.758,0.014,0.001,2,43315,0.148,0.001,80,27,3,1,-0.44,2,0.001,142,48,1,0.3,32877,11199,332,113,0,23,ModerateBurden,,Moderate,Moderate,0.025,2471,842,,,-0.008,-0.27,,,0.033,3402,1159,,,17,2,0,0,0.79,0.01,0.88,0.01,0.13,0,0.06,-1,-0.03,0,0.02,0,0.03,0,3,851,66,229,1,1,1,1,131115,0.447,109004,0.371,426,0.023,1450,0.006,103,0.003,-0.0062,-0.0013,-0.0003,3994,0.218,1860,0.101,127103,0.532,107142,0.448,37659,0.923,33560,0.823,0.08,0.2,0.14,2.4,0.31,0.07,0,0.04,0.49,0.17,Uncertain
"Morris County, NJ",34027,Large fringe metro,"New York-Newark-Jersey City, NY-NJ-PA",Metropolitan,NJ,2,491845,0.026,0.055,0.001,0,6001,0.012,0.001,79,16,4,0.8,-0.32,-0.33,0.001,117,24,6,1.2,50150,10196,1235,251,0,67,ModerateBurden,,Moderate,Moderate,0.01,7708,1567,0,1,-0.004,-0.19,0,0,0.014,9464,1924,0,1,8,1,8,1,0.6,0.01,0.45,0,0.24,0.01,-0.56,-0.11,-0.03,0,-0.05,0,0.02,0,4,1545,180,350,1,1,1,1,335041,0.681,284082,0.578,1389,0.035,4061,0.01,419,0.005,-0.019,-0.0035,-0.0006,15666,0.4,7147,0.182,319232,0.82,276931,0.711,78699,0.91,72052,0.833,0.05,0.05,0.18,2.7,0.03,0.14,0,0.11,0.12,0.1,Uncertain
"Rapides Parish, LA",22079,Small metro,"Alexandria, LA",Metropolitan,LA,6,129648,0.853,0.028,0,0,2781,0.021,0.001,79,61,2,1.5,-0.39,,0.001,130,100,0,0,12583,9706,319,246,0,6,ModerateBurdenResolving,,Substantial,High,0.017,1801,1389,1,0.93,-0.005,-0.05,0,0,0.022,1886,1455,1,0.93,29,4,7,1,0.66,0.03,0.49,0.06,0.3,0.04,-0.68,1.33,-0.05,0,0.04,0.02,0.08,0,6,672,111,86,1,0.83,1,1,42461,0.328,36430,0.281,99,0.009,588,0.006,76,0.004,-0.0017,-0.0019,-0.0006,779,0.072,320,0.029,41680,0.426,36108,0.369,15579,0.718,14418,0.664,0.11,0.19,0.17,2.6,0.32,0.03,0.01,0.01,0.91,0.7,Uncertain
"Iredell County, NC",37097,Large fringe metro,"Charlotte-Concord-Gastonia, NC-SC",Metropolitan,NC,4,181806,0.069,0.017,0.001,0,0,0,0.001,79,43,5,2.8,0.39,,0,57,31,0,0,19132,10523,222,122,0,35,ModerateBurden,,Moderate,Moderate,0.024,1436,790,1,0.97,0,-0.25,0,-0.03,0.024,1917,1054,1,1,9,3,0,0,0.64,0.04,0.63,0.09,0.06,0,-0.44,,0.01,-0.01,-0.08,-0.04,-0.04,-0.03,3,317,36,46,1,1,1,1,68150,0.375,55528,0.305,156,0.01,544,0.004,62,0.002,-0.0062,-0.0023,-0.0011,1954,0.127,848,0.055,66154,0.47,54673,0.389,22192,0.752,20110,0.681,0.1,0.12,0.16,2.6,0.12,0.08,0,0.03,0.37,0.59,Likely Decreasing
"Linn County, IA",19113,Medium metro,"Cedar Rapids, IA",Metropolitan,IA,7,226706,0.83,0.072,0.001,0,3627,0.016,0.001,78,34,0,0,0.62,-1,0,48,21,2,0.9,21135,9323,338,149,0,37,ModerateBurden,,Moderate,Moderate,0.049,1436,633,0,0.99,0.014,-0.21,0,0,0.036,1817,801,0,1,10,2,2,0,0.61,0.02,0.57,0.04,0.24,0.01,0.25,0,0,0,0.09,0.02,0.02,0.01,2,620,50,107,1,1,1,1,123178,0.543,110713,0.488,356,0.02,906,0.005,69,0.002,-0.0234,-0.0031,-0.0009,6573,0.366,3073,0.171,116603,0.668,107640,0.617,32921,0.893,31472,0.854,0.04,0.1,0.16,2.4,0.06,0.03,0,0.03,0.18,0.19,Uncertain
"Franklin County, WA",53021,Medium metro,"Kennewick-Richland, WA",Metropolitan,WA,10,95222,0.318,0.013,0,0,3928,0.041,0.001,78,82,2,2.1,0.53,,0,51,54,0,0,12627,13261,117,123,0,33,EmergingHotspot,,Substantial,Substantial,0.067,1390,1460,,,0.028,-0.24,,,0.039,1838,1930,,,2,7,0,0,0.42,0.02,0.02,0,0,0,-0.33,,0.1,-0.05,-0.12,-0.12,0,0,1,29,6,5,1,1,1,1,32795,0.344,27286,0.287,167,0.017,844,0.013,53,0.006,0.0004,-0.0022,0.0004,1382,0.138,518,0.052,31413,0.485,26768,0.414,7156,0.779,6698,0.729,0.15,0.16,0.1,3.4,0.02,0.54,0.01,0.02,0.87,0.89,Likely Decreasing
"Christian County, MO",29043,Medium metro,"Springfield, MO",Metropolitan,MO,7,88595,0.188,0.014,0,0,0,0,0.001,78,88,2,2.3,0.44,,0,54,61,0,0,8641,9753,93,105,0,0,ModerateBurden,,Substantial,Substantial,0.062,661,746,0,0.98,0.016,-0.07,0,0,0.046,712,804,0,0.98,,,,,,,,,,,,,,,,,,,,,,,,,,,29279,0.33,24811,0.28,112,0.014,325,0.005,40,0.003,-0.0003,-0.0002,0.0004,1033,0.132,505,0.064,28245,0.426,24306,0.366,10232,0.719,9201,0.647,0.09,0.1,0.16,2.7,0.01,0.03,0.01,0.01,0.15,0.28,Uncertain
"Lehigh County, PA",42077,Medium metro,"Allentown-Bethlehem-Easton, PA-NJ",Metropolitan,PA,3,369318,0.438,0.029,0.001,0,5627,0.015,0.001,77,21,5,1.4,-0.48,1.5,0.001,149,40,2,0.5,39710,10752,858,232,0,48,ModerateBurden,,Moderate,Moderate,0.026,4617,1250,1,0.96,-0.005,-0.26,0,0,0.031,6257,1694,1,0.97,13,1,18,2,0.82,0.03,0.84,0.09,0.38,0.06,-0.62,-0.25,-0.01,-0.01,-0.07,0,0.01,0.01,5,1092,116,169,1,1,1,1,232552,0.63,177328,0.48,1101,0.038,4072,0.014,585,,-0.0026,-0.0031,0,10582,0.363,4164,0.143,221967,0.776,173164,0.605,68723,0.999,56035,0.887,0.07,0.13,0.17,2.6,0.06,0.26,0,0.04,0.64,0.27,Uncertain
"Rutherford County, TN",47149,Large fringe metro,"Nashville-Davidson--Murfreesboro--Franklin, TN",Metropolitan,TN,4,332285,0.172,0.049,0.001,1,16231,0.049,0.001,77,23,1,0.3,0.64,-0.5,0,47,14,2,0.6,43525,13099,443,133,0,40,ModerateBurden,,Moderate,Moderate,0.014,1592,479,1,1,-0.004,-0.45,0,0.04,0.018,2881,867,1,0.96,3,0,9,1,0.65,0.02,0.59,0.05,0.16,0.07,-0.62,0,-0.05,-0.01,-0.02,-0.04,-0.07,-0.03,4,860,115,72,1,0.75,1,0.75,120948,0.364,96364,0.29,310,0.011,1439,0.006,94,0.003,-0.0075,-0.0042,-0.0022,3938,0.14,1474,0.052,116997,0.467,94887,0.378,29470,0.823,25950,0.724,0.09,0.12,0.11,2.8,0.16,0.09,0,0.04,0.33,0.33,Uncertain
"McHenry County, IL",17111,Large fringe metro,"Chicago-Naperville-Elgin, IL-IN-WI",Metropolitan,IL,5,307774,0.033,0.024,0.001,0,0,0,0.001,77,25,2,0.6,-0.48,-0.33,0.001,148,48,3,1,29134,9466,293,95,0,36,ModerateBurden,,Moderate,Moderate,0.024,3601,1170,0,0.98,-0.008,-0.27,0,-0.01,0.032,4907,1594,0,0.99,11,3,7,2,0.61,0.02,0.5,0.02,0.14,0.04,-0.23,0.22,0.03,-0.02,0.03,-0.04,0.07,0.02,2,381,42,55,1,1,1,1,168892,0.549,121817,0.396,968,0.036,2601,0.011,220,0.005,-0.0059,-0.0057,-0.0025,9085,0.334,3690,0.136,159444,0.674,118063,0.499,42705,0.911,34305,0.731,0.05,0.07,0.15,2.7,0.02,0.14,0,0.03,0.07,0.12,Likely Decreasing
"Union County, NC",37179,Large fringe metro,"Charlotte-Concord-Gastonia, NC-SC",Metropolitan,NC,4,239859,0.091,0.023,0.001,0,3361,0.014,0.001,77,32,2,0.8,1.41,-0.33,0,32,13,3,1.3,24736,10313,225,94,0,39,ModerateBurden,,Moderate,Moderate,0.022,2407,1004,1,0.99,-0.002,-0.22,0,0,0.024,3086,1287,1,0.99,3,2,3,2,0.73,0.03,0.94,0.19,0.19,0,2,,0.02,-0.02,0.01,-0.08,0,-0.03,1,172,11,35,1,1,1,1,91676,0.382,77894,0.325,478,0.019,820,0.005,45,0.001,-0.0005,-0.0019,-0.0015,4822,0.19,2399,0.094,86757,0.491,75470,0.427,23508,0.753,21791,0.698,0.09,0.09,0.13,3,0.12,0.11,0,0.04,0.19,0.36,Uncertain
"Knox County, TN",47093,Medium metro,"Knoxville, TN",Metropolitan,TN,4,470313,0.541,0.069,0.001,1,26037,0.055,0.001,76,16,1,0.2,-0.74,,0.002,291,62,0,0,51753,11004,640,136,0,40,ModerateBurden,,Moderate,Substantial,0.009,1502,319,1,0.99,-0.023,-0.33,0,-0.01,0.032,2247,478,1,0.99,20,1,89,5,0.82,0.02,0.9,0.05,0.38,0.03,-0.37,0.07,-0.01,0,0,-0.01,0.01,0,6,1818,217,293,1,1,1,1,216432,0.46,180151,0.383,450,0.013,1500,0.004,200,0.003,-0.0103,-0.0032,-0.0016,6289,0.186,2725,0.081,210104,0.565,177414,0.477,64068,0.843,57090,0.751,0.08,0.15,0.16,2.4,0.09,0.05,0,0.02,0.3,0.24,Uncertain
"Ingham County, MI",26065,Medium metro,"Lansing-East Lansing, MI",Metropolitan,MI,5,292406,0.531,0.029,0.001,1,43863,0.15,0.001,76,26,5,1.7,-0.08,0.67,0.001,83,28,3,1,24808,8484,386,132,0,48,ModerateBurden,,Moderate,Moderate,0.028,3449,1180,1,0.98,-0.022,-0.1,0,0,0.049,3825,1308,1,0.98,13,2,1,0,0.96,0.06,0.82,0.11,0.33,0,-0.51,-0.5,0,-0.01,-0.03,-0.09,-0.04,-0.05,3,719,61,119,1,1,1,1,135947,0.465,123269,0.422,274,0.014,872,0.004,85,0.002,-0.0103,-0.0027,-0.0008,4752,0.248,3850,0.201,131190,0.559,119418,0.508,34075,0.838,31920,0.785,0.06,0.2,0.14,2.4,0.12,0.08,0,0.07,0.57,0.18,Uncertain
"Catawba County, NC",37035,Medium metro,"Hickory-Lenoir-Morganton, NC",Metropolitan,NC,4,159551,0.432,0.015,0,0,2077,0.013,0.001,76,48,2,1.3,0.77,,0,43,27,0,0,19721,12360,307,192,0,27,ModerateBurden,,Moderate,Moderate,0.042,1250,783,1,0.99,0.001,-0.24,0,0.02,0.041,1648,1033,1,0.97,20,5,1,0,0.68,0.04,0.56,0.08,0.13,0.02,0.81,-0.67,-0.04,0,-0.1,-0.03,-0.07,-0.02,2,405,41,56,1,1,1,1,60051,0.376,53420,0.335,150,0.012,403,0.003,50,0.002,-0.0081,-0.0026,-0.0012,1823,0.146,940,0.075,58166,0.467,52468,0.421,22784,0.781,21752,0.746,0.11,0.13,0.18,2.5,0.08,0.1,0,0.04,0.65,0.71,Uncertain
"Escambia County, FL",12033,Medium metro,"Pensacola-Ferry Pass-Brent, FL",Metropolitan,FL,4,318316,0.633,0.015,0.001,1,7182,0.023,0.001,76,24,6,1.9,0.09,1,0.001,70,22,3,0.9,36666,11519,706,222,0,32,ModerateBurden,,Moderate,Moderate,0.034,1263,397,,,-0.019,-0.35,,,0.053,1956,614,,,14,1,23,2,0.7,0.01,0.77,0.03,0.35,0.16,-0.6,-0.28,-0.03,-0.01,-0.01,-0.03,-0.03,-0.04,4,1253,135,161,1,1,1,1,126405,0.397,103194,0.324,259,0.012,1710,0.007,237,0.004,0.001,-0.0017,-0.0019,1895,0.089,697,0.033,124490,0.494,102495,0.407,46761,0.857,39905,0.731,0.1,0.14,0.17,2.5,0.23,0.06,0.01,0.03,0.49,0.34,Uncertain
"St. Mary Parish, LA",22101,Micropolitan,"Morgan City, LA",Micropolitan,LA,6,49348,1,0.011,0,0,0,0,0.001,75,152,1,2,1.14,,0,35,71,0,0,4903,9936,140,284,0,0,Hotspot,,High,Substantial,0.049,328,665,0,0.99,-0.021,-0.05,0,0,0.07,346,701,0,0.99,2,3,0,0,0.59,0.04,0.59,0.11,0,0,-0.48,,0.15,0,0.33,0.06,0,0,2,60,9,45,1,1,1,1,14705,0.298,12946,0.262,11,0.003,190,0.005,29,0.003,-0.001,-0.0018,-0.0018,132,0.034,72,0.019,14573,0.388,12874,0.343,5812,0.691,5407,0.643,0.1,0.19,0.17,2.6,0.31,0.07,0.02,0.02,0.92,0.74,Uncertain
"Brown County, WI",55009,Medium metro,"Green Bay, WI",Metropolitan,WI,5,264542,0.819,0.045,0.001,0,7074,0.027,0.001,75,28,2,0.8,-0.2,-0.33,0.001,94,36,3,1.1,35565,13444,294,111,0,49,ModerateBurden,,Moderate,Moderate,0.021,2562,968,1,1,-0.001,-0.31,0,0,0.022,3702,1399,1,1,15,2,24,3,0.65,0.02,0.49,0.06,0.21,0.03,-0.01,0.03,-0.02,0,-0.07,0.01,-0.01,0,4,736,112,148,1,1,1,1,131555,0.497,118407,0.448,740,0.035,1448,0.007,132,0.003,0.0064,-0.0031,-0.0015,5871,0.276,2815,0.132,125677,0.621,115591,0.571,37056,0.908,35900,0.88,0.06,0.1,0.15,2.4,0.03,0.09,0.03,0.03,0.33,0.08,Likely Decreasing
"Cascade County, MT",30013,Small metro,"Great Falls, MT",Metropolitan,MT,8,81366,1,0.076,0,0,517,0.006,0.001,75,92,14,17.2,-0.04,13,0.001,78,96,1,1.2,9322,11457,184,226,0,18,ModerateBurden,,Substantial,Substantial,0.055,1075,1321,0,0.99,-0.021,-0.26,0,0,0.076,1453,1786,0,0.99,7,3,0,0,0.76,0.02,0.85,0.05,0.07,0.01,-0.46,,-0.08,-0.01,-0.1,-0.12,-0.11,-0.07,2,276,21,36,1,1,1,1,34688,0.426,30077,0.37,79,0.014,684,0.011,80,0.005,-0.0041,0.0036,0.0017,919,0.158,379,0.065,33764,0.535,29696,0.47,12348,0.794,11235,0.722,0.09,0.13,0.19,2.3,0.02,0.05,0.04,0.01,0.41,0.05,Likely Decreasing
"Doña Ana County, NM",35013,Small metro,"Las Cruces, NM",Metropolitan,NM,6,218195,1,0.104,0.001,1,11133,0.051,0.001,75,34,2,0.9,0.67,0,0,45,21,2,0.9,24940,11430,488,224,0,137,ModerateBurden,,Moderate,Moderate,0.022,1949,893,2,0.96,0,0.08,0,0,0.021,1799,824,2,0.96,9,2,0,0,0.59,0.02,0.8,0.1,0.26,0.03,-0.1,-1,-0.03,0,0.03,0,0,0.01,4,431,55,130,1,1,1,1,88322,0.405,80056,0.367,361,0.02,1085,0.007,115,0.003,-0.0307,-0.0035,-0.0013,5503,0.3,1947,0.106,82814,0.501,78109,0.473,21935,0.619,23323,0.659,0.11,0.28,0.16,2.7,0.02,0.69,0.01,0.01,0.98,0.55,Uncertain
"Fayette County, PA",42051,Large fringe metro,"Pittsburgh, PA",Metropolitan,PA,3,129274,0.056,0.01,0,0,0,0,0.001,75,58,2,1.5,-0.19,-0.67,0.001,93,72,6,4.6,13273,10267,324,251,0,43,ModerateBurdenResolving,,Substantial,Substantial,0.03,1173,907,1,0.95,-0.024,-0.22,0,-0.04,0.054,1498,1159,1,0.99,3,2,0,0,0.78,0.07,0.51,0.02,0.09,0,-0.77,-1,0.07,-0.01,0.2,-0.07,-0.04,-0.04,2,142,15,16,1,1,1,1,62312,0.482,54109,0.419,103,0.012,751,0.007,156,0.006,-0.0111,-0.0024,-0.0009,1259,0.144,548,0.063,61046,0.584,53558,0.512,25253,0.9,22546,0.804,0.05,0.18,0.22,2.3,0.05,0.01,0,0,0.62,0.65,Likely Decreasing
"St. Clair County, IL",17163,Large fringe metro,"St. Louis, MO-IL",Metropolitan,IL,5,259686,0.093,0.02,0.001,0,1791,0.007,0.001,74,28,1,0.4,-0.23,0,0.001,96,37,1,0.4,28205,10861,519,200,0,31,ModerateBurden,,Moderate,Moderate,0.026,2370,913,0,0.99,-0.007,-0.3,0,0,0.034,3391,1306,0,1,6,1,2,0,0.72,0.01,0.58,0.02,0.11,0,0.51,1.01,0,-0.01,0,0.01,0,-0.01,3,461,48,73,1,1,1,1,130021,0.501,96257,0.371,520,0.025,1560,0.008,176,0.004,-0.0302,-0.0039,-0.0007,5456,0.264,1994,0.097,124332,0.624,94235,0.473,38210,0.897,29957,0.703,0.07,0.17,0.16,2.5,0.3,0.04,0,0.02,0.52,0.66,Uncertain
"Champaign County, IL",17019,Small metro,"Champaign-Urbana, IL",Metropolitan,IL,5,209689,0.928,0.017,0.001,1,43313,0.207,0.001,73,35,5,2.4,-0.39,,0.001,119,57,0,0,21049,10038,153,73,0,38,ModerateBurden,,Moderate,Substantial,0.005,14832,7073,0,1,-0.002,-0.18,0,0.01,0.007,18072,8618,0,0.99,13,2,298,45,0.75,0.03,0.65,0.11,0.21,0.03,-0.19,-0.12,0.01,0,0.09,0.03,0.05,0.03,2,669,70,136,1,1,1,1,115587,0.551,89355,0.426,557,0.043,1460,0.009,102,0.004,-0.0229,-0.0024,-0.0009,5090,0.396,2399,0.187,110182,0.647,86863,0.51,23900,0.859,21448,0.771,0.05,0.21,0.13,2.4,0.13,0.06,0,0.11,0.5,0.52,Uncertain
"Citrus County, FL",12017,Small metro,"Homosassa Springs, FL",Metropolitan,FL,4,149657,1,0.007,0,0,0,0,0.001,73,49,1,0.7,0.62,0,0,45,30,1,0.7,11433,7639,463,309,0,35,ModerateBurden,,Moderate,Moderate,0.056,866,579,,,0.006,-0.16,,,0.05,1036,692,,,17,5,0,0,0.66,0.05,0.85,0.13,0.36,0.01,0.89,,-0.01,0.02,-0.03,0.05,0.01,-0.01,2,332,40,51,1,1,1,1,70203,0.469,59731,0.399,106,0.013,814,0.006,248,0.005,0.0024,-0.0018,-0.0015,649,0.082,277,0.035,69544,0.545,59454,0.466,43735,0.796,39046,0.711,0.1,0.17,0.37,2.2,0.03,0.06,0,0.02,0.6,0.59,Likely Decreasing
"Merced County, CA",6047,Medium metro,"Merced, CA",Metropolitan,CA,9,277680,1,0.007,0.001,1,8472,0.031,0.001,73,26,4,1.4,0.22,3,0,60,22,1,0.4,32215,11601,473,170,0,57,ModerateBurden,,Moderate,Moderate,,3223,1161,,,,-0.41,,,0.017,5452,1963,,,6,3,2,1,0.61,0.03,0.66,0.19,0.18,0.08,0.13,0.13,-0.05,-0.01,0,0.03,0.01,0,2,200,24,48,1,1,1,1,102428,0.369,69825,0.251,284,0.01,1318,0.007,106,0.003,-0.0182,-0.0035,-0.0011,4081,0.146,1167,0.042,98141,0.5,68626,0.349,25526,0.807,18435,0.583,0.09,0.23,0.11,3.3,0.03,0.61,0,0.07,0.97,0.87,Uncertain
"Prince William County, VA",51153,Large fringe metro,"Washington-Arlington-Alexandria, DC-VA-MD-WV",Metropolitan,VA,3,470335,0.075,0.055,0.001,0,0,0,0.001,73,16,0,0,-0.32,-1,0.001,107,23,2,0.4,45493,9672,499,106,0,48,ModerateBurden,,Moderate,Moderate,0.02,3244,690,1,0.97,-0.015,-0.21,0,-0.02,0.035,4113,874,1,0.99,3,1,189,67,0.58,0.02,0.65,0.07,0.25,0.02,-0.5,0.09,0.01,0,0.03,0.03,0,0.01,2,282,27,82,1,1,1,1,233561,0.497,192513,0.409,2088,0.049,4426,0.013,298,0.006,0.0101,-0.001,0.0005,16711,0.388,8271,0.192,216139,0.628,184143,0.535,35159,0.725,32214,0.664,0.11,0.07,0.1,3.2,0.21,0.24,0,0.09,0.3,0.22,Uncertain
"Clay County, MO",29047,Large fringe metro,"Kansas City, MO-KS",Metropolitan,MO,7,249948,0.116,0.041,0.001,0,2436,0.01,0.001,72,29,2,0.8,0.76,,0,41,16,0,0,10241,4097,169,68,0,19,ModerateBurden,,Moderate,Moderate,0.03,1943,777,0,1,-0.013,-0.26,0,0,0.042,2631,1053,0,0.99,28,5,44,8,0.84,0.06,0.79,0.14,0.22,0.06,0.66,0.11,0,0,-0.01,0,0,-0.01,4,540,53,115,1,1,1,1,99195,0.397,83609,0.335,456,0.022,990,0.005,115,0.003,-0.0111,-0.0029,-0.0011,4982,0.243,1976,0.096,94206,0.495,81633,0.429,26948,0.747,25029,0.693,0.07,0.08,0.14,2.6,0.07,0.07,0,0.02,0.14,0.27,Uncertain
"San Mateo County, CA",6081,Large fringe metro,"San Francisco-Oakland-Berkeley, CA",Metropolitan,CA,9,766573,0.162,0.019,0.002,0,1542,0.002,0.001,71,9,88,11.5,-0.49,28.33,0.001,138,18,3,0.4,42457,5539,664,87,0,24,LowBurden,,Low,Moderate,,19301,2518,,,,-0.41,,,0.003,32934,4296,,,15,3,21,4,0.69,0.02,0.6,0.03,0.04,0.01,1.47,0.3,0.02,0,-0.02,-0.02,-0.02,-0.01,6,594,60,168,1,1,1,1,538773,0.703,451668,0.589,2610,0.049,5193,0.008,436,0.003,-0.015,-0.0036,-0.0015,33841,0.639,17274,0.326,503082,0.823,434007,0.71,114838,0.905,102012,0.804,0.05,0.07,0.17,2.9,0.02,0.24,0,0.3,0.26,0.1,Uncertain
"Gloucester County, NJ",34015,Large fringe metro,"Philadelphia-Camden-Wilmington, PA-NJ-DE-MD",Metropolitan,NJ,2,291636,0.048,0.033,0.001,1,15661,0.054,0.001,71,24,2,0.7,0,-0.5,0.001,71,24,4,1.4,30565,10481,642,220,0,47,ModerateBurden,,Moderate,Moderate,0.019,3292,1129,0,1,-0.003,-0.27,0,0,0.022,4516,1549,0,1,,,,,,,,,,,,,,,,,,,,,,,,,,,162985,0.559,131149,0.45,873,0.037,2048,0.009,233,0.005,-0.0013,-0.0029,-0.0009,6669,0.286,3232,0.139,156314,0.684,127917,0.56,41292,0.868,34548,0.726,0.05,0.07,0.16,2.7,0.1,0.07,0,0.03,0.17,0.42,Uncertain
"Tangipahoa Parish, LA",22105,Small metro,"Hammond, LA",Metropolitan,LA,6,134758,1,0.029,0,1,9563,0.071,0.001,71,53,2,1.5,0.16,1,0.001,61,45,1,0.7,12962,9619,301,223,0,8,ModerateBurden,,Substantial,Moderate,0.042,762,565,0,1,0.015,-0.17,0,0,0.027,922,684,0,1,17,5,0,0,0.64,0.02,0.3,0.02,0.07,0,0.55,,-0.01,0.01,0.03,0.02,0.01,0,6,328,59,164,1,0.83,1,1,39592,0.294,35021,0.26,58,0.006,491,0.005,63,0.003,-0.0048,-0.0001,-0.0001,517,0.05,207,0.02,39071,0.383,34813,0.342,15025,0.747,14141,0.703,0.11,0.22,0.15,2.7,0.3,0.04,0,0.01,0.89,0.68,Uncertain
"Cache County, UT",49005,Small metro,"Logan, UT-ID",Metropolitan,UT,8,128289,0.902,0.04,0,1,18490,0.144,0.001,71,55,1,0.8,0.34,,0,53,41,0,0,16329,12728,49,38,0,41,ModerateBurden,,Substantial,Moderate,0.059,1086,847,1,0.98,0.02,-0.15,0,-0.02,0.04,1273,992,1,1,5,3,0,0,0.33,0.02,0.45,0.05,0,0,-0.44,,-0.02,-0.01,-0.04,0.02,-0.01,0,2,157,14,33,1,1,1,1,54947,0.428,39012,0.304,203,0.016,452,0.005,27,0.002,0.0013,-0.0005,-0.0002,2833,0.219,1434,0.111,52100,0.581,37576,0.419,11398,0.907,7242,0.576,0.07,0.15,0.1,3.2,0.01,0.11,0.01,0.02,0.32,0.07,Uncertain
"St. Clair County, MI",26147,Large fringe metro,"Detroit-Warren-Dearborn, MI",Metropolitan,MI,5,159128,0.037,0.016,0,0,0,0,0.001,71,45,7,4.4,-0.37,1.33,0.001,113,71,3,1.9,18414,11572,441,277,0,49,ModerateBurdenResolving,,Moderate,Substantial,0.028,1290,811,1,0.99,-0.007,-0.3,0,-0.01,0.035,1850,1163,1,0.99,29,10,23,8,0.78,0.05,0.68,0.16,0.14,0.06,-0.16,0.37,0.01,-0.01,-0.02,-0.03,-0.03,-0.03,3,281,32,60,1,1,1,1,64247,0.404,58088,0.365,24,0.002,666,0.005,253,0.008,-0.0048,-0.0022,0.0018,1458,0.118,956,0.078,62786,0.496,57131,0.452,22752,0.737,21288,0.689,0.06,0.13,0.19,2.4,0.02,0.04,0,0.01,0.28,0.51,Uncertain
"Hancock County, IN",18059,Large fringe metro,"Indianapolis-Carmel-Anderson, IN",Metropolitan,IN,5,78168,0.038,0.012,0,0,0,0,0.001,71,91,2,2.6,0.87,,0,38,49,0,0,8526,10907,144,184,0,31,ModerateBurden,,Substantial,Moderate,0.02,1347,1723,1,0.98,-0.015,0.39,-1,0.35,0.035,971,1242,2,0.63,2,2,0,0,0.38,0.02,0.53,0.04,0.09,0.09,-0.5,,-0.07,-0.02,-0.05,-0.04,-0.18,0.04,1,86,38,11,1,1,1,1,41868,0.536,36729,0.47,154,0.023,318,0.005,22,0.002,-0.0132,-0.0034,-0.0017,1957,0.298,922,0.14,39908,0.666,35806,0.597,11765,0.914,11269,0.875,0.07,0.07,0.16,2.6,0.03,0.03,0,0.01,0.02,0.13,Uncertain
"Flathead County, MT",30029,Micropolitan,"Kalispell, MT",Micropolitan,MT,8,103806,1,0.097,0,0,0,0,0.001,70,67,2,1.9,-0.05,1,0.001,74,71,1,1,12247,11798,98,94,0,17,ModerateBurden,,High,Substantial,0.151,653,629,1,0.93,0.061,-0.37,0,-0.03,0.089,1041,1003,1,0.96,13,4,0,0,0.47,0.02,0.43,0.05,0.13,0,-0.13,,0.03,0,-0.16,0.04,-0.02,0,3,352,23,37,1,1,1,1,33805,0.326,28995,0.279,179,0.023,791,0.01,124,0.006,0.0001,0.0032,0.0022,1030,0.133,346,0.045,32771,0.403,28646,0.353,13307,0.634,12099,0.576,0.1,0.12,0.2,2.5,0,0.03,0.01,0.01,0.09,0.02,Uncertain
"Saline County, AR",5125,Medium metro,"Little Rock-North Little Rock-Conway, AR",Metropolitan,AR,6,122437,0.165,0.041,0,0,0,0,0.001,70,57,1,0.8,0,,0.001,70,57,0,0,12214,9976,172,140,0,0,ModerateBurden,,Substantial,Substantial,0.083,250,204,0,1,0.009,2.16,0,0.02,0.074,79,65,0,0.98,7,4,1,1,0.42,0.03,0.51,0.13,0.34,0.12,1.33,0,0.02,0.01,-0.14,0.07,-0.16,0.05,2,177,16,8,0.5,0.5,0.5,0.5,43982,0.359,37286,0.305,149,0.015,453,0.005,41,0.002,-0.0045,-0.0041,-0.0027,1600,0.159,761,0.076,42307,0.449,36513,0.388,13273,0.597,11960,0.538,0.06,0.09,0.18,2.7,0.08,0.05,0,0.01,0.33,0.5,Likely Decreasing
"Tuscaloosa County, AL",1125,Small metro,"Tuscaloosa, AL",Metropolitan,AL,4,209355,0.831,0.043,0.001,1,33698,0.161,0.001,69,33,0,0,0.77,,0,39,19,0,0,26100,12467,457,218,0,16,ModerateBurden,,Moderate,Moderate,0.045,1037,495,0,0.99,0.012,-0.36,0,-0.01,0.033,1620,774,0,0.99,5,1,7,1,0.67,0.02,0.83,0.06,0.28,0.02,1.5,0.75,-0.05,0,-0.08,0.04,0,0.01,2,523,60,95,1,1,1,1,65249,0.312,54102,0.258,18,0.001,248,0.001,24,0.001,0.0001,-0.0011,-0.0007,1024,0.072,439,0.031,64219,0.388,53663,0.324,20639,0.717,18196,0.632,0.08,0.17,0.14,2.7,0.32,0.04,0,0.02,0.63,0.48,Likely Decreasing
"Kaufman County, TX",48257,Large fringe metro,"Dallas-Fort Worth-Arlington, TX",Metropolitan,TX,6,136154,0.018,0.005,0,0,80,0.001,0.001,69,51,1,0.7,0.3,0,0,53,39,1,0.7,16319,11986,261,192,0,25,ModerateBurden,,Substantial,Moderate,0.055,1027,754,1,1,0.022,-0.02,1,0,0.033,1050,771,0,1,1,5,0,0,0.67,0.16,0.68,0.18,0.17,0,-0.79,,-0.06,-0.03,0.24,-0.01,-0.04,0,1,22,6,18,1,1,1,1,,,,,,,,,,,,,,,,,,,,,,,,,,0.15,0.13,0.12,3.1,0.13,0.23,0,0.01,0.57,0.62,Uncertain
"Grant County, WA",53025,Micropolitan,"Moses Lake, WA",Micropolitan,WA,10,97733,1,0.013,0,0,0,0,0.001,69,71,0,0,-0.09,-1,0.001,76,78,1,1,9173,9386,79,81,0,30,ModerateBurdenResolving,,Substantial,Substantial,0.051,657,672,,,-0.011,-0.2,,,0.062,822,841,,,7,2,10,3,0.19,0.02,0.73,0.25,0,0,2.48,0.66,0.02,0,-0.11,-0.06,0,0,4,329,12,20,1,1,1,1,38603,0.395,33147,0.339,135,0.014,821,0.012,54,0.004,-0.0149,-0.0085,-0.0009,1309,0.137,482,0.05,37292,0.54,32664,0.473,10623,0.774,10138,0.738,0.14,0.14,0.14,3.1,0.01,0.42,0.01,0.01,0.85,0.92,Uncertain
"Campbell County, WY",56005,Micropolitan,"Gillette, WY",Micropolitan,WY,8,46341,0.762,0.08,0,0,0,0,0.001,68,147,0,0,0.39,,0,49,106,0,0,5086,10975,60,129,0,0,SustainedHotspot,,High,High,0.089,527,1137,2,0.99,-0.005,1.42,0,-0.01,0.094,218,470,2,0.99,16,20,0,0,0.35,0.09,0.73,0.14,0.01,0,0.78,,0.03,0.03,-0.1,0.08,0.01,0,1,79,7,18,1,1,1,1,9345,0.202,8022,0.173,56,0.013,222,0.007,24,0.005,0.0129,0.0035,0.0002,136,0.033,40,0.01,9209,0.273,7982,0.236,3173,0.639,2902,0.584,0.09,0.11,0.11,2.7,0.01,0.09,0.01,0.01,0.33,0.12,Uncertain
"Fairfield County, OH",39045,Large fringe metro,"Columbus, OH",Metropolitan,OH,5,157574,0.074,0.013,0,0,0,0,0.001,68,43,0,0,0.19,,0,57,36,0,0,16529,10490,204,129,0,45,ModerateBurden,,Moderate,Moderate,0.021,1150,730,1,0.97,-0.004,-0.25,0,-0.01,0.025,1528,970,1,0.98,3,2,0,0,0.73,0.01,0.65,0,0.05,0,-0.25,,-0.07,0,-0.07,-0.01,-0.09,-0.01,2,181,46,32,1,1,1,1,68598,0.435,62995,0.4,310,0.023,814,0.007,111,0.004,-0.0159,-0.0037,-0.0013,3129,0.23,1538,0.113,65467,0.546,61456,0.512,20847,0.823,19978,0.788,0.05,0.09,0.16,2.7,0.08,0.02,0,0.02,0.24,0.4,Likely Decreasing
"Smith County, TX",48423,Small metro,"Tyler, TX",Metropolitan,TX,6,232751,1,0.008,0.001,2,12537,0.054,0.001,68,29,1,0.4,0.08,-0.75,0.001,63,27,4,1.7,20520,8816,483,208,0,38,ModerateBurden,,Moderate,Moderate,0.033,955,410,1,0.99,0.002,-0.24,0,0.02,0.031,1258,540,1,0.98,29,2,38,3,0.71,0.03,0.84,0.07,0.31,0.02,0.07,-0.17,-0.01,-0.01,0,-0.04,0,-0.02,6,1199,198,365,1,1,1,1,,,,,,,,,,,,,,,,,,,,,,,,,,0.17,0.16,0.17,2.8,0.17,0.2,0,0.02,0.75,0.39,Uncertain
"Randolph County, NC",37151,Medium metro,"Greensboro-High Point, NC",Metropolitan,NC,4,143667,0.186,0.014,0,0,0,0,0.001,68,47,1,0.7,1.34,,0,29,20,0,0,15236,10605,231,161,0,48,ModerateBurden,,Moderate,Moderate,0.033,745,519,1,0.99,0.011,-0.48,0,-0.01,0.022,1442,1004,1,1,2,3,6,10,0.69,0.02,0.32,0,0,0,0,0,-0.03,0,-0.57,0,-0.1,0,1,60,4,11,1,1,1,1,41689,0.29,36794,0.256,63,0.005,309,0.003,63,0.002,-0.0035,-0.0026,-0.002,901,0.078,492,0.043,40755,0.365,36292,0.325,16612,0.637,15415,0.592,0.14,0.16,0.18,2.5,0.06,0.12,0.01,0.01,0.7,0.88,Likely Decreasing
"Umatilla County, OR",41059,Micropolitan,"Hermiston-Pendleton, OR",Micropolitan,OR,10,77950,0.87,0.018,0,0,0,0,0.001,68,87,0,0,-0.07,,0.001,73,94,0,0,8469,10865,86,110,0,7,ModerateBurdenResolving,,Substantial,Substantial,0.06,619,794,1,0.99,0.006,-0.19,0,0,0.054,765,981,1,0.99,4,6,0,0,0.47,0.01,0.36,0.05,0,0,1,,0.03,0,-0.05,-0.01,0,0,2,67,12,23,1,1,1,1,30979,0.397,26429,0.339,293,0.043,1775,0.03,272,0.022,0.0194,0.0183,0.0157,1336,0.198,573,0.085,29598,0.507,25853,0.443,9817,0.785,8704,0.696,0.08,0.18,0.16,2.7,0.01,0.28,0.03,0.01,0.97,0.67,Uncertain
"Comanche County, OK",40031,Small metro,"Lawton, OK",Metropolitan,OK,6,120749,0.955,0.031,0,0,2853,0.024,0.001,68,56,0,0,0.62,-1,0,42,35,7,5.8,13963,11564,195,161,0,0,ModerateBurden,,Substantial,High,0.027,273,226,0,1,-0.122,-0.46,0,0.01,0.148,503,417,0,0.98,55,25,4,2,0.75,0.04,0.8,0.02,0.16,0.01,0.15,-0.56,-0.02,0,-0.1,0.01,-0.09,0.01,3,222,20,39,1,1,1,1,48282,0.4,37994,0.315,145,0.016,834,0.009,41,0.003,-0.0048,-0.0054,-0.0012,1408,0.158,605,0.068,46870,0.508,37389,0.405,13003,0.834,10886,0.698,0.13,0.16,0.13,2.7,0.16,0.14,0.06,0.03,0.84,0.51,Uncertain
"Kittitas County, WA",53037,Micropolitan,"Ellensburg, WA",Micropolitan,WA,10,47935,1,0.006,0,1,10568,0.22,0.001,67,140,0,0,0.31,-1,0,51,106,1,2.1,3182,6638,34,71,0,18,EmergingHotspot,,High,High,0.099,430,897,,,0.043,0.26,,,0.057,340,709,,,3,11,0,0,0.42,0.08,0.6,0.26,0.12,0,2,,-0.14,0.01,-0.02,-0.02,0,0,1,27,6,18,1,1,1,1,22159,0.462,19150,0.399,55,0.021,232,0.006,7,0.001,-0.0034,-0.004,-0.0024,735,0.275,260,0.097,21423,0.537,18890,0.474,6769,0.843,6445,0.803,0.07,0.19,0.17,2.4,0.01,0.09,0.01,0.02,0.28,0.14,Uncertain
"Washington County, MN",27163,Large fringe metro,"Minneapolis-St. Paul-Bloomington, MN-WI",Metropolitan,MN,5,262440,0.072,0.047,0.001,0,0,0,0.001,67,26,1,0.4,-0.15,-0.5,0.001,79,30,2,0.8,27354,10423,290,111,0,40,ModerateBurden,,Moderate,Moderate,0.018,6793,2588,1,0.99,-0.002,-0.19,0,0,0.02,8350,3182,1,1,2,1,0,0,0.8,0.02,0.72,0.05,0.1,0,-0.75,,0.01,-0.03,-0.06,-0.02,-0.07,0,2,141,21,22,1,1,1,1,147299,0.561,125822,0.479,521,0.022,1203,0.006,126,0.003,-0.0207,-0.003,-0.0004,9083,0.392,4242,0.183,137782,0.693,121507,0.611,36754,0.899,34624,0.847,0.03,0.05,0.16,2.7,0.05,0.04,0,0.06,0.07,0.31,Uncertain
"Yamhill County, OR",41071,Large fringe metro,"Portland-Vancouver-Hillsboro, OR-WA",Metropolitan,OR,10,107100,0.043,0.025,0,0,4337,0.04,0.001,67,63,0,0,0.03,-1,0.001,65,61,2,1.9,4717,4404,78,73,0,23,ModerateBurden,,Substantial,Substantial,0.025,1440,1345,1,0.98,-0.024,-0.25,0,-0.01,0.05,1930,1802,1,0.99,7,7,0,0,0.58,0.03,0.52,0.02,0.03,0,1.36,,0.01,0.02,0.1,0.02,-0.01,0,2,102,14,23,1,1,1,1,52719,0.492,44542,0.416,298,0.036,1059,0.013,107,0.006,-0.0129,-0.0004,0.0002,2097,0.252,911,0.11,50530,0.604,43609,0.521,16106,0.843,14704,0.77,0.06,0.14,0.18,2.7,0.01,0.16,0.01,0.02,0.66,0.48,Likely Decreasing
"Buncombe County, NC",37021,Medium metro,"Asheville, NC",Metropolitan,NC,4,261191,0.565,0.025,0.001,0,4556,0.017,0.001,67,26,1,0.4,0.76,-0.67,0,38,15,3,1.1,18004,6893,323,124,0,33,ModerateBurden,,Moderate,Moderate,0.016,1751,670,1,0.99,-0.008,-0.43,0,0.03,0.024,3084,1181,1,0.96,0,0,0,0,0.79,0.02,0.76,0.04,0.18,0.02,-1,,-0.03,0,-0.11,-0.01,-0.01,-0.01,3,982,114,253,1,0.33,1,1,135238,0.518,114665,0.439,276,0.017,767,0.004,83,0.002,-0.0094,-0.0018,-0.0007,4046,0.247,2048,0.125,130963,0.613,112561,0.527,41796,0.781,37713,0.705,0.1,0.12,0.2,2.3,0.06,0.07,0,0.01,0.38,0.26,Likely Decreasing
"Calhoun County, MI",26025,Small metro,"Battle Creek, MI",Metropolitan,MI,5,134159,1,0.013,0,0,1509,0.011,0.001,67,50,9,6.7,-0.12,0.8,0.001,76,57,5,3.7,14467,10783,309,230,0,44,ModerateBurdenResolving,,Substantial,Substantial,0.034,1856,1383,1,0.96,0.002,-0.3,0,-0.01,0.032,2637,1966,1,0.96,3,1,2,1,0.64,0.06,0.75,0.23,0.19,0.03,-0.75,,-0.04,-0.03,-0.03,-0.13,-0.06,-0.02,4,217,27,52,1,0.75,1,1,53955,0.402,47996,0.358,51,0.005,446,0.004,51,0.002,-0.001,-0.0037,-0.0005,1139,0.109,647,0.062,52814,0.509,47349,0.456,19051,0.78,17635,0.722,0.06,0.17,0.18,2.4,0.11,0.05,0.01,0.03,0.72,0.68,Uncertain
"Lorain County, OH",39093,Large fringe metro,"Cleveland-Elyria, OH",Metropolitan,OH,5,309833,0.151,0.027,0.001,0,2785,0.009,0.001,67,22,0,0,-0.46,,0.001,124,40,0,0,25571,8253,497,160,0,47,ModerateBurden,,Moderate,Moderate,0.015,3148,1016,1,0.99,-0.014,-0.29,0,0,0.028,4462,1440,1,0.99,15,3,44,8,0.6,0.02,0.51,0.06,0.11,0.02,-0.17,0.04,-0.05,0,-0.07,-0.03,-0.01,0,5,563,74,152,1,1,1,1,150661,0.486,137557,0.444,532,0.022,1631,0.007,228,0.004,-0.0135,-0.0041,-0.002,6550,0.274,3240,0.136,144110,0.595,134317,0.554,48059,0.826,47040,0.808,0.05,0.14,0.19,2.5,0.08,0.1,0,0.01,0.51,0.38,Uncertain
"Black Hawk County, IA",19013,Small metro,"Waterloo-Cedar Falls, IA",Metropolitan,IA,7,131228,0.779,0.042,0,1,9264,0.071,0.001,66,50,1,0.8,1.06,,0,32,24,0,0,15988,12183,310,236,0,0,ModerateBurden,,Substantial,Moderate,0.055,999,761,0,1,0.005,-0.3,0,0,0.051,1424,1085,0,1,10,2,5,1,0.55,0.01,0.49,0.02,0.17,0,4,1.5,0.01,0,0.02,-0.03,0.05,0,3,474,37,66,1,1,1,1,63110,0.481,57070,0.435,179,0.019,548,0.005,54,0.002,-0.0094,-0.0022,0.0005,2260,0.246,1025,0.112,60850,0.592,56045,0.546,19658,0.884,18678,0.84,0.06,0.16,0.17,2.4,0.09,0.05,0,0.02,0.43,0.18,Uncertain
"Franklin County, PA",42055,Small metro,"Chambersburg-Waynesboro, PA",Metropolitan,PA,3,155027,1,0.012,0,0,1292,0.008,0.001,66,43,1,0.6,-0.16,,0.001,79,51,0,0,15372,9916,371,239,0,45,ModerateBurden,,Moderate,Substantial,0.03,1665,1074,0,0.99,-0.005,-0.39,-1,-0.01,0.035,2730,1761,1,1,7,3,162,66,0.83,0.03,0.83,0.09,0.28,0.05,-0.56,0.05,0.02,-0.03,0.16,-0.06,0.07,-0.03,2,247,31,37,1,1,1,1,58919,0.38,50686,0.327,250,0.021,970,0.008,170,0.005,-0.0056,-0.0041,-0.0025,1580,0.132,544,0.046,57334,0.475,50141,0.415,24143,0.775,22272,0.715,0.1,0.1,0.2,2.5,0.03,0.06,0,0.01,0.34,0.62,Likely Decreasing
"Washington County, AR",5143,Medium metro,"Fayetteville-Springdale-Rogers, AR",Metropolitan,AR,6,239187,0.447,0.079,0.001,1,22602,0.094,0.001,66,28,0,0,0.02,,0.001,65,27,0,0,31261,13070,352,147,0,25,ModerateBurden,,Moderate,Moderate,0.028,618,258,0,0.97,-0.006,2.01,0,-0.01,0.034,205,86,0,0.98,28,4,0,0,0.83,0.01,0.32,0.02,0.34,0.01,0.08,,-0.01,0,-0.02,-0.01,0.02,-0.02,7,633,163,63,1,0.86,1,1,94720,0.396,74956,0.313,547,0.028,1253,0.007,101,0.003,-0.0124,-0.0023,-0.0013,4609,0.239,1965,0.102,89937,0.496,72964,0.402,22122,0.765,19061,0.659,0.12,0.17,0.12,2.6,0.03,0.17,0.01,0.03,0.67,0.48,Uncertain
"Ouachita Parish, LA",22073,Small metro,"Monroe, LA",Metropolitan,LA,6,153279,0.765,0.033,0,1,5969,0.039,0.001,66,43,3,2,-0.27,,0.001,90,59,0,0,18838,12290,457,298,0,11,ModerateBurden,,Moderate,Substantial,0.028,1514,988,0,0.99,-0.016,-0.16,0,0,0.044,1796,1172,0,0.99,15,2,1,0,0.56,0.03,0.55,0.09,0.19,0.03,-0.4,-0.75,-0.04,0.01,-0.03,0.02,0.01,0.02,7,817,138,224,1,1,1,1,47188,0.308,41532,0.271,138,0.011,532,0.005,70,0.003,-0.0016,-0.0019,-0.002,835,0.066,329,0.026,46353,0.401,41203,0.356,17258,0.734,16233,0.69,0.11,0.24,0.15,2.6,0.37,0.02,0,0.01,0.85,0.44,Uncertain
"Okaloosa County, FL",12091,Small metro,"Crestview-Fort Walton Beach-Destin, FL",Metropolitan,FL,4,210738,0.74,0.01,0.001,0,0,0,0.001,66,31,0,0,0.32,-1,0,50,24,1,0.5,20930,9932,367,174,0,31,ModerateBurden,,Moderate,Moderate,0.045,643,305,,,0.009,-0.26,,,0.036,873,414,,,8,2,2,0,0.78,0.02,0.9,0.06,0.11,0.01,0.14,-0.5,0.05,0,0.04,0.03,0.01,0.01,3,431,57,105,1,1,1,1,87485,0.415,71033,0.337,233,0.016,1540,0.009,150,0.004,-0.009,-0.0017,-0.0015,1801,0.123,627,0.043,85677,0.523,70404,0.43,30511,0.888,27229,0.792,0.12,0.12,0.16,2.5,0.1,0.1,0.01,0.03,0.39,0.32,Likely Decreasing
"Cass County, MO",29037,Large fringe metro,"Kansas City, MO-KS",Metropolitan,MO,7,105780,0.049,0.017,0,0,211,0.002,0.001,66,62,1,0.9,0.29,,0,51,48,0,0,9341,8831,114,108,0,0,ModerateBurden,,Substantial,Moderate,0.04,710,671,0,0.99,-0.022,-0.17,0,0,0.062,858,811,0,0.99,1,2,1,2,0.58,0,0.69,0,0.4,0,,,-0.08,0,-0.13,0,0,0,2,62,9,11,1,1,1,1,40475,0.383,34162,0.323,138,0.015,417,0.005,58,0.003,-0.0028,-0.0025,-0.0009,1526,0.169,552,0.061,38947,0.483,33610,0.417,13469,0.735,12330,0.673,0.07,0.1,0.17,2.6,0.04,0.05,0.01,0.01,0.12,0.37,Uncertain
"Yavapai County, AZ",4025,Small metro,"Prescott Valley-Prescott, AZ",Metropolitan,AZ,9,235099,1,0.032,0.001,0,3144,0.013,0.001,66,28,3,1.3,-0.5,,0.001,132,56,0,0,19354,8232,511,217,0,13,ModerateBurden,,Moderate,Substantial,0.032,2003,852,0,0.99,-0.01,-0.15,0,0,0.043,2347,998,0,1,8,3,0,0,0.91,0.05,0.7,0.06,0.08,0.02,-0.63,-1,-0.03,-0.02,-0.04,0.03,-0.02,0.01,3,237,41,63,1,0.67,1,1,97369,0.414,73791,0.314,193,0.014,956,0.005,232,0.003,0.0004,-0.0005,-0.0006,1196,0.089,462,0.034,96158,0.487,73326,0.371,52997,0.693,42570,0.557,0.1,0.14,0.33,2.3,0.01,0.15,0.01,0.01,0.52,0.42,Uncertain
"Burleigh County, ND",38015,Small metro,"Bismarck, ND",Metropolitan,ND,8,95626,0.742,0.125,0,0,4982,0.052,0.001,65,68,1,1,1.17,,0,30,31,0,0,15960,16690,193,202,0,26,ModerateBurden,,Substantial,Moderate,0.024,1470,1537,1,0.95,0.011,0.12,1,-0.05,0.013,1311,1371,0,1,7,2,21,5,0.8,0.04,0.77,0.16,0.13,0.04,-0.3,-0.12,0.03,0,-0.07,0.08,-0.03,0.01,2,407,22,92,1,1,1,1,38132,0.399,32899,0.344,98,0.014,193,0.003,17,0.001,0,-0.0019,-0.0008,846,0.119,388,0.054,37244,0.508,32507,0.443,12563,0.792,11028,0.695,0.06,0.08,0.17,2.3,0.02,0.03,0.04,0.01,0.17,0.03,Uncertain
"LaPorte County, IN",18091,Small metro,"Michigan City-La Porte, IN",Metropolitan,IN,5,109888,1,0.016,0,0,0,0,0.001,65,59,0,0,-0.28,-1,0.001,90,82,2,1.8,12355,11243,219,199,0,40,ModerateBurdenResolving,,Substantial,Substantial,0.047,1312,1194,1,0.98,-0.001,-0.29,0,0.02,0.048,1858,1691,1,0.96,6,3,21,10,0.76,0.05,0.84,0.11,0.16,0.06,1.01,-0.42,-0.06,-0.02,0,-0.03,0.02,0.01,3,202,29,57,1,1,1,1,49465,0.45,42179,0.384,163,0.021,751,0.009,54,0.003,-0.0097,-0.0033,-0.0028,1400,0.182,598,0.078,48063,0.555,41580,0.48,17172,0.846,16131,0.795,0.09,0.16,0.18,2.4,0.11,0.07,0,0.01,0.72,0.35,Uncertain
"Autauga County, AL",1001,Medium metro,"Montgomery, AL",Metropolitan,AL,4,55869,0.15,0.011,0,0,0,0,0.001,64,115,3,5.4,1.67,,0,24,43,0,0,7206,12898,113,202,0,8,EmergingHotspot,,High,Moderate,0.083,368,659,1,0.98,0.035,-0.2,0,0,0.048,460,823,1,0.98,3,5,10,15,0.67,0.06,0.88,0.05,0.3,0.12,-0.25,0.43,0.02,0,0.05,-0.07,-0.02,0.04,1,66,6,8,1,1,1,1,15947,0.285,12286,0.22,3,0.001,40,0.001,6,0.001,0,-0.0017,-0.0021,211,0.045,80,0.017,15735,0.367,12206,0.284,5790,0.649,4634,0.519,0.07,0.16,0.16,2.6,0.2,0.03,0,0.01,0.44,0.8,Likely Decreasing
"Paulding County, GA",13223,Large fringe metro,"Atlanta-Sandy Springs-Alpharetta, GA",Metropolitan,GA,4,168667,0.028,0.016,0.001,0,0,0,0.001,64,38,3,1.8,0.33,2,0,48,28,1,0.6,17196,10195,228,135,0,50,ModerateBurden,,Moderate,Moderate,0.033,916,543,0,0.96,0.013,-0.25,0,-0.01,0.02,1225,726,0,0.97,21,16,40,30,0.94,0.09,0.86,0.19,0.3,0.05,0.31,-0.02,-0.03,0,-0.02,0.01,-0.01,0.05,1,132,20,14,1,1,1,1,21635,0.128,19138,0.113,443,0.028,952,0.008,80,0.004,0.0177,0.0003,-0.0008,915,0.057,413,0.026,20716,0.166,18724,0.15,7276,0.396,6489,0.353,0.11,0.09,0.11,3,0.21,0.07,0,0.01,0.14,0.23,Uncertain
"Putnam County, MO",29171,Non-core,,,MO,7,4696,,0.001,0,0,0,0,0.001,64,1363,0,0,0.52,,0,42,894,0,0,468,9966,4,85,0,0,Hotspot,,High,High,0.5,6,128,0.5,1,0.5,-0.45,0.5,0,0,11,234,0,1,1,7,0,0,0.3,0.02,,,,,,,0,0.02,,,,,1,15,0,0,1,1,1,1,1136,0.242,1029,0.219,,,11,0.003,1,0.001,0,-0.0016,-0.0043,4,0.011,2,0.006,1132,0.311,1027,0.282,579,0.495,557,0.476,0.16,0.18,0.25,2.6,0,0.02,0,0,0.58,0.43,Uncertain
"Butler County, PA",42019,Large fringe metro,"Pittsburgh, PA",Metropolitan,PA,3,187853,0.081,0.015,0.001,1,7587,0.04,0.001,64,34,0,0,-0.38,-1,0.001,103,55,3,1.6,17529,9331,417,222,0,48,ModerateBurden,,Moderate,Substantial,0.039,1329,707,1,0.98,-0.009,-0.21,0,0,0.048,1676,892,1,0.98,8,5,2,1,0.81,0.04,0.51,0.03,0.09,0.01,-0.11,0,0.06,-0.01,0.03,-0.01,-0.03,-0.03,1,169,35,26,1,1,1,1,99377,0.529,87110,0.464,341,0.026,1377,0.009,127,0.003,-0.0113,0.0003,-0.0008,3534,0.266,1629,0.123,95836,0.635,85480,0.567,33191,0.91,30492,0.836,0.04,0.08,0.19,2.4,0.01,0.02,0,0.01,0.08,0.38,Likely Decreasing
"Montgomery County, MD",24031,Large fringe metro,"Washington-Arlington-Alexandria, DC-VA-MD-WV",Metropolitan,MD,3,1050688,0.167,0.174,0.003,0,833,0.001,0.001,64,6,8,0.8,-0.69,-0.87,0.002,209,20,61,5.8,70985,6756,1612,153,0,50,LowBurden,,Low,Moderate,0.006,22352,2127,1,0.98,-0.001,-0.31,0,-0.01,0.008,32220,3067,1,0.99,25,2,180,14,0.8,0.03,0.57,0.11,0.13,0.03,-0.26,-0.12,-0.03,-0.01,0,-0.01,0.01,0,5,1310,143,362,1,1,1,1,750931,0.715,639512,0.609,3286,0.039,7877,0.01,710,0.004,-0.0545,-0.0095,-0.0034,51686,0.621,25255,0.303,699181,0.865,614243,0.76,162735,0.965,151058,0.895,0.07,0.07,0.16,2.8,0.19,0.2,0,0.15,0.33,0.23,Likely Decreasing
"Anne Arundel County, MD",24003,Large fringe metro,"Baltimore-Columbia-Towson, MD",Metropolitan,MD,3,579234,0.207,0.096,0.002,0,5026,0.009,0.001,63,11,5,0.9,-0.53,-0.83,0.001,134,23,30,5.2,43841,7569,651,112,0,46,ModerateBurden,,Moderate,Moderate,0.012,8179,1412,1,0.97,-0.013,-0.2,0,-0.03,0.025,10190,1759,1,0.99,32,5,75,12,0.88,0.03,0.67,0.06,0.19,0.02,0.06,-0.11,-0.01,-0.01,-0.01,-0.01,-0.01,0,2,625,70,160,1,1,1,1,352806,0.609,301491,0.52,1395,0.033,4197,0.009,380,0.004,-0.0792,-0.0087,-0.0039,19756,0.465,8864,0.208,333033,0.74,292621,0.65,79837,0.918,74091,0.852,0.05,0.06,0.15,2.6,0.18,0.08,0,0.04,0.18,0.05,Uncertain
"Shawnee County, KS",20177,Small metro,"Topeka, KS",Metropolitan,KS,7,176875,0.762,0.061,0.001,0,4297,0.024,0.001,63,36,2,1.1,1.17,,0,29,16,0,0,17632,9969,365,206,0,47,ModerateBurden,,Moderate,Moderate,0.042,1063,601,0,0.99,0.017,-0.54,0,0,0.024,2311,1307,0,0.99,14,3,17,3,0.76,0.02,0.84,0.07,0.27,0.03,-0.47,0.15,0.03,0,0.06,0,0.07,0,3,490,66,110,1,0.67,1,1,83585,0.473,73387,0.415,288,0.02,760,0.006,89,0.003,-0.0088,-0.0016,-0.0005,3171,0.222,1386,0.097,80411,0.592,72001,0.53,28159,0.845,26703,0.801,0.08,0.13,0.19,2.4,0.08,0.13,0.01,0.01,0.51,0.17,Uncertain
"Maui County, HI",15009,Small metro,"Kahului-Wailuku-Lahaina, HI",Metropolitan,HI,9,167417,1,0.118,0.001,0,0,0,0.001,63,38,1,0.6,0.47,,0,43,26,0,0,4701,2808,55,33,0,56,ModerateBurden,,Moderate,Moderate,0.019,3645,2177,1,0.98,0.009,-0.06,0,-0.02,0.01,3879,2317,1,1,2,1,5,2,0.75,0.02,1,0.11,0.09,0.01,-0.6,1.51,0.03,0.01,0,0,0.01,0,4,242,18,51,1,1,1,1,,,,,,,,,,,,,,,,,,,,,,,,,,0.05,0.1,0.19,3,0.01,0.12,0,0.28,0.39,0.29,Likely Decreasing
"Elmore County, AL",1051,Medium metro,"Montgomery, AL",Metropolitan,AL,4,81209,0.218,0.017,0,0,0,0,0.001,63,78,2,2.5,3.5,1,0,14,17,1,1.2,10296,12678,210,259,0,9,ModerateBurden,,Substantial,Moderate,0.017,557,686,1,0.98,-0.011,-0.21,0,-0.01,0.028,705,868,1,1,0,0,0,0,0.17,0,,,0,0,-1,,-0.02,-0.01,,,0,0,2,76,0,6,1,1,1,1,25362,0.312,19873,0.245,,,75,0.001,14,0.001,-0.0005,-0.0026,-0.0012,238,0.037,105,0.016,25123,0.398,19768,0.313,9963,0.787,8185,0.647,0.08,0.12,0.16,2.6,0.21,0.03,0,0.01,0.54,0.78,Uncertain
"Ellis County, TX",48139,Large fringe metro,"Dallas-Fort Worth-Arlington, TX",Metropolitan,TX,6,184826,0.024,0.006,0.001,0,1472,0.008,0.001,63,34,3,1.6,-0.07,0.5,0.001,68,37,2,1.1,23094,12495,319,173,0,29,ModerateBurden,,Moderate,Moderate,0.037,1374,743,1,0.94,-0.006,-0.14,1,-0.02,0.042,1600,866,0,0.96,6,4,39,29,0.82,0.04,0.77,0.15,0.2,0.02,-0.22,0.61,0.01,-0.01,0.08,0.05,0.02,-0.01,3,135,14,74,1,1,1,1,,,,,,,,,,,,,,,,,,,,,,,,,,0.15,0.09,0.13,3,0.12,0.27,0,0.01,0.39,0.44,Likely Decreasing
"Sullivan County, TN",47163,Medium metro,"Kingsport-Bristol, TN-VA",Metropolitan,TN,4,158348,0.515,0.023,0,0,1792,0.011,0.001,62,39,1,0.6,0.17,0,0,53,33,1,0.6,17226,10879,304,192,0,43,ModerateBurden,,Moderate,High,0.066,574,362,1,0.99,-0.046,-0.37,0,0,0.112,918,580,1,0.99,17,2,8,1,0.55,0.03,0.66,0.07,0.54,0.07,-0.48,-0.56,0.03,-0.01,0.03,-0.03,0.06,-0.02,4,894,99,90,1,1,1,1,68061,0.43,58577,0.37,177,0.016,656,0.005,133,0.004,0.0013,-0.002,-0.0003,1502,0.138,658,0.06,66551,0.519,57916,0.452,27358,0.778,25197,0.716,0.09,0.17,0.22,2.3,0.02,0.02,0,0.01,0.54,0.41,Likely Decreasing
"Virginia Beach city, VA",51810,Large central metro,"Virginia Beach-Norfolk-Newport News, VA-NC",Metropolitan,VA,3,449974,0.254,0.053,0.001,0,4907,0.011,0.001,62,14,1,0.2,-0.52,0,0.001,128,28,1,0.2,36243,8054,407,90,0,45,ModerateBurden,,Moderate,Moderate,0.024,2445,543,1,0.97,-0.001,-0.26,0,-0.02,0.025,3283,730,1,0.99,6,1,30,6,0.72,0.02,0.3,0.02,0.24,0.01,-0.25,-0.33,-0.06,-0.01,-0.06,-0.01,-0.01,-0.01,2,517,79,156,1,1,1,1,158835,0.353,132266,0.294,546,0.017,2356,0.007,217,0.003,-0.0207,-0.0023,-0.0012,7686,0.235,3608,0.111,150731,0.429,128532,0.366,39679,0.598,35604,0.536,0.08,0.08,0.15,2.6,0.19,0.08,0,0.07,0.19,0.2,Uncertain
"Cumberland County, NJ",34011,Small metro,"Vineland-Bridgeton, NJ",Metropolitan,NJ,2,149527,1,0.017,0,0,0,0,0.001,62,41,6,4,-0.11,5,0.001,70,47,1,0.7,17138,11461,440,294,0,24,ModerateBurden,,Moderate,Moderate,0.011,3067,2051,0,1,-0.006,-0.5,0,0,0.016,6122,4094,0,1,14,3,13,2,0.69,0.03,0.64,0.01,0.22,0.01,-0.26,0.86,0,-0.01,-0.06,-0.07,0,-0.03,1,548,56,93,1,1,1,1,68231,0.456,48103,0.322,376,0.032,1407,0.012,163,0.007,0.0005,-0.004,-0.0026,2170,0.182,700,0.059,66061,0.579,47403,0.416,18906,0.808,13834,0.591,0.1,0.18,0.16,2.8,0.19,0.32,0.01,0.01,0.96,0.91,Uncertain
"Beaver County, PA",42007,Large fringe metro,"Pittsburgh, PA",Metropolitan,PA,3,163929,0.071,0.013,0,0,1780,0.011,0.001,62,38,1,0.6,-0.09,0,0.001,68,41,1,0.6,15477,9441,384,234,0,44,ModerateBurden,,Moderate,Moderate,0.031,1120,683,1,0.99,-0.01,-0.48,0,0.02,0.042,2143,1307,1,0.97,3,1,0,0,0.66,0.02,0.63,0.05,0.15,0,-0.63,-1,0.03,0,-0.02,0.03,0.02,-0.01,2,245,22,31,1,1,1,1,59130,0.361,52030,0.317,145,0.013,1092,0.008,192,0.005,-0.018,-0.0042,-0.0007,1695,0.154,740,0.067,57434,0.434,51289,0.387,17103,0.474,15951,0.442,0.04,0.11,0.22,2.3,0.06,0.02,0,0.01,0.25,0.36,Likely Decreasing
"Unallocated, TN",47000,,,,TN,4,,,,,,,,0.001,62,,1,,-1.57,0,-0.001,-108,,1,,34789,,236,,0,,,,,,0.056,95,,,,-0.183,-0.43,,,0.239,167,,0,1,,,,,,,,,,,,,,,,,,,,,,,,,,,61987,,50193,,144,,1190,,174,,,,,1312,,249,,60638,,49932,,15077,,13214,,,,,,,,,,,,
"Campbell County, KY",21037,Large fringe metro,"Cincinnati, OH-KY-IN",Metropolitan,KY,4,93584,0.042,0.021,0,1,9503,0.102,0.001,62,66,7,7.5,-0.07,6,0.001,67,72,1,1.1,8712,9309,78,83,0,5,ModerateBurdenResolving,,Substantial,Substantial,0.01,551,589,1,0.99,-0.017,-0.25,0,0,0.028,730,780,1,0.99,6,3,25,12,0.58,0.03,0.22,0.03,0.29,0.04,0.5,0.19,-0.03,-0.01,0.03,0,-0.17,0,2,201,50,28,1,1,1,1,49448,0.528,42089,0.45,223,0.035,606,0.008,83,0.006,-0.0081,-0.0042,-0.0029,1835,0.285,767,0.119,47611,0.642,41321,0.557,12954,0.86,11902,0.79,0.05,0.14,0.16,2.4,0.03,0.02,0,0.01,0.22,0.16,Uncertain
"Newton County, MO",29145,Small metro,"Joplin, MO",Metropolitan,MO,7,58236,0.324,0.009,0,0,0,0,0.001,61,105,1,1.7,0.56,0,0,39,67,1,1.7,5487,9422,80,137,0,0,EmergingHotspot,,High,High,0.153,344,591,0,0.98,0.026,-0.19,0,-0.01,0.127,423,726,0,0.99,2,25,0,0,1,0.55,0,0,0,0,-0.36,,0,0.3,0,0,0,0,1,8,1,3,1,1,1,1,10369,0.178,8806,0.151,27,0.006,153,0.003,24,0.002,-0.0058,0.0006,0.0009,226,0.046,72,0.015,10143,0.228,8734,0.196,4089,0.381,3671,0.342,0.13,0.14,0.18,2.6,0.01,0.06,0.02,0.01,0.43,0.45,Uncertain
"Waukesha County, WI",55133,Large fringe metro,"Milwaukee-Waukesha, WI",Metropolitan,WI,5,404198,0.257,0.069,0.001,0,3034,0.008,0.001,61,15,7,1.7,-0.35,-0.63,0.001,94,23,19,4.7,49133,12156,615,152,0,52,ModerateBurden,,Moderate,Moderate,0.014,4553,1126,1,0.99,-0.001,-0.24,0,0,0.015,6011,1487,1,1,4,1,8,1,0.51,0.01,0.37,0.03,0.14,0.01,-0.64,0,0,0,-0.04,-0.02,-0.02,-0.01,5,749,117,120,1,1,1,1,229634,0.568,200132,0.495,852,0.026,1946,0.006,203,0.003,-0.0211,-0.0029,-0.0012,11304,0.35,5268,0.163,218320,0.686,194861,0.612,69720,0.899,66294,0.855,0.03,0.05,0.19,2.5,0.02,0.05,0,0.04,0.02,0.01,Uncertain
"Livingston County, MI",26093,Large fringe metro,"Detroit-Warren-Dearborn, MI",Metropolitan,MI,5,191995,0.044,0.019,0.001,0,456,0.002,0.001,61,32,5,2.6,0.39,1.5,0,44,23,2,1,16676,8686,191,99,0,45,ModerateBurden,,Moderate,Moderate,0.027,1876,977,1,0.99,-0.002,-0.24,0,0,0.029,2473,1288,1,1,3,4,0,0,0.84,0.03,0.55,0.05,0.15,0,0.48,,-0.07,0,0.02,0.02,0.08,0,2,71,6,46,1,1,1,1,91575,0.477,84999,0.443,60,0.004,491,0.003,53,0.002,-0.0067,-0.0028,-0.0013,2290,0.15,1932,0.127,89284,0.587,83067,0.547,28228,0.821,27073,0.788,0.04,0.06,0.18,2.6,0.01,0.03,0,0.01,0.01,0.23,Uncertain
"Pickens County, SC",45077,Medium metro,"Greenville-Anderson, SC",Metropolitan,SC,4,126884,0.138,0.025,0,1,22760,0.179,0.001,61,48,3,2.4,-0.06,2,0.001,65,51,1,0.8,19074,15033,303,239,0,17,ModerateBurden,,Moderate,Substantial,0.018,2228,1756,0,0.98,0,-0.45,0,0.02,0.018,4087,3221,0,0.96,4,4,5,5,0.55,0.06,0.01,0,0.1,0.07,-0.2,0.67,-0.04,0,-0.01,0,0.01,0.03,2,92,15,22,1,1,1,1,46321,0.365,39869,0.314,127,0.015,518,0.005,71,0.003,0.0032,-0.001,0.0001,1200,0.144,609,0.073,45048,0.436,39231,0.38,17150,0.807,15635,0.736,0.1,0.18,0.17,2.5,0.07,0.04,0,0.02,0.6,0.38,Likely Decreasing
"Lincoln County, MO",29113,Large fringe metro,"St. Louis, MO-IL",Metropolitan,MO,7,59013,0.021,0.01,0,0,0,0,0.001,61,103,0,0,-0.49,-1,0.001,120,203,2,3.4,6152,10425,50,85,4,0,EmergingHotspot,Recent,High,High,0.034,385,652,0,0.99,0.003,-0.31,0,0.02,0.031,557,944,0,0.98,4,21,5,26,0.71,0.15,0.69,0.35,0.12,0,,0.16,0.17,0.07,0.37,0.35,0.07,0,1,19,4,6,1,1,1,1,16873,0.286,14225,0.241,59,0.012,215,0.005,19,0.002,-0.0002,-0.0021,-0.0021,333,0.067,104,0.021,16539,0.376,14121,0.321,5719,0.708,5207,0.645,0.08,0.13,0.14,2.9,0.02,0.03,0,0,0.29,0.72,Likely Decreasing
"Chesterfield County, VA",51041,Large fringe metro,"Richmond, VA",Metropolitan,VA,3,352802,0.273,0.041,0.001,0,4075,0.012,0.001,61,17,0,0,-0.52,-1,0.001,126,36,5,1.4,28143,7977,441,125,0,45,ModerateBurden,,Moderate,Moderate,0.014,2535,719,1,0.98,-0.01,-0.17,0,-0.01,0.024,3061,868,1,0.99,13,2,17,2,0.77,0.02,0.72,0.07,0.13,0.03,-0.13,0.71,-0.01,0,0.01,-0.01,0.04,0,2,866,91,224,1,1,1,1,97000,0.275,81112,0.23,582,0.02,1193,0.004,111,0.002,-0.0031,-0.0018,-0.001,4709,0.159,2233,0.075,92104,0.341,78849,0.292,26327,0.484,23839,0.439,0.08,0.07,0.15,2.7,0.24,0.09,0,0.04,0.18,0.08,Likely Decreasing
"Laurel County, KY",21125,Micropolitan,"London, KY",Micropolitan,KY,4,60813,0.411,0.014,0,0,0,0,0.001,61,100,5,8.2,0.27,4,0,48,79,1,1.6,6880,11313,79,130,0,0,EmergingHotspot,,High,Substantial,0.061,298,490,0,0.99,-0.02,-0.27,0,-0.01,0.082,406,668,0,1,63,56,0,0,0.72,0.08,0.42,0.06,0.15,0.08,-0.11,,0.02,-0.02,0,0.01,0.04,0.05,1,112,62,26,1,1,1,1,17940,0.295,15541,0.256,41,0.008,196,0.004,25,0.002,0.0006,-0.0031,-0.002,348,0.072,143,0.029,17592,0.376,15398,0.329,6422,0.632,5957,0.586,0.06,0.24,0.17,2.6,0.01,0.02,0,0.01,0.75,0.58,Likely Decreasing
"Hinds County, MS",28049,Medium metro,"Jackson, MS",Metropolitan,MS,4,231840,0.39,0.078,0.001,1,11475,0.049,0.001,60,26,1,0.4,0.03,-0.5,0,58,25,2,0.9,20565,8870,419,181,0,34,ModerateBurden,,Moderate,Moderate,0.027,737,318,0,0.98,-0.007,-0.05,-1,0,0.034,774,334,1,0.98,28,1,108,6,0.81,0.02,0.86,0.04,0.49,0.03,-0.23,0.05,-0.01,-0.01,-0.02,-0.01,0.03,0,8,1885,219,322,1,0.88,1,1,92688,0.4,74524,0.321,454,0.024,1446,0.008,174,0.005,0.014,0.0045,0.0031,2245,0.118,880,0.046,90441,0.512,73643,0.417,28489,0.831,24946,0.728,0.12,0.22,0.15,2.6,0.73,0.02,0,0.01,0.87,0.56,Uncertain
"Porter County, IN",18127,Large fringe metro,"Chicago-Naperville-Elgin, IL-IN-WI",Metropolitan,IN,5,170389,0.018,0.025,0.001,0,3481,0.02,0.001,60,35,2,1.2,-0.4,0,0.001,100,59,2,1.2,19255,11301,323,190,0,39,ModerateBurden,,Moderate,Substantial,0.024,1873,1099,1,0.94,-0.021,-0.13,0,-0.05,0.045,2156,1265,1,0.99,0,0,5,3,0.79,0.02,0.94,0,0.16,0,-1,-0.3,-0.06,-0.02,-0.04,-0.03,-0.01,-0.01,1,190,18,52,1,1,1,1,77030,0.452,65916,0.387,311,0.023,865,0.006,88,0.003,-0.0186,-0.0052,-0.0021,3192,0.233,1302,0.095,73830,0.554,64613,0.485,23789,0.827,22647,0.788,0.06,0.1,0.17,2.6,0.04,0.1,0,0.02,0.15,0.2,Uncertain
"Madison County, TN",47113,Small metro,"Jackson, TN",Metropolitan,TN,4,97984,0.548,0.014,0,0,3646,0.037,0.001,60,61,2,2,0.62,,0,37,38,0,0,11429,11664,243,248,0,34,ModerateBurden,,Substantial,Moderate,0.027,332,339,1,0.99,-0.021,-0.09,0,0.01,0.049,365,373,1,0.99,13,2,0,0,0.89,0.06,0.87,0.18,0.36,0.11,-0.41,-1,-0.01,0,-0.02,0,0.03,-0.01,1,656,80,97,1,1,1,1,38205,0.39,32761,0.334,104,0.014,319,0.004,20,0.001,0.0038,-0.0002,-0.0015,827,0.112,393,0.053,37369,0.491,32365,0.425,13631,0.792,12537,0.729,0.09,0.19,0.18,2.5,0.37,0.04,0,0.01,0.71,0.31,Likely Decreasing
"Sutter County, CA",6101,Small metro,"Yuba City, CA",Metropolitan,CA,9,96971,0.552,0.002,0,0,0,0,0.001,60,62,0,0,1.14,,0,28,29,0,0,9587,9886,111,114,0,0,ModerateBurden,,Substantial,Moderate,,904,932,,,,-0.37,,,0.028,1432,1477,,,0,,0,,,,,,0,0,,,,,,,0,0,1,0,0,1,1,1,1,1,42037,0.434,33684,0.347,171,0.02,679,0.009,67,0.004,0.0006,-0.0032,-0.0006,1445,0.166,638,0.073,40533,0.563,33032,0.459,12438,0.824,10528,0.697,0.1,0.16,0.16,2.9,0.02,0.32,0.01,0.16,0.88,0.82,Uncertain
"Charleston County, SC",45019,Medium metro,"Charleston-North Charleston, SC",Metropolitan,SC,4,411406,0.513,0.08,0.001,1,14999,0.036,0.001,59,14,1,0.2,-0.54,-0.5,0.001,128,31,2,0.5,43861,10661,511,124,0,46,ModerateBurden,,Moderate,Moderate,0.018,4019,977,1,0.98,-0.003,-0.27,0,0.06,0.021,5471,1330,1,0.92,25,1,43,2,0.8,0.01,0.64,0.03,0.14,0.01,-0.07,-0.07,-0.03,0,-0.03,0,-0.01,0,8,1885,224,581,1,0.88,1,1,211423,0.514,181017,0.44,553,0.022,2379,0.007,241,0.003,-0.0197,-0.0017,0.0001,7220,0.285,3869,0.153,203819,0.615,177051,0.534,59934,0.858,55248,0.791,0.11,0.15,0.17,2.4,0.26,0.05,0,0.02,0.32,0.1,Uncertain
"Harrison County, KY",21097,Non-core,,,KY,4,18886,,0.004,0,0,0,0,0.001,59,312,1,5.3,6.38,,0,8,42,0,0,1783,9441,25,132,0,0,Hotspot,,High,Moderate,0.011,579,3066,0,1,-0.004,-0.21,0,0,0.015,735,3892,0,1,0,0,0,0,0.23,0.01,0,0,0.04,0,-1,,0.02,0.01,0,0,0.04,0,1,74,42,10,1,1,1,1,7258,0.384,6331,0.335,31,0.021,59,0.004,7,0.002,0.0027,-0.0014,-0.0003,170,0.113,58,0.038,7088,0.485,6273,0.429,2671,0.784,2483,0.728,0.08,0.17,0.18,2.6,0.02,0.02,0,0,0.51,0.43,Uncertain
"Bay County, FL",12005,Small metro,"Panama City, FL",Metropolitan,FL,4,174705,1,0.008,0.001,0,0,0,0.001,59,34,0,0,0.37,-1,0,43,25,1,0.6,20614,11799,394,226,0,23,ModerateBurden,,Moderate,Moderate,0.052,819,469,,,0.004,-0.16,,,0.048,978,560,,,6,1,0,0,0.81,0.02,0.75,0.05,0.27,0.12,-0.25,-1,0.02,-0.01,-0.02,-0.02,-0.01,0,3,439,69,114,1,1,1,1,62659,0.359,51740,0.296,148,0.012,775,0.006,108,0.003,0.0035,-0.0033,-0.0011,824,0.069,302,0.025,61827,0.446,51438,0.371,23972,0.737,21282,0.654,0.14,0.15,0.19,2.6,0.11,0.07,0.01,0.02,0.61,0.57,Uncertain
"Marshall County, AL",1095,Micropolitan,"Albertville, AL",Micropolitan,AL,4,96774,1,0.02,0,0,0,0,0.001,59,61,1,1,3.92,,0,12,12,0,0,12397,12810,228,236,0,27,ModerateBurden,,Substantial,Moderate,0.042,426,440,1,0.99,-0.007,-0.44,0,0.01,0.049,763,788,1,0.98,12,7,2,1,0.65,0.03,0.79,0.06,0.25,0.04,1.39,0,-0.05,0,-0.08,-0.07,0.11,-0.06,1,167,18,15,1,1,1,1,29010,0.3,23816,0.246,3,0,179,0.002,33,0.002,0.0004,0,-0.0005,209,0.026,110,0.013,28801,0.398,23706,0.327,12577,0.751,10880,0.65,0.13,0.22,0.17,2.7,0.03,0.15,0.01,0.01,0.73,0.89,Likely Decreasing
"Delaware County, OH",39041,Large fringe metro,"Columbus, OH",Metropolitan,OH,5,209177,0.099,0.018,0.001,0,1643,0.008,0.001,59,28,0,0,0.23,,0,48,23,0,0,18782,8979,134,64,0,49,ModerateBurden,,Moderate,Moderate,0.016,1499,717,0,0.96,-0.003,-0.16,0,-0.04,0.02,1778,850,0,0.99,0,0,0,0,0.83,0.03,0.82,0.11,0.13,0.01,-1,,-0.04,-0.04,-0.04,0.03,-0.23,-0.01,1,32,4,10,1,1,1,1,123074,0.588,113566,0.543,697,0.034,928,0.006,96,0.003,-0.0278,-0.0048,-0.0029,9124,0.452,4678,0.232,113947,0.735,108888,0.702,26733,0.904,26040,0.88,0.04,0.05,0.14,2.8,0.04,0.03,0,0.08,0.02,0.04,Likely Decreasing
"Bibb County, GA",13021,Small metro,"Macon-Bibb County, GA",Metropolitan,GA,4,153159,0.666,0.014,0,1,12518,0.082,0.001,59,39,5,3.3,0.59,0,0,37,24,5,3.3,16026,10464,460,300,0,0,ModerateBurden,,Moderate,Moderate,0.025,699,456,0,0.84,-0.011,-0.16,0,-0.01,0.035,830,542,0,0.85,30,3,32,3,0.74,0.02,0.8,0.05,0.3,0.02,0.3,-0.22,-0.02,0,0,0.01,0.02,0,4,1106,180,241,1,1,1,1,28548,0.186,22331,0.146,309,0.025,840,0.007,111,0.005,0.0129,0.0013,0.0016,850,0.07,325,0.027,27694,0.239,22004,0.19,10172,0.415,7887,0.322,0.13,0.26,0.16,2.5,0.55,0.03,0,0.02,0.92,0.75,Uncertain
"Calhoun County, AL",1015,Small metro,"Anniston-Oxford, AL",Metropolitan,AL,4,113605,1,0.023,0,1,5707,0.05,0.001,59,52,1,0.9,3.21,-0.5,0,14,12,2,1.8,14681,12923,325,286,0,16,ModerateBurden,,Substantial,Moderate,0.075,493,434,0,0.96,0.018,-0.08,0,0,0.057,538,474,0,0.96,1,0,1,0,0.77,0.01,0.95,0.06,0.43,0.02,-0.45,,0.02,0,-0.01,0,0.04,0.01,3,253,23,46,1,1,1,1,36887,0.325,30186,0.266,1,0,45,0.001,8,0,-0.0001,-0.0028,-0.0018,255,0.03,95,0.011,36631,0.411,30091,0.338,15246,0.742,13150,0.64,0.09,0.19,0.18,2.5,0.21,0.04,0,0.01,0.83,0.8,Uncertain
"San Juan Municipio, PR",72127,,"San Juan-Bayamón-Caguas, PR",Metropolitan,PR,2,,,,,1,18320,0.046,0.001,59,19,0,0,-0.14,,0.001,69,22,0,0,18313,5751,0,0,0,,,,Moderate,Moderate,0.021,4908,1541,,,0.001,-0.39,,,0.02,8012,2516,,,10,0,27,1,0.6,0.01,0.62,0.03,0.27,0.01,-0.16,-0.3,0,0,0.02,0,-0.04,-0.01,19,2486,244,473,1,0.95,1,1,154133,0.484,109375,0.343,531,0.023,3553,0.014,459,0.006,-0.0413,-0.0088,-0.0046,5992,0.264,1821,0.08,148083,0.567,107544,0.412,42025,0.562,33472,0.448,0.09,0.42,,,,,,,,,
"Cumberland County, ME",23005,Medium metro,"Portland-South Portland, ME",Metropolitan,ME,1,295003,0.548,0.219,0.001,0,8073,0.027,0.001,59,20,2,0.7,-0.34,,0.001,90,31,0,0,17171,5821,197,67,0,40,ModerateBurden,,Moderate,Moderate,0.007,6645,2253,1,0.78,-0.001,-0.19,0,0.07,0.008,8232,2790,1,0.71,6,1,25,3,0.74,0.03,0.74,0.15,0.16,0.04,-0.5,-0.07,-0.02,-0.01,-0.04,-0.06,0.01,-0.01,4,955,94,260,1,1,1,1,210223,0.713,188661,0.64,790,0.041,2927,0.012,211,0.004,-0.0025,0.003,0.0012,11776,0.61,5776,0.299,198425,0.823,182881,0.759,52532,0.935,51473,0.917,0.06,0.1,0.19,2.4,0.03,0.02,0,0.02,0.14,0.07,Uncertain
"Somerset County, ME",23025,Non-core,,,ME,1,50484,,0.038,0,0,0,0,0,58,115,2,4,1.52,,0,23,46,0,0,2247,4451,33,65,0,39,EmergingHotspot,,High,Moderate,0.046,435,862,0,0.97,0.012,-0.32,0,0,0.034,644,1276,0,0.98,4,7,3,5,0.54,0.04,0.49,0,0,0,1,2,0.01,-0.01,-0.06,0,0,0,2,55,7,9,1,1,1,1,24191,0.479,21446,0.425,129,0.036,505,0.012,48,0.004,0.0139,0.0038,0.0017,737,0.205,274,0.076,23450,0.572,21171,0.516,9031,0.838,8587,0.797,0.1,0.19,0.21,2.3,0.01,0.01,0.01,0.01,0.62,0.34,Uncertain
"Dane County, WI",55025,Medium metro,"Madison, WI",Metropolitan,WI,5,546695,0.822,0.094,0.002,1,40462,0.074,0,58,11,0,0,-0.43,-1,0.001,101,18,2,0.4,46615,8527,333,61,0,43,ModerateBurden,,Moderate,Moderate,0.007,7433,1360,1,0.99,-0.005,-0.33,0,-0.01,0.012,11047,2021,1,1,19,1,64,4,0.81,0.02,0.85,0.07,0.33,0.01,-0.47,0.24,0.02,0,0.05,-0.01,0.01,-0.01,6,1464,146,234,1,0.83,1,1,381615,0.698,335808,0.614,1304,0.035,3226,0.007,192,0.002,-0.0194,-0.0018,-0.0004,22119,0.598,11509,0.311,359477,0.824,324293,0.743,77453,0.996,74933,0.964,0.04,0.12,0.14,2.4,0.05,0.07,0,0.06,0.17,0.02,Uncertain
"Rowan County, NC",37159,Large fringe metro,"Charlotte-Concord-Gastonia, NC-SC",Metropolitan,NC,4,142088,0.054,0.014,0,0,2461,0.017,0,58,41,2,1.4,0.76,,0,33,23,0,0,17092,12029,308,217,0,37,ModerateBurden,,Moderate,Moderate,0.032,1467,1032,1,0.98,-0.014,-0.23,0,-0.01,0.046,1901,1338,1,0.99,9,3,6,2,0.63,0.03,0.84,0.07,0.11,0.01,0.81,-0.25,-0.04,0.01,0.05,-0.01,0.02,0.01,2,306,28,51,1,0.5,1,1,44049,0.31,37608,0.265,86,0.008,462,0.004,55,0.002,0.0011,-0.0013,-0.0006,870,0.077,489,0.043,43154,0.39,37112,0.335,17450,0.688,15939,0.628,0.12,0.17,0.18,2.6,0.16,0.09,0,0.01,0.81,0.92,Uncertain
"Henry County, GA",13151,Large fringe metro,"Atlanta-Sandy Springs-Alpharetta, GA",Metropolitan,GA,4,234561,0.039,0.022,0.001,0,0,0,0,58,25,4,1.7,-0.54,1,0.001,126,54,2,0.9,25729,10969,333,142,0,38,ModerateBurden,,Moderate,Substantial,0.017,1979,844,0,0.67,-0.012,-0.17,0,-0.05,0.029,2374,1012,0,0.72,11,4,1,0,0.7,0.04,0.77,0.11,0.72,0.04,-0.27,-0.5,0.02,-0.03,0.08,-0.02,0.03,0.02,1,254,40,44,1,1,1,1,30987,0.132,27177,0.116,599,0.026,1568,0.009,202,0.007,0.0116,0.0003,0.0004,1518,0.065,702,0.03,29456,0.168,26474,0.151,9387,0.335,8500,0.303,0.11,0.1,0.12,3,0.47,0.07,0,0.03,0.31,0.43,Uncertain
"Tyler County, TX",48457,Non-core,,,TX,6,21672,,0.001,0,0,0,0,0,58,268,0,0,,-1,0,0,0,1,4.6,1333,6151,42,194,0,0,Hotspot,,High,Low,0.07,76,351,1,1,0.052,-0.65,1,0,0.018,219,1011,0,1,0,0,0,0,0.1,0,,,0,0,,,-0.02,0,,,-0.02,0,1,18,0,8,1,1,1,1,,,,,,,,,,,,,,,,,,,,,,,,,,0.15,0.15,0.23,2.7,0.11,0.08,0.01,0.01,0.88,0.91,Uncertain
"Howard County, IN",18067,Small metro,"Kokomo, IN",Metropolitan,IN,5,82544,1,0.012,0,0,0,0,0,57,69,1,1.2,-0.1,-0.5,0.001,63,76,2,2.4,10227,12390,225,273,0,8,ModerateBurdenResolving,,Substantial,Substantial,0.037,1137,1377,1,0.8,-0.005,0.94,-4,0.31,0.043,586,710,5,0.49,11,5,18,8,0.49,0.03,0.72,0.05,0.11,0,0.5,0.03,-0.05,0.01,-0.02,0.05,-0.01,0,2,232,17,51,1,1,1,1,29921,0.362,26034,0.315,82,0.013,316,0.005,52,0.003,0.0012,-0.0024,-0.0018,665,0.104,302,0.047,29256,0.458,25732,0.403,12260,0.747,11520,0.702,0.08,0.16,0.2,2.4,0.08,0.04,0,0.01,0.48,0.17,Likely Decreasing
"DeSoto County, MS",28033,Large fringe metro,"Memphis, TN-MS-AR",Metropolitan,MS,4,184945,0.137,0.062,0.001,0,0,0,0,57,31,1,0.5,-0.49,-0.67,0.001,112,61,3,1.6,22186,11996,264,143,0,10,ModerateBurdenResolving,,Moderate,Substantial,0.033,990,535,1,1,-0.017,-0.24,0,0,0.051,1309,708,1,1,9,2,1,0,0.61,0.05,0.84,0.26,0.35,0.12,-0.47,-0.8,0.01,-0.01,0.01,-0.03,-0.06,-0.05,2,481,35,43,1,1,1,1,63603,0.344,47675,0.258,360,0.021,1385,0.01,159,0.006,0.0079,0.0048,0.0029,1858,0.106,604,0.035,61740,0.447,47071,0.341,18253,0.745,15372,0.627,0.09,0.09,0.13,2.8,0.3,0.05,0,0.02,0.3,0.22,Likely Decreasing
"Hays County, TX",48209,Large fringe metro,"Austin-Round Rock-Georgetown, TX",Metropolitan,TX,6,230191,0.103,0.008,0.001,1,30584,0.133,0,57,25,6,2.6,0.54,5,0,37,16,1,0.4,20971,9110,253,110,0,33,ModerateBurden,,Moderate,Moderate,0.033,3432,1491,0,1,-0.001,-0.26,0,0,0.034,4639,2015,0,1,25,7,1,0,0.64,0.05,0.82,0.17,0.19,0.05,0.43,-0.51,0.02,-0.01,0.02,-0.04,-0.01,-0.02,3,357,49,101,1,1,1,1,,,,,,,,,,,,,,,,,,,,,,,,,,0.14,0.15,0.11,2.8,0.04,0.4,0,0.02,0.49,0.14,Uncertain
"Skagit County, WA",53057,Small metro,"Mount Vernon-Anacortes, WA",Metropolitan,WA,10,129205,1,0.017,0,0,2546,0.02,0,57,44,1,0.8,-0.3,,0.001,81,63,0,0,5929,4589,74,57,0,29,ModerateBurden,,Moderate,Substantial,0.024,1655,1281,,,0.002,0.02,,,0.022,1625,1258,,,9,4,1,0,0.77,0.04,0.52,0.12,0.08,0.04,1.25,-0.5,0.03,0.01,0.06,0,0,-0.01,3,225,26,39,1,1,1,1,70202,0.543,59953,0.464,271,0.029,1150,0.011,91,0.003,-0.0016,-0.0026,-0.0013,2998,0.323,1186,0.128,67199,0.663,58765,0.579,24649,0.887,23162,0.834,0.08,0.13,0.22,2.6,0.01,0.19,0.02,0.02,0.54,0.37,Uncertain
"Cherokee County, GA",13057,Large fringe metro,"Atlanta-Sandy Springs-Alpharetta, GA",Metropolitan,GA,4,258773,0.043,0.024,0.001,0,1349,0.005,0,57,22,3,1.2,-0.32,-0.5,0.001,84,32,6,2.3,31411,12138,331,128,0,96,ModerateBurden,,Moderate,Moderate,0.031,1715,663,0,0.96,0.002,-0.19,0,0,0.029,2120,819,0,0.96,8,3,0,0,0.81,0.04,0.57,0.01,0.3,0.01,0.61,,-0.02,0.01,-0.08,-0.03,-0.05,0,1,243,30,41,1,1,1,1,59961,0.232,53070,0.205,840,0.036,1798,0.009,175,0.005,0.0208,0.0007,-0.0006,2431,0.105,1109,0.048,57514,0.292,51957,0.264,19536,0.52,17689,0.471,0.11,0.08,0.15,2.8,0.07,0.11,0,0.02,0.12,0.31,Uncertain
"Linn County, MO",29115,Non-core,,,MO,7,11920,,0.002,0,0,0,0,0,57,478,1,8.4,-0.26,,0.001,77,646,0,0,1439,12072,14,117,5,0,SustainedHotspot,Recent,High,High,0.255,81,680,1,0.94,-0.08,-0.6,1,-0.06,0.335,202,1695,0,1,1,7,3,20,0.21,0,,,0,0,-0.8,2,0.02,-0.02,,,0,0,1,15,0,2,1,1,1,1,4268,0.358,3610,0.303,10,0.01,77,0.008,10,0.004,-0.0058,0.0008,0.0004,62,0.06,13,0.013,4205,0.46,3597,0.394,1916,0.752,1745,0.685,0.12,0.15,0.21,2.4,0.01,0.03,0,0,0.27,0.27,Uncertain
"Berrien County, MI",26021,Small metro,"Niles, MI",Metropolitan,MI,5,153401,1,0.015,0,0,3260,0.021,0,57,37,2,1.3,-0.19,-0.5,0.001,70,46,4,2.6,15443,10067,288,188,0,44,ModerateBurdenResolving,,Moderate,Moderate,0.027,1884,1228,1,0.98,-0.028,-0.33,0,0,0.055,2808,1830,1,0.98,9,4,0,0,0.73,0.05,1,0.28,0.23,0.12,0,-1,-0.06,-0.01,0,0.06,0.03,0.07,2,246,16,51,1,1,1,1,68613,0.447,60917,0.397,100,0.009,636,0.005,72,0.002,-0.0099,-0.003,-0.0014,1369,0.119,954,0.083,67240,0.559,59963,0.499,24692,0.793,22604,0.726,0.08,0.16,0.2,2.4,0.14,0.06,0.01,0.02,0.65,0.55,Uncertain
"Muscogee County, GA",13215,Medium metro,"Columbus, GA-AL",Metropolitan,GA,4,195769,0.61,0.018,0.001,1,5152,0.026,0,57,29,5,2.6,-0.16,-0.29,0.001,68,35,7,3.6,16747,8554,482,246,0,33,ModerateBurden,,Moderate,Moderate,0.027,973,497,0,0.92,-0.008,-0.19,0,-0.01,0.035,1199,612,0,0.94,14,2,3,1,0.71,0.05,0.87,0.15,0.73,0.07,0.4,-0.57,0.04,-0.01,0.01,-0.01,-0.06,-0.01,4,578,73,175,1,1,1,1,53731,0.274,44437,0.227,466,0.031,1178,0.008,134,0.005,0.0145,0.0005,0.0006,1763,0.116,768,0.051,51950,0.353,43667,0.296,17544,0.653,15042,0.56,0.13,0.22,0.14,2.6,0.47,0.08,0,0.03,0.9,0.66,Uncertain
"Sandoval County, NM",35043,Medium metro,"Albuquerque, NM",Metropolitan,NM,6,146748,0.16,0.07,0,0,0,0,0,57,39,1,0.7,-0.02,0,0,58,40,1,0.7,12162,8288,241,164,0,49,ModerateBurden,,Moderate,Moderate,0.013,2319,1580,1,0.98,-0.001,-0.3,-1,-0.01,0.015,3331,2270,2,0.98,4,7,0,0,0.76,0.07,0.38,0.14,0.08,0.04,1,,-0.02,-0.04,-0.17,-0.07,0,-0.02,1,60,12,16,1,1,1,1,74260,0.506,69533,0.474,621,0.05,779,0.007,83,0.003,-0.0084,-0.0018,-0.0009,6151,0.5,2679,0.218,68106,0.602,66854,0.59,17787,0.657,21099,0.779,0.1,0.14,0.18,2.8,0.02,0.4,0.12,0.01,0.48,0.28,Uncertain
"Geary County, KS",20061,Micropolitan,"Manhattan, KS",Metropolitan,KS,7,31670,0.243,0.011,0,0,0,0,0,57,180,0,0,3.75,,0,12,38,0,0,3506,11070,40,126,0,0,EmergingHotspot,,High,Moderate,0.181,141,445,1,0.98,0.122,-0.45,0,-0.01,0.058,257,811,1,0.99,2,6,0,0,0.39,0.02,0.48,0,0,0,,,0.19,0.02,0.07,0,-0.06,0,1,35,6,10,1,1,1,1,14835,0.468,10342,0.327,73,0.034,692,0.032,21,0.007,0.0089,0.0078,-0.0073,312,0.147,93,0.044,14522,0.662,10249,0.467,2388,0.836,2174,0.761,0.07,0.14,0.09,2.7,0.17,0.16,0.01,0.03,0.66,0.17,Uncertain
"Angelina County, TX",48005,Micropolitan,"Lufkin, TX",Micropolitan,TX,6,86715,1,0.003,0,0,0,0,0,56,65,1,1.2,,-0.5,0,0,0,2,2.3,8669,9997,284,328,0,0,ModerateBurden,,Substantial,Low,0.045,494,570,1,0.99,0.027,-0.01,0,-0.01,0.017,498,574,1,0.99,10,4,0,0,0.77,0.04,0.84,0.25,0.14,0.02,0.08,,-0.06,0,-0.03,0.08,0,0.01,3,245,33,96,1,1,1,1,,,,,,,,,,,,,,,,,,,,,,,,,,0.19,0.18,0.17,2.8,0.15,0.23,0,0.01,0.98,0.62,Uncertain
"Dutchess County, NY",36027,Large fringe metro,"Poughkeepsie-Newburgh-Middletown, NY",Metropolitan,NY,2,294218,0.433,0.015,0.001,1,12993,0.044,0,56,19,1,0.3,-0.11,,0.001,63,21,0,0,29448,10009,445,151,0,61,ModerateBurden,,Moderate,Moderate,0.014,5960,2026,1,0.99,0.001,-0.26,0,-0.01,0.013,8029,2729,1,0.99,4,1,12,3,0.73,0.01,0.73,0.02,0.19,0,-0.43,-0.08,0,-0.01,-0.03,0,0,0,2,470,34,94,1,1,1,1,163471,0.556,142072,0.483,651,0.031,1867,0.008,214,0.004,-0.0138,-0.0041,-0.0026,7103,0.342,3061,0.148,156358,0.653,139007,0.581,45279,0.848,41603,0.779,0.05,0.09,0.18,2.6,0.11,0.13,0,0.04,0.42,0.42,Likely Decreasing
"Blair County, PA",42013,Small metro,"Altoona, PA",Metropolitan,PA,3,121829,1,0.01,0,0,3125,0.026,0,56,46,0,0,-0.57,-1,0.001,131,108,4,3.3,13480,11065,339,278,0,33,ModerateBurdenResolving,,Moderate,High,0.017,1749,1436,1,0.99,-0.027,-0.12,0,0.02,0.044,1997,1639,1,0.97,22,5,5,1,0.77,0.04,0.81,0.07,0.38,0.06,-0.03,-0.28,-0.03,-0.01,-0.05,0,0.01,-0.01,4,404,44,48,1,0.75,1,1,50822,0.417,44098,0.362,130,0.015,1270,0.013,261,0.01,0.0029,0.0044,0.0055,900,0.104,354,0.041,49920,0.514,43743,0.45,20326,0.784,18756,0.723,0.05,0.15,0.21,2.3,0.02,0.01,0,0.01,0.4,0.34,Uncertain
"Bedford County, VA",51019,Medium metro,"Lynchburg, VA",Metropolitan,VA,3,78997,0.3,0.009,0,0,0,0,0,56,71,3,3.8,-0.54,0,0.001,123,156,3,3.8,6628,8390,109,138,3,0,ModerateBurdenResolving,Recent,Substantial,High,0.035,357,452,1,0.99,-0.062,-0.19,0,0,0.097,439,556,1,0.99,0,0,0,0,0.54,0,0.26,0,0.09,0,,,-0.02,0,-0.02,0,0.03,0,1,28,6,5,1,1,1,1,15171,0.192,12515,0.158,30,0.005,200,0.003,34,0.002,-0.0017,-0.0016,-0.0015,238,0.041,106,0.018,14923,0.235,12407,0.195,6461,0.374,5747,0.333,0.08,0.09,0.22,2.5,0.07,0.02,0,0.01,0.1,0.39,Uncertain
"Rockland County, NY",36087,Large fringe metro,"New York-Newark-Jersey City, NY-NJ-PA",Metropolitan,NY,2,325789,0.017,0.017,0.001,0,6107,0.019,0,56,17,4,1.2,-0.16,,0.001,67,21,0,0,46905,14397,961,295,0,65,ModerateBurden,,Moderate,Moderate,0.009,8450,2594,1,0.97,0.001,-0.1,0,-0.02,0.007,9366,2875,1,0.99,11,2,0,0,0.66,0.02,0.35,0.02,0.18,0.01,0.22,,0.03,0,0.06,0,0,0,3,541,103,107,1,1,1,1,158757,0.487,137122,0.421,936,0.03,2073,0.009,232,0.004,-0.0053,-0.0054,-0.0012,7830,0.255,3795,0.124,150905,0.647,133320,0.572,43137,0.833,39267,0.759,0.06,0.14,0.16,3.2,0.11,0.18,0,0.06,0.6,0.56,Uncertain
"Iberia Parish, LA",22045,Medium metro,"Lafayette, LA",Metropolitan,LA,6,69830,0.143,0.015,0,0,0,0,0,56,80,2,2.9,0.37,0,0,41,59,2,2.9,7317,10478,158,226,0,23,ModerateBurden,,Substantial,Substantial,0.026,663,949,0,0.98,-0.029,-0.26,0,-0.01,0.055,892,1277,0,0.99,5,5,0,0,0.64,0.05,0.93,0.12,0.19,0.08,0.84,,-0.03,0.03,-0.04,0.04,0.03,0.01,1,104,13,17,1,1,1,1,20617,0.295,18071,0.259,43,0.007,306,0.006,33,0.003,0.001,-0.0015,-0.0025,348,0.058,172,0.029,20269,0.39,17899,0.345,7684,0.702,7266,0.664,0.12,0.22,0.16,2.8,0.32,0.04,0,0.03,0.96,0.83,Uncertain
"Hutchinson County, TX",48233,Micropolitan,"Borger, TX",Micropolitan,TX,6,20938,1,0.001,0,0,0,0,0,56,267,0,0,1.24,,0,25,119,0,0,2125,10149,71,339,0,0,Hotspot,,High,High,0,30,143,1,1,-0.128,-0.21,1,0,0.128,38,181,0,1,0,0,0,0,0.42,0,,,0.05,0,-1,,-0.04,-0.01,,,0,0,1,21,0,5,1,1,1,1,,,,,,,,,,,,,,,,,,,,,,,,,,0.17,0.15,0.17,3,0.03,0.24,0.01,0.01,0.66,0.61,Uncertain
"Lea County, NM",35025,Micropolitan,"Hobbs, NM",Micropolitan,NM,6,71070,1,0.034,0,0,760,0.011,0,56,79,1,1.4,10.2,,0,5,7,0,0,8370,11777,195,274,0,0,ModerateBurden,,Substantial,Low,0.007,311,438,2,0.89,-0.001,-0.52,0.5,-0.09,0.008,651,916,1.5,0.98,1,2,0,0,0.35,0,0.57,0.02,0,0,-0.67,,0.05,-0.01,0.14,-0.03,-0.01,0,2,50,7,31,1,1,1,1,10672,0.15,11718,0.165,41,0.006,186,0.004,12,0.001,-0.0047,-0.002,-0.0011,531,0.076,332,0.048,10139,0.203,11386,0.228,1430,0.177,2144,0.265,0.14,0.17,0.11,3,0.03,0.6,0.01,0,0.92,0.54,Uncertain
"Wayne County, NC",37191,Small metro,"Goldsboro, NC",Metropolitan,NC,4,123131,1,0.012,0,0,1410,0.011,0,55,45,0,0,1.39,-1,0,23,19,1,0.8,11382,9244,246,200,0,21,ModerateBurden,,Moderate,Moderate,0.018,1476,1199,1,0.99,0.005,-0.38,0,0,0.014,2389,1940,1,0.99,6,2,39,15,0.42,0.05,0.73,0.26,0.28,0.04,-0.38,0.09,-0.03,-0.02,-0.06,-0.04,0.02,0,1,257,17,43,1,1,1,1,43510,0.353,36895,0.3,82,0.008,423,0.004,42,0.002,-0.0004,-0.0019,-0.003,1030,0.107,504,0.052,42441,0.451,36377,0.387,14339,0.689,12724,0.612,0.13,0.22,0.17,2.5,0.31,0.12,0,0.01,0.95,0.94,Uncertain
"Nassau County, FL",12089,Large fringe metro,"Jacksonville, FL",Metropolitan,FL,4,88625,0.057,0.004,0,0,0,0,0,55,62,1,1.1,0.08,,0,51,58,0,0,8670,9783,127,143,0,30,ModerateBurden,,Substantial,Substantial,0.04,1123,1267,,,-0.014,-0.21,,,0.053,1424,1607,,,4,7,1,2,0.72,0.06,0.86,0.09,0.17,0.02,3,,0.07,0.03,-0.02,0.09,-0.01,0,1,58,8,14,1,1,1,1,38310,0.432,33873,0.382,58,0.01,345,0.005,41,0.002,-0.003,-0.0024,-0.001,648,0.107,339,0.056,37658,0.529,33533,0.471,17781,0.879,16497,0.815,0.11,0.1,0.23,2.6,0.06,0.05,0,0.01,0.25,0.39,Uncertain
"Chatham County, GA",13051,Medium metro,"Savannah, GA",Metropolitan,GA,4,289430,0.736,0.027,0.001,1,15098,0.052,0,55,19,6,2.1,-0.5,1,0.001,110,38,3,1,23527,8129,464,160,0,129,ModerateBurden,,Moderate,Moderate,0.026,996,344,0,0.88,-0.007,-0.11,0,0.01,0.034,1115,385,0,0.87,8,1,2,0,0.83,0.01,0.9,0.03,0.29,0.01,-0.47,,-0.03,0,-0.02,-0.01,-0.02,0,5,1043,136,272,1,1,1,1,108594,0.375,94432,0.326,668,0.035,1922,0.008,161,0.003,0.0105,-0.0001,-0.0001,3094,0.16,1530,0.079,105473,0.46,92896,0.406,34303,0.743,31212,0.676,0.15,0.16,0.16,2.5,0.4,0.07,0,0.03,0.69,0.55,Uncertain
"Jefferson County, WV",54037,Large fringe metro,"Washington-Arlington-Alexandria, DC-VA-MD-WV",Metropolitan,WV,3,57146,0.009,0.032,0,0,2623,0.046,0,55,96,1,1.7,0.53,,0,36,63,0,0,4759,8328,53,93,0,0,EmergingHotspot,,Substantial,Substantial,0.033,502,878,1,0.96,-0.023,-0.23,0,-0.01,0.056,648,1134,1,0.97,4,16,0,0,0.82,0.17,0.71,0.09,0,0,0,,0.05,0.02,-0.06,-0.23,0,0,1,25,5,4,1,1,1,1,18719,0.328,13736,0.24,70,0.015,309,0.007,46,0.005,-0.0403,-0.0056,-0.003,1102,0.237,289,0.062,17609,0.395,13444,0.302,5293,0.553,4515,0.472,0.05,0.1,0.17,2.6,0.06,0.06,0,0.01,0.23,0.14,Uncertain
"Mendocino County, CA",6045,Micropolitan,"Ukiah, CA",Micropolitan,CA,9,86749,1,0.002,0,0,0,0,0,55,63,1,1.2,0.96,,0,28,32,0,0,4252,4901,50,58,0,6,ModerateBurden,,High,Moderate,,651,750,,,,-0.47,,,0.039,1227,1414,,,6,6,27,29,0.72,0.06,0.73,0.3,0.06,0.04,0.01,-0.15,0.04,0,0.13,0.03,0.01,0.01,3,93,14,42,1,1,1,1,46556,0.537,39416,0.454,115,0.019,478,0.007,61,0.003,-0.0052,-0.0024,-0.0017,1974,0.32,970,0.157,44455,0.65,38412,0.561,16279,0.813,14492,0.724,0.09,0.19,0.23,2.5,0.01,0.26,0.04,0.02,0.88,0.66,Uncertain
"Crawford County, PA",42039,Micropolitan,"Meadville, PA",Micropolitan,PA,3,84629,1,0.007,0,0,1724,0.02,0,55,65,2,2.4,-0.36,0,0.001,86,102,2,2.4,7497,8859,153,181,0,16,ModerateBurdenResolving,,Substantial,High,0.089,869,1027,1,0.99,0.016,-0.4,0,0.01,0.073,1452,1716,1,0.98,7,4,5,3,0.5,0.04,0.58,0.19,0.3,0.14,-0.5,-0.58,0.01,0,-0.1,0.07,0.01,0.05,2,170,18,24,1,1,1,1,34709,0.41,30484,0.36,92,0.015,442,0.007,88,0.005,-0.0039,-0.0016,-0.0005,917,0.149,394,0.064,33790,0.502,30090,0.447,13687,0.762,12766,0.711,0.09,0.14,0.21,2.4,0.02,0.01,0,0.01,0.51,0.55,Likely Decreasing
"DeKalb County, AL",1049,Non-core,"Fort Payne, AL",Micropolitan,AL,4,71513,1,0.015,0,0,0,0,0,55,77,0,0,5.88,,0,8,11,0,0,8951,12517,188,263,0,0,EmergingHotspot,,High,Substantial,0.112,241,337,1,0.98,0.026,-0.22,1,0.02,0.086,310,433,0,0.96,1,2,19,32,0.73,0.03,0.87,0.1,0.25,0.11,0.06,0.67,0.14,0.02,0.39,0.07,0.14,0.07,1,60,9,8,1,1,1,1,16088,0.225,12929,0.181,1,0,92,0.002,16,0.001,0,-0.0001,-0.0007,40,0.006,21,0.003,16046,0.295,12908,0.237,7020,0.557,5864,0.465,0.15,0.22,0.18,2.7,0.01,0.15,0.01,0,0.8,0.79,Uncertain
"LaSalle Parish, LA",22059,Non-core,,,LA,6,14892,,0.003,0,0,0,0,0,54,363,0,0,2,,0,18,121,0,0,1654,11107,37,248,0,0,EmergingHotspot,,High,High,0.093,181,1215,2,0.96,-0.025,0.65,1,-0.04,0.117,110,739,1,1,8,13,0,0,0.38,0,,,0,0,0.14,,0.1,0,,,0,0,2,60,0,12,1,1,1,1,3295,0.221,2919,0.196,6,0.005,53,0.005,12,0.005,0.0009,0.0005,0.0016,18,0.016,7,0.006,3277,0.285,2912,0.253,1529,0.598,1404,0.549,0.09,0.22,0.17,2.7,0.12,0.03,0.01,0,0.76,0.36,Uncertain
"San Luis Obispo County, CA",6079,Medium metro,"San Luis Obispo-Paso Robles, CA",Metropolitan,CA,9,283111,1,0.007,0.001,1,20996,0.074,0,54,19,0,0,0.04,,0,52,18,0,0,21369,7548,261,92,0,0,ModerateBurden,,Moderate,Moderate,,4964,1753,,,,-0.42,,,0.009,8602,3038,,,1,0,1,0,0.71,0.01,0.37,0,0.06,0,-0.5,-0.75,0,0,-0.01,0,-0.02,0,4,251,37,49,1,1,1,1,141435,0.5,116905,0.413,539,0.031,1659,0.007,152,0.003,-0.0087,-0.0009,-0.0013,5531,0.321,2761,0.16,135636,0.581,114094,0.488,45706,0.774,39101,0.662,0.08,0.13,0.21,2.5,0.02,0.23,0,0.04,0.37,0.17,Uncertain
"St. Martin Parish, LA",22099,Medium metro,"Lafayette, LA",Metropolitan,LA,6,53431,0.109,0.011,0,0,0,0,0,54,101,1,1.9,0.54,,0,35,66,0,0,5454,10208,118,221,0,0,EmergingHotspot,,High,Substantial,0.024,455,852,0,0.96,-0.044,0.08,0,-0.03,0.068,423,792,0,0.99,0,0,0,0,0.84,0,,,0.33,0,,,0.07,0,,,0,0,1,25,0,3,1,1,1,1,13325,0.249,11764,0.22,17,0.004,198,0.005,27,0.003,-0.0031,-0.0021,-0.0008,189,0.045,97,0.023,13135,0.323,11667,0.287,5182,0.617,4887,0.582,0.11,0.18,0.16,2.7,0.3,0.03,0,0.01,0.78,0.8,Uncertain
"Hendricks County, IN",18063,Large fringe metro,"Indianapolis-Carmel-Anderson, IN",Metropolitan,IN,5,170311,0.082,0.025,0.001,0,0,0,0,54,32,0,0,-0.17,-1,0.001,65,38,1,0.6,17535,10296,316,186,0,27,ModerateBurden,,Moderate,Moderate,0.021,1524,895,1,0.94,-0.019,-0.03,0,0.07,0.04,1576,925,1,0.87,3,1,7,3,0.64,0.05,0.52,0.1,0.13,0.03,-0.67,0.17,-0.06,0,0.01,0.04,-0.03,0.02,2,279,40,56,1,1,1,1,94667,0.556,81028,0.476,559,0.036,1124,0.009,78,,-0.0159,-0.0044,0,4775,0.31,2179,0.141,89888,0.701,78846,0.615,24697,0.999,23587,0.975,0.06,0.05,0.14,2.7,0.08,0.04,0,0.03,0.08,0.09,Uncertain
"Washington County, PA",42125,Large fringe metro,"Pittsburgh, PA",Metropolitan,PA,3,206865,0.089,0.016,0.001,0,6350,0.031,0,53,26,2,1,-0.45,0,0.001,96,46,2,1,17821,8615,302,146,0,47,ModerateBurden,,Moderate,Moderate,0.015,1480,715,1,0.99,-0.018,-0.3,0,0.01,0.034,2122,1026,1,0.99,15,4,12,3,0.71,0.05,0.78,0.24,0.17,0.04,0.24,-0.43,-0.06,0.01,0.06,0.08,0.03,0.02,4,343,30,68,1,1,1,1,118089,0.571,91691,0.443,327,0.023,1547,0.009,306,0.003,-0.0058,-0.0021,-0.0048,3500,0.25,1549,0.11,114584,0.687,90141,0.541,43692,0.999,32727,0.752,0.04,0.09,0.21,2.4,0.03,0.02,0,0.01,0.17,0.41,Uncertain
"Sampson County, NC",37163,Non-core,,,NC,4,63531,,0.006,0,0,0,0,0,53,83,0,0,4.89,-1,0,9,14,1,1.6,8045,12663,113,178,0,40,EmergingHotspot,,Substantial,Moderate,0.062,262,412,1,0.98,0.015,-0.45,0,-0.01,0.048,480,756,1,0.99,3,4,0,0,0.41,0.02,0.55,0.18,0,0,2,,0,0.02,0.13,0.18,0,0,1,67,8,10,1,1,1,1,22144,0.349,18673,0.294,35,0.006,331,0.007,8,0.001,-0.0159,0.0003,-0.0012,360,0.067,118,0.022,21774,0.453,18553,0.386,8041,0.691,7399,0.636,0.15,0.24,0.18,2.7,0.25,0.21,0.02,0,0.97,0.99,Likely Decreasing
"Anderson County, SC",45007,Medium metro,"Greenville-Anderson, SC",Metropolitan,SC,4,202558,0.22,0.039,0.001,0,2775,0.014,0,53,26,3,1.5,-0.13,0,0.001,61,30,3,1.5,23235,11471,530,262,0,132,ModerateBurden,,Moderate,Moderate,0.016,1981,978,0,0.98,-0.002,-0.38,-1,0.01,0.018,3179,1569,1,0.98,3,1,10,3,0.74,0.01,0.66,0.02,0.1,0,-0.62,-0.67,-0.06,-0.02,-0.07,-0.09,-0.04,-0.04,1,325,61,77,1,1,1,1,61219,0.302,53638,0.265,136,0.009,672,0.004,102,0.003,-0.003,-0.0004,0.0002,1460,0.092,722,0.045,59692,0.381,52899,0.338,24759,0.667,23009,0.62,0.11,0.15,0.18,2.5,0.16,0.04,0,0.01,0.7,0.6,Uncertain
"Mercer County, NJ",34021,Medium metro,"Trenton-Princeton, NJ",Metropolitan,NJ,2,367430,1,0.041,0.001,2,19513,0.053,0,53,14,2,0.5,-0.61,-0.33,0.001,136,37,3,0.8,34034,9263,952,259,0,55,ModerateBurden,,Moderate,Moderate,0.007,7530,2049,0,1,-0.011,-0.24,0,0,0.018,9910,2697,0,1,12,2,0,0,0.65,0.02,0.61,0.02,0.24,0.02,-0.3,,-0.02,0,-0.04,-0.01,0.03,0,4,619,95,111,1,1,1,1,213627,0.581,164311,0.447,1030,0.038,4348,0.015,345,0.006,-0.0298,-0.0029,-0.0035,10801,0.399,4518,0.167,202809,0.701,159789,0.552,48999,0.852,39902,0.694,0.08,0.11,0.16,2.7,0.2,0.18,0,0.12,0.56,0.21,Uncertain
"Ashtabula County, OH",39007,Micropolitan,"Ashtabula, OH",Micropolitan,OH,5,97241,1,0.008,0,0,0,0,0,53,55,0,0,-0.3,,0.001,76,78,0,0,7114,7316,179,184,0,36,ModerateBurden,,Substantial,Substantial,0.03,885,910,1,0.98,-0.025,-0.22,0,-0.01,0.055,1129,1161,1,0.99,3,1,2,1,0.6,0.02,0.56,0.06,0.02,0,-0.5,1,0,0.01,0.14,0.05,0,0,4,318,21,57,1,1,1,1,37054,0.381,34677,0.357,87,0.011,535,0.007,94,0.005,-0.0203,-0.0034,-0.0016,1122,0.148,529,0.07,35932,0.473,34148,0.45,13931,0.73,13770,0.721,0.09,0.2,0.2,2.5,0.03,0.04,0,0,0.79,0.64,Uncertain
"Walla Walla County, WA",53071,Small metro,"Walla Walla, WA",Metropolitan,WA,10,60760,1,0.008,0,0,3188,0.052,0,53,87,0,0,0.32,-1,0,40,66,1,1.6,5201,8560,66,109,0,0,EmergingHotspot,,Substantial,Substantial,0.022,1772,2916,,,0.01,-0.22,,,0.011,2280,3752,,,2,3,0,0,0.93,0.06,0.84,0.24,0.03,0.01,-0.08,,-0.06,-0.01,-0.09,0.11,-0.07,-0.02,1,79,14,24,1,1,1,1,31344,0.516,27049,0.445,75,0.017,327,0.007,43,0.004,-0.0009,-0.0045,0.0002,1568,0.358,696,0.159,29775,0.618,26352,0.547,9767,0.859,8743,0.769,0.08,0.14,0.19,2.5,0.02,0.22,0.01,0.02,0.68,0.2,Uncertain
"Androscoggin County, ME",23001,Small metro,"Lewiston-Auburn, ME",Metropolitan,ME,1,108277,1,0.081,0,0,1880,0.017,0,53,49,6,5.5,-0.33,,0.001,79,73,0,0,8325,7689,85,79,0,38,ModerateBurdenResolving,,Moderate,Substantial,0.014,1739,1606,1,0.93,0,-0.74,1,-0.02,0.014,6771,6253,0,0.96,16,5,8,3,0.6,0.04,0.65,0.07,0.11,0.01,-0.16,1.67,0.03,-0.02,-0.08,-0.1,0.01,-0.01,2,301,49,71,1,1,1,1,59102,0.546,50907,0.47,246,0.032,1126,0.013,83,0.004,0.0083,0.0047,0.0017,2566,0.331,1297,0.168,56525,0.665,49608,0.584,17443,0.887,16058,0.817,0.08,0.13,0.18,2.3,0.04,0.02,0,0.01,0.56,0.16,Likely Decreasing
"Gallatin County, MT",30031,Micropolitan,"Bozeman, MT",Micropolitan,MT,8,114434,1,0.107,0,1,13085,0.114,0,53,46,0,0,0.51,,0,35,31,0,0,14863,12988,63,55,0,44,ModerateBurden,,Moderate,Moderate,0.023,854,746,0,0.96,-0.02,-0.42,-1,0.01,0.043,1469,1284,1,0.95,1,1,0,0,0.85,0.01,0.76,0.01,0.12,0,-0.86,,0.14,-0.04,0.17,-0.06,0.12,0,2,102,20,21,1,1,1,1,58191,0.509,47428,0.414,151,0.021,1092,0.012,77,0.005,0.0016,0.0017,-0.0001,2147,0.293,959,0.131,56043,0.61,46469,0.506,13087,0.871,11600,0.772,0.08,0.12,0.13,2.4,0,0.04,0.01,0.02,0.04,0.05,Likely Decreasing
"Morgan County, AL",1103,Small metro,"Decatur, AL",Metropolitan,AL,4,119679,0.784,0.024,0,0,0,0,0,53,44,1,0.8,0.83,-0.5,0,29,24,2,1.7,14573,12177,284,237,0,11,ModerateBurden,,Moderate,Moderate,0.062,576,481,1,0.99,0.012,-0.35,0,0,0.049,885,739,1,0.98,8,3,11,4,0.72,0.05,0.74,0.11,0.23,0.02,-0.2,-0.52,0,0,0,-0.02,-0.03,-0.03,1,255,19,17,1,1,1,1,37628,0.314,32132,0.268,2,0,122,0.001,16,0.001,0.0002,-0.0009,-0.0006,316,0.033,168,0.018,37312,0.404,31964,0.346,15539,0.728,13900,0.651,0.1,0.15,0.18,2.6,0.13,0.09,0.01,0.01,0.69,0.73,Uncertain
"Santa Barbara County, CA",6083,Medium metro,"Santa Maria-Santa Barbara, CA",Metropolitan,CA,9,446499,1,0.011,0.001,1,26586,0.06,0,53,12,3,0.7,0.26,2,0,42,9,1,0.2,34541,7736,459,103,0,49,ModerateBurden,,Moderate,Low,,5419,1214,,,,-0.41,,,0.007,9180,2056,,,13,2,0,0,0.58,0.01,0.62,0.03,0.11,0.01,0.86,,0.01,0,0.04,-0.01,-0.01,0,5,683,77,259,1,1,1,1,251507,0.563,211307,0.473,818,0.025,2847,0.008,184,0.003,-0.0143,-0.0035,-0.0012,11708,0.363,6532,0.203,239241,0.688,204619,0.588,62904,0.897,53163,0.758,0.11,0.15,0.16,2.9,0.02,0.46,0,0.05,0.71,0.34,Uncertain
"Matanuska-Susitna Borough, AK",2170,Medium metro,"Anchorage, AK",Metropolitan,AK,10,108317,0.273,0.148,0,0,32,0,0,53,49,0,0,1.52,,0,21,19,0,0,11793,10887,57,53,0,47,ModerateBurden,,Moderate,Moderate,0.025,1596,1473,0,1,0.016,-0.29,0,0,0.009,2262,2088,0,1,3,2,0,0,0.44,0.01,0.71,0.03,0.05,0.01,,-1,-0.06,0,0.18,0.03,0.03,0.01,1,160,14,33,1,1,1,1,31190,0.288,27037,0.25,79,0.008,257,0.003,34,0.002,0.0025,0,0.0009,1309,0.133,718,0.073,29837,0.374,26308,0.33,8684,0.631,8112,0.59,0.15,0.1,0.13,3.3,0.01,0.05,0.06,0.02,0.32,0.12,Uncertain
"Yuba County, CA",6115,Small metro,"Yuba City, CA",Metropolitan,CA,9,78668,0.448,0.002,0,0,0,0,0,52,66,1,1.3,0.68,,0,31,39,0,0,6423,8165,49,62,0,8,ModerateBurden,,Substantial,Moderate,,597,759,,,,-0.41,,,0.048,1006,1279,,,6,3,43,20,0.84,0.03,0.89,0.04,0.29,0.01,2,0.05,0,0.02,0.28,0.04,0.06,0.01,1,217,24,79,1,1,1,1,27905,0.355,21174,0.269,79,0.012,519,0.009,43,0.004,-0.0028,-0.0088,-0.0023,972,0.143,373,0.055,26886,0.471,20788,0.364,7744,0.754,6320,0.615,0.08,0.18,0.13,2.8,0.04,0.29,0.02,0.07,0.94,0.52,Uncertain
"Northumberland County, PA",42097,Micropolitan,"Sunbury, PA",Micropolitan,PA,3,90843,1,0.007,0,0,0,0,0,52,57,0,0,-0.05,,0,55,61,0,0,9671,10646,357,393,0,40,ModerateBurden,,Substantial,Substantial,0.062,895,985,1,0.97,0.002,-0.13,0,-0.02,0.06,1023,1126,1,1,,,,,,,,,,,,,,,,,,,,,,,,,,,43195,0.475,36805,0.405,115,0.018,697,0.01,121,0.006,-0.0126,-0.0069,-0.0044,905,0.144,338,0.054,42289,0.579,36466,0.499,16554,0.836,14846,0.75,0.06,0.14,0.22,2.2,0.03,0.04,0,0,0.5,0.76,Likely Decreasing
"Moffat County, CO",8081,Micropolitan,"Craig, CO",Micropolitan,CO,8,13283,1,0.002,0,0,0,0,0,52,391,0,0,0.79,,0,29,218,0,0,888,6685,22,166,0,0,Hotspot,,High,High,0.1,196,1476,2,1,-0.045,0.04,0,0,0.144,189,1423,2,1,2,8,2,8,0.5,0.08,,,0,0,0,0,-0.04,-0.04,,,0,0,1,25,0,4,1,0,1,1,2638,0.199,2262,0.17,28,0.025,67,0.007,5,0.002,0.0243,0.0005,0,59,0.053,25,0.022,2574,0.26,2237,0.226,554,0.262,590,0.279,0.13,0.14,0.16,2.5,0.01,0.16,0.01,0.01,0.55,0.26,Uncertain
"Jackson County, MS",28059,Medium metro,"Gulfport-Biloxi, MS",Metropolitan,MS,4,143617,0.344,0.048,0,0,0,0,0,52,36,0,0,-0.02,,0,53,37,0,0,13616,9481,248,173,0,0,ModerateBurden,,Substantial,Moderate,0.092,183,127,1,0.99,0.029,-0.13,0,-0.01,0.063,211,147,1,0.99,6,2,0,0,0.58,0.02,0.71,0.02,0.18,0,1,,-0.04,0,-0.1,-0.02,-0.06,-0.03,1,316,40,30,1,1,1,1,42622,0.297,35235,0.245,202,0.017,667,0.006,79,0.003,0.0114,0.0029,0.0014,749,0.062,293,0.024,41871,0.379,34941,0.316,15784,0.673,14247,0.607,0.14,0.16,0.16,2.7,0.21,0.07,0,0.02,0.54,0.37,Uncertain
"Lubbock County, TX",48303,Medium metro,"Lubbock, TX",Metropolitan,TX,6,310569,0.964,0.011,0.001,1,32819,0.106,0,52,17,1,0.3,-0.21,-0.5,0.001,66,21,2,0.6,49371,15897,792,255,0,14,ModerateBurden,,Moderate,Moderate,0.019,1850,596,0,0.99,-0.004,-0.18,0,0,0.023,2245,723,0,1,42,4,162,15,0.8,0.02,0.81,0.02,0.2,0.01,-0.39,-0.09,-0.05,-0.01,-0.06,-0.01,-0.03,0,8,1114,172,444,0.88,0.88,0.88,0.88,,,,,,,,,,,,,,,,,,,,,,,,,,0.14,0.19,0.13,2.6,0.07,0.36,0,0.02,0.75,0.18,Uncertain
"Hall County, GA",13139,Small metro,"Gainesville, GA",Metropolitan,GA,4,204441,1,0.019,0.001,0,1528,0.007,0,52,25,0,0,-0.21,-1,0.001,66,32,8,3.9,27556,13479,483,236,0,24,ModerateBurden,,Moderate,Moderate,0.011,1657,811,0,0.82,-0.008,-0.23,0,-0.08,0.019,2139,1046,0,0.9,34,5,30,4,0.99,0.02,0.77,0.02,0.31,0.09,-0.21,-0.23,-0.02,-0.01,0,-0.06,0,0,1,667,131,113,1,1,1,1,44910,0.22,39115,0.191,451,0.025,1305,0.008,112,0.004,0.0026,-0.0007,-0.0008,1899,0.104,967,0.053,42991,0.28,38145,0.248,12833,0.408,11523,0.366,0.17,0.15,0.15,3,0.07,0.29,0,0.02,0.66,0.33,Uncertain
"Blount County, AL",1009,Large fringe metro,"Birmingham-Hoover, AL",Metropolitan,AL,4,57826,0.053,0.012,0,0,0,0,0,52,90,0,0,0.62,,0,32,55,0,0,6916,11960,139,240,0,11,ModerateBurdenResolving,,Substantial,High,0.051,288,498,0,1,-0.077,-0.28,0,0.03,0.128,398,688,0,0.97,0,0,0,0,0.37,0,0.45,0,0,0,,,0.15,0,0.21,0,0,0,1,34,6,4,1,1,1,1,12386,0.214,9489,0.164,,,75,0.002,16,0.001,-0.0004,0.0003,0.0007,93,0.02,47,0.01,12289,0.276,9441,0.212,5434,0.502,4388,0.406,0.11,0.14,0.19,2.8,0.02,0.1,0,0,0.42,0.77,Likely Decreasing
"Wilson County, TN",47189,Large fringe metro,"Nashville-Davidson--Murfreesboro--Franklin, TN",Metropolitan,TN,4,144657,0.075,0.021,0,0,1758,0.012,0,52,36,2,1.4,0.86,1,0,28,19,1,0.7,19062,13177,241,167,0,39,ModerateBurden,,Moderate,Moderate,0.04,604,418,1,0.99,0.004,-0.47,0,0.01,0.037,1148,794,1,0.98,1,1,0,0,0.84,0.08,0.87,0.23,0.25,0.07,-0.67,,-0.01,0.02,0.04,0.01,0.08,0.06,1,87,12,12,1,1,1,1,54838,0.379,45242,0.313,169,0.014,545,0.005,56,0.002,-0.001,-0.0017,-0.0011,1573,0.132,588,0.049,53260,0.481,44652,0.403,17364,0.749,15552,0.671,0.07,0.08,0.16,2.7,0.07,0.05,0,0.02,0.15,0.45,Likely Decreasing
"Twin Falls County, ID",16083,Micropolitan,"Twin Falls, ID",Metropolitan,ID,10,86878,0.781,0.049,0,0,0,0,0,52,60,1,1.2,0.53,,0,34,39,0,0,9714,11181,128,147,0,13,ModerateBurden,,Substantial,Moderate,0.026,633,729,1,0.99,-0.022,-0.21,1,-0.01,0.048,800,921,0,1,4,2,4,2,0.47,0.02,0.44,0.02,0.08,0,-0.2,,0.05,0.01,0.11,0.01,-0.02,0,1,248,30,24,1,1,1,1,28522,0.328,25009,0.288,1,0,314,0.005,41,0.003,0.0001,-0.0048,-0.0021,4,0,1,0,28516,0.452,25007,0.396,10732,0.79,9975,0.734,0.12,0.15,0.16,2.7,0.01,0.17,0.01,0.02,0.5,0.13,Uncertain
"Loudoun County, VA",51107,Large fringe metro,"Washington-Arlington-Alexandria, DC-VA-MD-WV",Metropolitan,VA,3,413538,0.066,0.048,0.001,0,0,0,0,52,13,2,0.5,-0.12,1,0,59,14,1,0.2,27975,6765,280,68,0,49,ModerateBurden,,Moderate,Moderate,0.012,3200,774,1,0.97,-0.003,-0.21,0,-0.02,0.016,4028,974,1,0.99,1,0,61,23,0.68,0.01,0.57,0.03,0.06,0.01,-0.5,0.2,-0.07,-0.01,-0.05,-0.05,0,-0.01,2,271,32,87,1,1,1,1,188250,0.455,153349,0.371,1876,0.046,2332,0.008,111,0.003,-0.0156,-0.003,-0.0013,18158,0.448,8250,0.203,169294,0.568,144958,0.486,26663,0.664,23321,0.581,0.06,0.04,0.1,3.1,0.08,0.14,0,0.2,0.09,0.06,Uncertain
"Monroe County, IN",18105,Small metro,"Bloomington, IN",Metropolitan,IN,5,148431,0.877,0.022,0,1,38311,0.258,0,52,35,2,1.3,0.06,,0,49,33,0,0,12119,8165,174,117,0,47,ModerateBurden,,Moderate,Moderate,0.024,1333,898,1,0.95,0.003,-0.2,0,0,0.021,1669,1124,1,0.95,10,2,3,1,0.38,0.02,0.64,0.05,0.33,0.05,0,0,-0.02,-0.01,0.04,-0.02,-0.08,-0.04,2,418,38,28,1,1,1,1,73624,0.496,62187,0.419,273,0.035,803,0.006,38,0.002,0.0042,-0.0015,-0.0005,3252,0.413,1652,0.21,70367,0.562,60533,0.483,16512,0.821,15853,0.788,0.08,0.24,0.14,2.4,0.04,0.04,0,0.07,0.45,0.33,Uncertain
"Boone County, IN",18011,Large fringe metro,"Indianapolis-Carmel-Anderson, IN",Metropolitan,IN,5,67843,0.033,0.01,0,0,0,0,0,52,77,0,0,0,-1,0,52,77,1,1.5,6897,10166,103,152,0,0,ModerateBurden,,Substantial,Substantial,0.04,713,1051,1,0.95,-0.009,-0.1,0,0.05,0.049,795,1172,1,0.9,5,10,9,18,0.6,0.07,0.58,0.22,0,0,-0.37,0.13,-0.16,0.01,-0.18,0.04,0,0,1,51,16,12,1,1,1,1,37969,0.56,32390,0.477,271,0.044,546,0.011,49,0.005,-0.0304,0.001,0.0013,2580,0.42,1029,0.167,35389,0.705,31361,0.624,8645,0.925,8290,0.887,0.05,0.05,0.14,2.6,0.02,0.03,0,0.03,0.04,0.15,Uncertain
"Richmond city, VA",51760,Large central metro,"Richmond, VA",Metropolitan,VA,3,230436,0.178,0.027,0.001,1,30236,0.131,0,51,22,2,0.9,0.38,0,0,37,16,2,0.9,17137,7437,269,117,0,47,ModerateBurden,,Moderate,Moderate,0.015,2274,987,1,0.98,-0.001,-0.1,0,-0.01,0.016,2538,1101,1,0.99,14,1,150,11,0.64,0.02,0.93,0.05,0.38,0.02,0.4,-0.08,0,0,-0.02,0,-0.03,0.01,4,1346,158,224,0.75,0.5,1,0.75,32231,0.14,28089,0.122,67,0.006,351,0.002,28,0.001,-0.0002,-0.0005,-0.0001,668,0.06,352,0.032,31478,0.165,27702,0.145,5096,0.16,4550,0.143,0.13,0.25,0.14,2.4,0.46,0.07,0,0.02,0.77,0.37,Uncertain
"Montcalm County, MI",26117,Large fringe metro,"Grand Rapids-Kentwood, MI",Metropolitan,MI,5,63888,0.059,0.006,0,0,0,0,0,51,80,1,1.6,-0.11,0,0,57,89,1,1.6,6057,9481,112,175,0,43,ModerateBurdenResolving,,Substantial,Substantial,0.016,3001,4697,0,0.98,-0.005,-0.08,0,0.03,0.021,3270,5118,0,0.95,13,19,3,4,0.54,0.13,0.71,0.33,0.06,0.04,-0.14,0,-0.06,-0.04,-0.04,0.25,0.04,0.03,4,69,7,20,1,1,1,1,20792,0.325,19122,0.299,9,0.002,154,0.003,19,0.002,0.001,-0.0023,-0.0019,274,0.056,304,0.062,20518,0.412,18818,0.377,7827,0.675,7523,0.649,0.08,0.16,0.18,2.6,0.02,0.04,0,0,0.61,0.56,Uncertain
"Garfield County, CO",8045,Micropolitan,"Glenwood Springs, CO",Micropolitan,CO,8,60061,0.772,0.01,0,0,1679,0.028,0,51,85,0,0,-0.07,-1,0,55,92,2,3.3,6004,9997,42,70,0,0,EmergingHotspot,,Substantial,Substantial,0.044,1113,1853,1,0.99,0.01,-0.24,0,0,0.033,1463,2436,1,1,3,3,0,0,0.56,0.04,0.62,0.06,0.06,0.06,-0.4,,-0.03,0.02,-0.02,0.05,0.05,0.06,2,92,10,18,1,1,1,1,18066,0.301,15387,0.256,197,0.039,339,0.008,29,0.003,-0.0046,-0.003,0.0008,1326,0.263,551,0.109,16658,0.37,14826,0.329,1784,0.215,2142,0.258,0.17,0.08,0.14,2.7,0.01,0.29,0,0.01,0.35,0.39,Uncertain
"Hoke County, NC",37093,Medium metro,"Fayetteville, NC",Metropolitan,NC,4,55234,0.105,0.005,0,0,0,0,0,51,92,0,0,3.25,,0,12,22,0,0,4850,8781,56,101,0,9,ModerateBurdenResolving,,Substantial,Substantial,0.078,239,433,1,1,-0.002,-0.48,0,0,0.08,464,840,1,1,2,4,11,22,0.34,0.05,0.18,0.14,0,0,-0.6,-0.08,0.02,-0.01,-0.11,0.04,0,0,1,49,4,4,1,1,1,1,11829,0.214,9490,0.172,24,0.006,108,0.003,4,0.001,-0.0067,-0.0018,-0.0022,266,0.061,108,0.025,11557,0.287,9380,0.233,3497,0.597,3129,0.535,0.13,0.22,0.11,2.9,0.34,0.14,0.08,0.01,0.89,0.92,Uncertain
"Wilson County, NC",37195,Micropolitan,"Wilson, NC",Micropolitan,NC,4,81801,1,0.008,0,0,973,0.012,0,51,62,0,0,0.59,-1,0,32,39,2,2.4,9810,11993,179,219,0,36,ModerateBurden,,Substantial,Moderate,0.034,725,886,1,0.99,0.001,-0.25,0,0,0.033,972,1188,1,0.99,0,0,0,0,0.54,0.01,0.75,0.06,0.68,0,,,0,-0.01,-0.07,-0.06,0.38,-0.04,1,180,16,12,1,1,1,1,30433,0.372,25556,0.312,49,0.008,279,0.004,34,0.002,-0.0088,-0.0025,-0.0013,623,0.096,207,0.032,29783,0.471,25344,0.401,11327,0.739,10319,0.673,0.13,0.22,0.19,2.5,0.4,0.11,0,0.01,0.94,0.9,Likely Decreasing
"Park County, WY",56029,Non-core,,,WY,8,29194,,0.05,0,0,0,0,0,51,175,0,0,2.92,,0,13,45,0,0,2871,9834,30,103,0,0,ModerateBurden,,High,Moderate,0.028,155,531,2,0.97,-0.015,-0.57,1,0.02,0.043,357,1223,1,0.95,10,15,0,0,0.42,0.04,0.23,0,0,0,2.33,,0.01,0.02,-0.18,-0.11,0,0,2,65,8,18,1,1,1,1,10896,0.373,9793,0.335,26,0.013,136,0.006,31,0.004,0.0097,0.0024,0.0003,195,0.094,107,0.052,10700,0.461,9686,0.417,5013,0.704,4676,0.656,0.12,0.08,0.24,2.4,0.01,0.06,0.01,0.01,0.07,0.02,Uncertain
"Cullman County, AL",1043,Micropolitan,"Cullman, AL",Micropolitan,AL,4,83768,1,0.017,0,0,0,0,0,51,61,1,1.2,1.12,0,0,24,29,1,1.2,9894,11811,199,238,0,13,ModerateBurden,,Substantial,Moderate,0.048,541,646,1,0.99,-0.017,-0.27,0,0.01,0.065,744,888,1,0.98,12,7,0,0,0.58,0.04,0.53,0,0.11,0,1,,-0.07,0,0.03,0,0.1,0,1,161,11,10,1,1,1,1,23041,0.275,19717,0.235,1,0,91,0.001,9,0.001,0.0002,-0.0005,-0.0015,97,0.015,58,0.009,22941,0.353,19659,0.303,10356,0.658,9281,0.59,0.12,0.16,0.19,2.6,0.01,0.04,0.01,0.01,0.52,0.65,Likely Decreasing
"West Feliciana Parish, LA",22125,Medium metro,"Baton Rouge, LA",Metropolitan,LA,6,15568,0.018,0.003,0,0,0,0,0,50,321,0,0,,,0,0,0,0,0,1210,7772,34,218,0,0,ModerateBurden,,High,Low,0,44,283,0,1,-0.038,-0.27,0,0,0.038,60,385,0,1,0,0,0,0,0.31,0,,,0,0,,,0.08,0,,,0,0,1,14,0,7,1,1,1,1,10745,0.69,8960,0.576,16,0.018,60,0.005,11,,-0.0011,-0.0208,0,114,0.13,42,0.048,10630,0.817,8918,0.685,3090,0.999,2889,0.999,0.08,0.15,0.15,3.1,0.44,0.02,0,0.01,0.69,0.74,Uncertain
"Pima County, AZ",4019,Medium metro,"Tucson, AZ",Metropolitan,AZ,9,1047279,1,0.144,0.003,1,36213,0.035,0,50,5,7,0.7,-0.91,,0.004,530,51,0,0,116900,11162,2413,230,3,2,LowBurden,Recent,Low,Substantial,0.026,8239,787,1,0.98,0.002,-0.17,0,-0.01,0.025,9883,944,1,0.98,53,3,144,7,0.8,0.01,0.4,0.03,0.24,0.02,-0.22,0.72,0,0,-0.03,0,0.01,0,13,2036,452,491,1,0.92,1,1,574609,0.549,461310,0.44,2404,0.033,6234,0.007,755,0.004,-0.0007,-0.0018,-0.0006,21273,0.288,9346,0.127,553248,0.665,451934,0.543,193432,0.91,168274,0.792,0.1,0.18,0.2,2.5,0.03,0.38,0.02,0.03,0.88,0.3,Likely Decreasing
"Atlantic County, NJ",34001,Medium metro,"Atlantic City-Hammonton, NJ",Metropolitan,NJ,2,263670,1,0.03,0.001,1,8531,0.032,0,50,19,0,0,1,-1,0,25,9,8,3,31567,11972,686,260,0,56,ModerateBurden,,Moderate,Low,0.013,3486,1322,0,1,-0.005,-0.21,0,0,0.017,4387,1664,0,1,15,2,14,2,0.68,0.02,0.62,0.03,0.3,0,-0.21,-0.18,0,0,-0.04,0,0.02,-0.01,3,733,72,159,1,1,1,1,144039,0.546,119765,0.454,551,0.028,2145,0.01,237,0.005,0.0077,0.002,0.0004,4075,0.209,1764,0.09,139955,0.672,117996,0.567,41045,0.837,36328,0.741,0.09,0.14,0.19,2.6,0.15,0.19,0,0.08,0.79,0.51,Uncertain
"Richmond County, GA",13245,Medium metro,"Augusta-Richmond County, GA-SC",Metropolitan,GA,4,202518,0.333,0.019,0.001,1,7272,0.036,0,49,24,5,2.5,-0.14,0.25,0,57,28,4,2,25009,12349,519,256,0,28,ModerateBurden,,Moderate,Moderate,0.035,1127,556,0,0.98,0.002,-0.31,0,0.02,0.033,1623,801,0,0.96,20,1,2,0,0.73,0.02,0.76,0.02,0.44,0.02,-0.29,-0.5,-0.01,-0.01,0.04,-0.01,0.02,0,6,1475,255,264,1,0.83,1,1,53777,0.266,44263,0.219,391,0.027,1419,0.009,192,0.007,0.0044,-0.0007,0.0003,1372,0.094,555,0.038,52358,0.335,43707,0.279,16138,0.55,13972,0.476,0.14,0.24,0.14,2.6,0.57,0.05,0,0.02,0.93,0.42,Uncertain
"Lowndes County, GA",13185,Small metro,"Valdosta, GA",Metropolitan,GA,4,117406,0.797,0.011,0,1,7726,0.066,0,49,42,0,0,0.04,,0,47,40,0,0,12901,10988,213,181,0,35,ModerateBurden,,Moderate,Moderate,0.033,712,606,0,0.97,-0.009,-0.04,0,0.02,0.042,742,632,0,0.95,8,3,0,0,0.73,0.02,0.86,0.01,0.11,0.01,0.6,,-0.07,0,-0.02,-0.02,-0.04,-0.02,1,301,40,37,1,1,1,1,21514,0.183,20035,0.171,109,0.012,377,0.004,35,0.002,0.0039,-0.0009,-0.001,466,0.052,257,0.029,21040,0.236,19778,0.222,6737,0.455,6636,0.449,0.16,0.26,0.13,2.7,0.37,0.06,0,0.02,0.87,0.47,Uncertain
"Clermont County, OH",39025,Large fringe metro,"Cincinnati, OH-KY-IN",Metropolitan,OH,5,206428,0.093,0.018,0.001,0,0,0,0,49,24,0,0,0,-1,0,49,24,1,0.5,20067,9721,251,122,0,59,ModerateBurden,,Moderate,Moderate,0.02,2048,992,1,0.99,-0.005,-0.11,0,0,0.025,2295,1112,1,1,5,5,6,5,0.84,0.04,0.76,0.1,0.11,0.01,0.24,-0.34,0.01,-0.01,0.06,-0.06,0.03,-0.01,1,109,17,70,1,1,1,1,89885,0.435,83382,0.404,326,0.019,962,0.006,109,0.003,-0.0145,-0.004,-0.0027,4034,0.239,2063,0.122,85849,0.538,81318,0.51,28048,0.803,27194,0.779,0.06,0.1,0.17,2.6,0.02,0.02,0,0.01,0.1,0.31,Uncertain
"Grant County, KY",21081,Large fringe metro,"Cincinnati, OH-KY-IN",Metropolitan,KY,4,25069,0.011,0.006,0,0,0,0,0,49,195,1,4,0.04,,0,47,187,0,0,2479,9889,20,80,0,0,SustainedHotspot,,High,High,0.039,298,1189,0,1,0.013,-0.34,0,0,0.026,450,1795,0,0.99,0,0,0,0,0.27,0,,,0,0,,-1,-0.09,0,,,0,0,1,8,0,2,1,1,1,1,9193,0.367,7913,0.316,12,0.005,147,0.008,23,0.007,-0.0358,-0.0045,-0.0037,272,0.12,84,0.037,8920,0.482,7829,0.423,2964,0.842,2796,0.794,0.06,0.18,0.14,2.8,0.01,0.03,0,0,0.56,0.73,Uncertain
"Irwin County, GA",13155,Non-core,,,GA,4,9416,,0.001,0,0,0,0,0,49,520,0,0,23.5,,0,2,21,0,0,968,10280,30,319,0,0,EmergingHotspot,,High,Moderate,0.033,27,287,0,0.97,0.033,-0.61,0,0.02,0,69,733,0,0.94,0,0,3,11,0.46,0,,,0,0,-1,,0.1,-0.02,,,0,0,1,28,0,3,1,1,1,1,570,0.061,517,0.055,2,0.003,13,0.002,2,0.001,-0.0014,-0.004,-0.0024,9,0.012,7,0.01,561,0.075,510,0.068,254,0.15,250,0.147,0.16,0.27,0.18,2.8,0.27,0.04,0,0.01,0.84,0.93,Uncertain
"Broome County, NY",36007,Small metro,"Binghamton, NY",Metropolitan,NY,2,190488,0.798,0.01,0.001,1,15873,0.083,0,49,26,2,1,-0.16,1,0,58,30,1,0.5,18599,9764,365,192,0,38,ModerateBurden,,Moderate,Moderate,0.019,4912,2579,0,0.99,0.003,-0.09,0,0,0.016,5380,2824,0,0.99,23,3,0,0,0.56,0.04,0.58,0.06,0.27,0.04,-0.23,-1,-0.02,0,0,0.01,0,0.01,2,756,66,79,1,1,1,1,98306,0.516,88433,0.464,316,0.025,1159,0.008,147,0.004,-0.0071,-0.0046,-0.0023,4027,0.317,2077,0.164,94273,0.613,86352,0.562,30868,0.835,29259,0.791,0.04,0.17,0.19,2.3,0.06,0.04,0,0.04,0.62,0.45,Uncertain
"Portage County, OH",39133,Medium metro,"Akron, OH",Metropolitan,OH,5,162466,0.231,0.014,0,1,22524,0.139,0,49,30,0,0,-0.39,,0.001,80,49,0,0,13208,8130,213,131,0,47,ModerateBurden,,Moderate,Moderate,0.018,1521,936,1,0.98,-0.014,-0.18,0,-0.01,0.031,1852,1140,1,0.99,1,1,1,1,0.42,0.02,0.35,0.03,0.16,0.01,-0.5,-0.5,-0.06,0,-0.12,0.03,0.03,0.01,1,175,16,48,1,1,1,1,72820,0.448,65858,0.405,267,0.024,818,0.006,123,0.004,-0.0212,-0.0036,-0.0016,2805,0.25,1319,0.118,70014,0.529,64538,0.487,22722,0.821,21655,0.783,0.06,0.13,0.17,2.5,0.05,0.02,0,0.02,0.25,0.16,Uncertain
"Augusta County, VA",51015,Small metro,"Staunton, VA",Metropolitan,VA,3,75558,0.614,0.009,0,0,0,0,0,49,65,1,1.3,0.58,,0,31,41,0,0,5950,7875,74,98,0,0,ModerateBurden,,Substantial,Moderate,0.092,519,687,1,0.99,0.03,-0.22,1,0,0.062,663,877,0,1,9,5,0,0,0.87,0.04,0.82,0.15,0.05,0.03,0.12,,-0.02,-0.01,0.08,-0.02,-0.04,-0.02,1,188,14,43,1,1,1,1,16596,0.22,14372,0.19,38,0.007,174,0.003,25,0.002,-0.0038,-0.0005,-0.0005,564,0.106,269,0.051,16000,0.26,14094,0.229,6064,0.367,5546,0.335,0.09,0.09,0.22,2.4,0.04,0.03,0,0.01,0.15,0.13,Uncertain
"Indian River County, FL",12061,Small metro,"Sebastian-Vero Beach, FL",Metropolitan,FL,4,159923,1,0.007,0,0,0,0,0,49,31,1,0.6,-0.16,,0,58,36,0,0,12868,8046,306,191,0,44,ModerateBurden,,Moderate,Moderate,0.015,3350,2095,,,-0.017,-0.39,,,0.032,5461,3415,,,8,2,8,2,0.92,0.01,0.64,0,0.21,0,0,-0.27,-0.03,-0.01,-0.08,-0.01,-0.07,0,2,324,40,34,1,1,1,1,93231,0.583,71788,0.449,223,0.025,1134,0.008,411,0.008,0.0046,-0.0018,0.001,1232,0.136,414,0.046,91979,0.682,71373,0.529,52629,0.972,42121,0.778,0.12,0.12,0.34,2.6,0.09,0.13,0,0.02,0.4,0.29,Uncertain
"Jefferson County, MO",29099,Large fringe metro,"St. Louis, MO-IL",Metropolitan,MO,7,225081,0.08,0.037,0.001,0,0,0,0,49,22,5,2.2,-0.2,,0.001,61,27,0,0,23577,10475,253,112,0,27,ModerateBurden,,Moderate,Moderate,0.011,1964,873,0,0.9,-0.018,-0.21,0,-0.1,0.029,2472,1098,0,1,6,2,67,19,0.79,0.03,0.66,0.09,0.25,0.03,0.17,-0.09,-0.03,0.01,-0.04,0.02,0.08,0,2,358,28,54,1,1,1,1,76214,0.339,60214,0.268,304,0.017,944,0.005,141,0.004,-0.0065,-0.0024,-0.0009,2584,0.142,908,0.05,73625,0.424,59304,0.342,24086,0.688,20782,0.594,0.08,0.1,0.16,2.6,0.01,0.02,0,0.01,0.19,0.55,Likely Decreasing
"Tazewell County, IL",17179,Medium metro,"Peoria, IL",Metropolitan,IL,5,131803,0.329,0.01,0,0,0,0,0,49,37,1,0.8,0,-0.75,0,49,37,4,3,17190,13042,300,228,0,44,ModerateBurden,,Moderate,Moderate,0.02,2008,1523,0,1,0,-0.34,0,0.01,0.02,3038,2305,0,0.99,1,1,0,0,0.49,0,0.23,0,0.03,0,,,-0.02,0,-0.14,0,-0.1,0,2,70,8,9,1,1,1,1,63985,0.485,52111,0.395,348,0.033,755,0.007,78,0.003,0.0041,-0.0032,-0.0008,2652,0.25,1220,0.115,61227,0.6,50875,0.498,21588,0.848,19168,0.753,0.04,0.09,0.19,2.4,0.01,0.02,0,0.01,0.11,0.37,Uncertain
"Forsyth County, GA",13117,Large fringe metro,"Atlanta-Sandy Springs-Alpharetta, GA",Metropolitan,GA,4,244252,0.041,0.023,0.001,0,0,0,0,48,20,1,0.4,-0.3,-0.75,0.001,69,28,4,1.6,22747,9313,201,82,0,48,ModerateBurden,,Moderate,Moderate,0.016,1529,626,0,0.93,-0.001,-0.18,0,-0.01,0.018,1855,759,0,0.94,6,2,0,0,0.75,0.03,0.56,0.07,0.22,0.03,-0.33,,-0.01,-0.02,-0.2,-0.04,-0.26,-0.01,1,287,27,47,1,1,1,1,37560,0.154,34400,0.141,979,0.039,1315,0.007,107,0.004,0.014,-0.0005,-0.0002,3197,0.127,1688,0.067,34355,0.192,32710,0.183,8310,0.275,7212,0.239,0.09,0.06,0.12,3,0.04,0.1,0,0.15,0.04,0.09,Uncertain
"Sebastian County, AR",5131,Medium metro,"Fort Smith, AR-OK",Metropolitan,AR,6,127827,0.511,0.042,0,0,4622,0.036,0,48,38,0,0,0.07,-1,0,45,35,2,1.6,15370,12024,283,221,0,0,ModerateBurden,,Moderate,Moderate,0.039,406,318,0,0.98,0.026,2.83,0,0.02,0.013,106,83,0,0.96,7,1,80,14,0.76,0.01,0.56,0.04,0.27,0.02,-0.23,0.15,-0.04,0,-0.01,0.02,0.01,0,4,569,85,147,1,1,1,1,34331,0.269,28409,0.222,124,0.012,434,0.004,43,0.002,-0.0025,-0.0023,-0.0012,953,0.092,416,0.04,33333,0.343,27976,0.288,10264,0.489,9021,0.43,0.11,0.2,0.16,2.5,0.07,0.15,0.02,0.05,0.83,0.47,Uncertain
"Craighead County, AR",5031,Small metro,"Jonesboro, AR",Metropolitan,AR,6,110332,0.824,0.037,0,1,7456,0.068,0,48,44,1,0.9,0.45,,0,33,30,0,0,13647,12369,183,166,0,25,ModerateBurden,,Moderate,Moderate,0.04,1135,1029,0,1,0.011,1.06,0,0,0.029,552,500,0,0.99,12,3,0,0,0.92,0.03,0.93,0.05,0.16,0.02,0.04,,0,-0.01,-0.01,-0.03,0.02,-0.01,3,387,66,100,0.67,0.67,1,0.67,35037,0.318,27520,0.249,103,0.011,423,0.005,41,0.003,-0.0051,-0.0032,-0.0025,938,0.103,412,0.045,34053,0.411,27096,0.327,10308,0.668,8304,0.538,0.09,0.18,0.14,2.5,0.17,0.05,0,0.01,0.8,0.38,Uncertain
"St. Louis County, MN",27137,Medium metro,"Duluth, MN-WI",Metropolitan,MN,5,199070,0.689,0.035,0.001,1,12579,0.063,0,48,24,0,0,-0.31,-1,0.001,70,35,5,2.5,18085,9085,310,156,0,45,ModerateBurden,,Moderate,Moderate,0.018,4674,2348,1,0.99,-0.007,-0.31,0,0.01,0.024,6748,3390,1,0.98,22,2,1,0,0.59,0.03,0.84,0.16,0.15,0.04,0.16,,0.01,0,0.03,0.03,0.02,0.01,8,921,80,195,1,1,1,1,113085,0.568,98726,0.496,184,0.014,683,0.004,74,0.002,-0.0129,-0.0014,-0.0014,4595,0.352,2323,0.178,108236,0.67,96354,0.597,35623,0.892,33156,0.831,0.04,0.15,0.2,2.2,0.02,0.02,0.02,0.01,0.31,0.11,Uncertain
"Talladega County, AL",1121,Micropolitan,"Talladega-Sylacauga, AL",Micropolitan,AL,4,79978,1,0.016,0,0,1090,0.014,0,48,60,2,2.5,4.33,1,0,9,11,1,1.3,8421,10529,182,228,0,14,ModerateBurden,,Substantial,Moderate,0.063,480,600,1,0.86,0.016,-0.25,0,-0.1,0.047,642,803,1,0.96,1,1,0,0,0.55,0,0.57,0,0.09,0,0,-1,0.02,0,0.02,-0.02,0.01,-0.02,2,146,15,14,1,1,1,1,20477,0.256,16610,0.208,,,45,0.001,4,0,-0.0002,-0.0033,-0.0012,103,0.017,50,0.008,20373,0.322,16560,0.262,8778,0.594,7565,0.512,0.09,0.2,0.18,2.5,0.33,0.02,0,0.01,0.87,0.87,Uncertain
"Laclede County, MO",29105,Micropolitan,"Lebanon, MO",Micropolitan,MO,7,35723,1,0.006,0,0,0,0,0,48,134,1,2.8,1.4,,0,20,56,0,0,3395,9504,70,196,0,0,EmergingHotspot,,High,Substantial,0.068,286,801,0,1,0.014,-0.25,0,0,0.054,383,1072,0,1,5,10,18,36,0.36,0.04,0.34,0.1,0.05,0.04,0.76,0.73,-0.04,0,-0.05,-0.04,0.05,0.04,1,50,13,8,1,1,1,1,9140,0.256,7735,0.217,6,0.002,115,0.004,15,0.002,-0.005,0.0001,-0.0003,142,0.047,78,0.026,8998,0.335,7657,0.285,4060,0.639,3619,0.57,0.12,0.15,0.18,2.5,0.01,0.03,0.01,0.01,0.62,0.64,Uncertain
"Strafford County, NH",33017,Large fringe metro,"Boston-Cambridge-Newton, MA-NH",Metropolitan,NH,1,130633,0.027,0.096,0,1,13896,0.106,0,48,37,0,0,-0.34,-1,0.001,73,56,4,3.1,9952,7618,94,72,0,46,ModerateBurden,,Moderate,Substantial,0.024,1307,1001,,,-0.008,-0.27,,,0.032,1789,1369,,,4,2,11,4,0.73,0.01,0.83,0.1,0.09,0.02,0,0.57,0.07,-0.01,0.24,-0.02,0.03,-0.01,2,253,16,60,1,1,1,1,72415,0.554,61972,0.474,193,0.023,606,0.006,47,0.002,-0.1714,0.0057,0.0023,3878,0.455,2629,0.309,68490,0.641,59329,0.555,18950,0.939,16585,0.822,0.07,0.1,0.15,2.5,0.01,0.03,0,0.04,0.17,0.03,Uncertain
"Tooele County, UT",49045,Large fringe metro,"Salt Lake City, UT",Metropolitan,UT,8,72259,0.059,0.023,0,0,0,0,0,48,66,0,0,0.09,,0,44,61,0,0,7502,10382,44,61,0,8,ModerateBurdenResolving,,Substantial,Substantial,0.033,770,1066,1,0.99,-0.025,-0.3,0,-0.01,0.058,1105,1529,1,1,2,5,0,0,0.32,0.03,0.86,0.07,0.07,0,-0.33,,-0.04,-0.01,0.21,-0.07,0.07,0,1,42,4,6,1,1,1,1,29706,0.411,19567,0.271,146,0.018,370,0.008,24,0.004,-0.0172,-0.0003,0.0018,1935,0.236,710,0.087,27766,0.566,18856,0.385,5963,0.884,4089,0.606,0.08,0.07,0.09,3.3,0.01,0.13,0.01,0.01,0.31,0.15,Likely Decreasing
"Randolph County, WV",54083,Micropolitan,"Elkins, WV",Micropolitan,WV,3,28695,1,0.016,0,0,743,0.026,0,47,164,1,3.5,0.07,,0,44,153,0,0,2809,9789,13,45,0,5,SustainedHotspot,,High,High,0.054,598,2084,1,0.95,0.027,-0.03,0,-0.02,0.028,616,2147,1,0.98,13,26,0,0,0.75,0.1,0.95,0.29,0.13,0.02,-0.01,,-0.03,-0.01,0.05,-0.03,0.13,0.02,1,50,9,9,1,1,1,1,8419,0.293,6940,0.242,23,0.012,137,0.006,23,0.004,-0.0124,-0.0031,-0.0027,285,0.153,109,0.059,8128,0.349,6828,0.293,3435,0.539,3069,0.481,0.08,0.19,0.22,2.4,0.02,0.01,0,0,0.58,0.4,Likely Decreasing
"Webster County, MO",29225,Medium metro,"Springfield, MO",Metropolitan,MO,7,39592,0.084,0.006,0,0,0,0,0,47,119,1,2.5,-0.02,,0,48,121,0,0,3723,9403,55,139,0,0,ModerateBurden,,High,High,0.187,274,692,0,0.99,0.07,0.04,0,0,0.117,264,667,0,0.99,,,,,,,,,,,,,,,,,,,,,,,,,,,11868,0.3,10293,0.26,30,0.008,116,0.004,12,0.002,-0.0017,-0.0009,-0.0014,262,0.073,111,0.031,11605,0.401,10182,0.352,4555,0.731,4227,0.679,0.15,0.17,0.16,2.8,0.01,0.02,0.01,0,0.64,0.72,Uncertain
"Kings County, CA",6031,Small metro,"Hanford-Corcoran, CA",Metropolitan,CA,9,152940,1,0.004,0,0,0,0,0,47,31,0,0,0.21,,0,39,26,0,0,23124,15120,247,162,0,0,ModerateBurden,,Moderate,Moderate,,2888,1888,,,,-0.37,,,0.008,4613,3016,,,5,4,124,97,0.85,0.04,0.73,0.07,0.09,0,-0.39,0.23,0.02,0.02,-0.05,-0.01,0.01,0,1,128,14,69,1,1,1,1,48599,0.318,35482,0.232,157,0.012,1410,0.013,598,0.037,-0.0105,0.0029,0.0316,2044,0.156,883,0.067,46469,0.416,34585,0.31,10637,0.664,8184,0.511,0.08,0.21,0.1,3.2,0.06,0.55,0.01,0.04,0.97,0.84,Uncertain
"Norfolk city, VA",51710,Large central metro,"Virginia Beach-Norfolk-Newport News, VA-NC",Metropolitan,VA,3,242742,0.137,0.028,0.001,1,22276,0.092,0,47,19,2,0.8,-0.47,-0.5,0.001,89,37,4,1.6,17934,7388,265,109,0,48,ModerateBurden,,Moderate,Moderate,0.027,1333,549,1,0.98,-0.012,-0.23,0,-0.01,0.039,1722,709,1,0.99,12,1,56,5,0.81,0.01,0.57,0.03,0.5,0.01,-0.2,-0.23,-0.01,0,-0.02,-0.01,-0.02,-0.01,6,1225,135,326,0.83,0.83,1,0.83,91044,0.375,76074,0.313,282,0.021,1630,0.008,146,0.005,-0.0036,-0.0025,-0.0012,2907,0.222,1373,0.105,88005,0.45,74680,0.382,19912,0.708,17684,0.629,0.13,0.2,0.12,2.5,0.41,0.08,0,0.04,0.77,0.34,Uncertain
"Rockwall County, TX",48397,Large fringe metro,"Dallas-Fort Worth-Arlington, TX",Metropolitan,TX,6,104915,0.014,0.004,0,0,0,0,0,47,45,2,1.9,0.96,,0,24,23,0,0,11699,11151,156,149,0,29,ModerateBurden,,Moderate,Moderate,0.051,936,892,1,1,0.015,-0.03,0,0,0.036,968,923,1,1,7,12,2,3,0.74,0.07,0.76,0.33,0.04,0,-0.31,,0.1,0,0.13,0.07,-0.02,0,1,60,6,27,1,1,1,1,,,,,,,,,,,,,,,,,,,,,,,,,,0.11,0.06,0.13,2.9,0.07,0.19,0,0.03,0.11,0.1,Uncertain
"Putnam County, FL",12107,Micropolitan,"Palatka, FL",Micropolitan,FL,4,74521,1,0.003,0,0,0,0,0,47,63,2,2.7,-0.02,-0.5,0,48,64,4,5.4,6750,9058,160,215,0,36,ModerateBurden,,Substantial,Substantial,0.063,683,917,,,-0.006,-0.29,,,0.069,959,1287,,,7,8,1,1,0.61,0.05,0.6,0.06,0.25,0,0,-0.5,-0.03,-0.03,-0.21,-0.11,0,-0.03,1,87,10,11,1,1,1,1,22292,0.299,16989,0.228,24,0.005,324,0.006,61,0.003,-0.0038,-0.0043,-0.0021,231,0.044,103,0.019,22049,0.375,16885,0.287,11527,0.652,9168,0.519,0.16,0.25,0.24,2.5,0.16,0.1,0,0.01,0.95,0.87,Uncertain
"Johnson County, TX",48251,Large fringe metro,"Dallas-Fort Worth-Arlington, TX",Metropolitan,TX,6,175817,0.023,0.006,0.001,0,725,0.004,0,47,27,0,0,-0.22,-1,0,60,34,4,2.3,19998,11374,370,210,0,7,ModerateBurdenResolving,,Moderate,Moderate,0.034,905,515,1,1,0.004,-0.02,0,0,0.03,925,526,1,1,54,23,13,6,0.78,0.03,0.68,0.07,0.19,0,0,-0.27,-0.03,0,-0.08,-0.06,-0.03,-0.02,3,233,25,54,1,1,1,1,,,,,,,,,,,,,,,,,,,,,,,,,,0.16,0.11,0.14,2.8,0.04,0.23,0.01,0.01,0.51,0.74,Uncertain
"Hockley County, TX",48219,Micropolitan,"Levelland, TX",Micropolitan,TX,6,23021,1,0.001,0,0,0,0,0,47,204,0,0,0.68,,0,28,122,0,0,2919,12680,103,447,0,0,ModerateBurden,,High,High,0,94,408,0,1,-0.053,-0.2,0,0.01,0.053,117,508,0,0.99,1,5,1,5,0.29,0.02,,,0.09,0,-0.08,-0.08,-0.09,-0.01,,,0.09,0,1,19,0,10,1,1,1,1,,,,,,,,,,,,,,,,,,,,,,,,,,0.18,0.16,0.15,2.8,0.03,0.49,0,0,0.9,0.76,Uncertain
"Hardin County, KY",21093,Small metro,"Elizabethtown-Fort Knox, KY",Metropolitan,KY,4,110958,0.721,0.025,0,0,0,0,0,46,41,7,6.3,0.48,1.33,0,31,28,3,2.7,9884,8908,167,151,0,28,ModerateBurden,,Moderate,Moderate,0.044,418,377,1,0.98,-0.005,-0.45,0,-0.02,0.049,762,687,1,1,5,3,6,3,0.71,0.04,0.74,0.06,0.19,0.02,1.5,-0.14,0.01,0.02,-0.06,-0.01,0,0,1,198,20,15,1,1,1,1,52819,0.476,42354,0.382,242,0.026,1289,0.015,135,0.008,-0.0219,-0.011,-0.0095,1962,0.215,653,0.071,50855,0.607,41701,0.498,14545,0.908,12748,0.795,0.05,0.14,0.14,2.6,0.12,0.06,0,0.02,0.57,0.48,Likely Decreasing
"Winston County, AL",1133,Non-core,,,AL,4,23629,,0.005,0,0,0,0,0,45,190,0,0,0.96,,0,23,97,0,0,2831,11981,73,309,0,0,ModerateBurden,,High,Substantial,0.056,161,681,1,0.98,0.029,-0.09,0,0,0.028,176,745,1,0.99,0,0,0,0,0.25,0.01,0,0,0,0,,,-0.08,-0.04,0,0,0,0,1,54,4,6,1,1,1,1,3867,0.164,3056,0.129,,,15,0.001,4,0.001,0,-0.0007,0.0006,7,0.004,2,0.001,3860,0.205,3054,0.162,1963,0.38,1594,0.308,0.12,0.16,0.22,2.5,0.01,0.03,0.01,0,0.7,0.9,Uncertain
"Burlington County, NJ",34005,Large fringe metro,"Philadelphia-Camden-Wilmington, PA-NJ-DE-MD",Metropolitan,NJ,2,445349,0.073,0.05,0.001,0,0,0,0,45,10,4,0.9,-0.53,-0.43,0.001,96,22,7,1.6,44204,9926,859,193,0,0,ModerateBurden,,Moderate,Moderate,0.011,7151,1606,0,1,-0.006,-0.23,0,0,0.017,9242,2075,0,1,11,1,11,1,0.54,0.02,0.4,0.05,0.32,0.03,-0.27,0.38,-0.01,0,-0.01,0,0.05,0.01,5,749,95,78,1,1,1,1,280211,0.629,235195,0.528,1115,0.033,3454,0.01,353,0.005,-0.0207,-0.0044,-0.0018,11742,0.347,5308,0.157,268452,0.76,229884,0.651,70810,0.915,63891,0.826,0.05,0.07,0.17,2.6,0.17,0.09,0,0.05,0.21,0.15,Uncertain
"Lonoke County, AR",5085,Medium metro,"Little Rock-North Little Rock-Conway, AR",Metropolitan,AR,6,73309,0.099,0.024,0,0,0,0,0,45,61,1,1.4,-0.08,0,0,49,67,1,1.4,7517,10254,122,166,0,24,ModerateBurden,,Substantial,High,0.076,217,296,0,1,-0.024,1.93,0,0.01,0.101,74,101,0,0.99,,,,,,,,,,,,,,,,,,,,,,,,,,,24501,0.334,20657,0.282,62,0.009,274,0.005,38,0.004,-0.0205,-0.0084,-0.0065,790,0.121,443,0.068,23679,0.433,20210,0.37,7703,0.761,6866,0.679,0.08,0.12,0.14,2.7,0.06,0.05,0.01,0.01,0.33,0.49,Likely Decreasing
"Catoosa County, GA",13047,Medium metro,"Chattanooga, TN-GA",Metropolitan,GA,4,67580,0.12,0.006,0,0,0,0,0,45,67,0,0,-0.13,,0,52,77,0,0,6560,9707,71,105,0,39,ModerateBurden,,Substantial,Substantial,0.052,156,231,0,0.96,-0.03,-0.32,0,0.02,0.082,230,340,0,0.94,0,0,2,6,0.18,0,,,,,,-0.8,0.02,0,,,,,1,32,0,0,1,1,1,1,6401,0.095,5093,0.075,84,0.015,380,0.007,58,0.005,-0.0057,0.0007,-0.0011,302,0.052,107,0.019,6098,0.117,4986,0.095,1551,0.126,1175,0.096,0.12,0.1,0.18,2.7,0.03,0.03,0,0.01,0.13,0.24,Uncertain
"Allegan County, MI",26005,Micropolitan,"Holland, MI",Micropolitan,MI,5,118081,1,0.012,0,0,0,0,0,45,38,2,1.7,-0.25,-0.71,0,60,51,7,5.9,11124,9421,151,128,0,42,ModerateBurdenResolving,,Moderate,Substantial,0.018,1323,1120,1,0.94,-0.039,-0.32,0,0.01,0.057,1958,1658,1,0.94,0,0,0,0,0.34,0.04,,,0.22,0,,,-0.13,-0.03,,,0.11,0,2,42,0,43,1,1,1,1,47497,0.402,43291,0.367,47,0.005,351,0.004,44,0.002,-0.0031,-0.0032,-0.0022,1282,0.13,984,0.099,46213,0.514,42307,0.47,15524,0.772,14614,0.727,0.05,0.1,0.17,2.6,0.01,0.08,0.01,0.01,0.18,0.36,Uncertain
"Tuscarawas County, OH",39157,Micropolitan,"New Philadelphia-Dover, OH",Micropolitan,OH,5,91987,1,0.008,0,0,0,0,0,45,49,0,0,0.88,,0,24,26,0,0,8621,9372,247,269,0,0,ModerateBurden,,Moderate,Moderate,0.038,1007,1095,1,0.88,0.013,-0.14,0,-0.1,0.026,1166,1268,1,0.98,3,3,16,17,0.45,0.04,0.69,0.06,0.1,0,,1.67,-0.11,0,-0.03,-0.1,0.04,0,2,92,10,14,1,1,1,1,30625,0.333,28906,0.314,86,0.012,343,0.005,47,0.003,-0.0042,-0.0036,-0.0019,624,0.087,281,0.039,30001,0.423,28625,0.403,12935,0.704,12767,0.695,0.09,0.13,0.2,2.5,0.01,0.03,0,0,0.34,0.29,Uncertain
"Winnebago County, WI",55139,Small metro,"Oshkosh-Neenah, WI",Metropolitan,WI,5,171907,1,0.03,0.001,1,9374,0.055,0,45,26,3,1.7,-0.13,0.5,0,52,30,2,1.2,21447,12476,224,130,0,50,ModerateBurden,,Moderate,Moderate,0.009,3018,1756,1,0.98,0,-0.35,0,-0.01,0.01,4630,2693,1,0.99,2,1,0,0,0.69,0,0.58,0,0.08,0,0.99,-1,0.01,0,0.04,-0.01,0,0,3,218,26,78,1,1,1,1,81659,0.475,72360,0.421,282,0.023,992,0.007,79,0.003,-0.0218,-0.0036,-0.0014,3295,0.273,1416,0.117,78361,0.572,70941,0.518,24756,0.856,23915,0.827,0.05,0.12,0.17,2.3,0.02,0.04,0.01,0.03,0.16,0.15,Likely Decreasing
"Warren County, KY",21227,Small metro,"Bowling Green, KY",Metropolitan,KY,4,132896,0.741,0.03,0,1,13228,0.1,0,45,34,6,4.5,0.05,1,0,43,32,3,2.3,16190,12182,180,135,0,44,ModerateBurden,,Moderate,Moderate,0.051,573,431,1,0.96,0.005,-0.25,0,-0.03,0.047,763,574,1,0.99,4,1,0,0,0.58,0.01,0.68,0.03,0.16,0.02,-0.33,-1,-0.04,0,-0.12,0.01,-0.04,0.01,3,511,87,85,1,1,1,1,45881,0.345,40675,0.306,196,0.019,707,0.007,54,0.003,-0.0054,-0.0005,-0.001,1768,0.174,910,0.089,44109,0.43,39764,0.388,11526,0.66,10958,0.627,0.06,0.17,0.13,2.5,0.09,0.06,0,0.04,0.71,0.25,Uncertain
"Lake County, OH",39085,Large fringe metro,"Cleveland-Elyria, OH",Metropolitan,OH,5,230149,0.112,0.02,0.001,0,815,0.004,0,44,19,0,0,-0.45,,0.001,80,35,0,0,21105,9170,384,167,0,45,ModerateBurden,,Moderate,Moderate,0.017,2484,1079,1,0.98,-0.009,-0.17,0,0,0.025,2993,1300,1,0.99,8,4,0,0,0.86,0.04,0.73,0.05,0.07,0,0.1,,-0.04,0,-0.09,-0.03,-0.07,-0.02,1,185,26,32,1,1,1,1,120359,0.523,108263,0.47,443,0.026,1283,0.007,205,0.004,-0.0158,-0.004,-0.0014,4669,0.274,2184,0.128,115687,0.626,106077,0.574,39958,0.844,38076,0.804,0.05,0.08,0.21,2.4,0.05,0.05,0,0.01,0.13,0.5,Uncertain
"Kent County, RI",44003,Large fringe metro,"Providence-Warwick, RI-MA",Metropolitan,RI,1,164292,0.101,0.155,0.001,0,2323,0.014,0,44,27,0,0,,,0,0,0,0,0,18759,11418,364,222,0,41,ModerateBurden,,Moderate,Low,0.004,3051,1857,1,0.99,-0.007,-0.28,0,-0.01,0.011,4254,2589,1,1,1,0,1,0,0.97,0.03,0.95,0.13,0.35,0.06,-0.84,,0.02,-0.02,0.15,-0.05,0.17,0.02,1,211,13,16,1,1,1,1,103229,0.628,92130,0.561,267,0.025,1212,0.009,100,0.003,-0.0522,-0.0025,-0.0009,5006,0.461,2450,0.226,98215,0.735,89678,0.671,29260,0.919,29073,0.914,0.04,0.08,0.19,2.4,0.02,0.06,0,0.03,0.15,0.05,Uncertain
"Boone County, MO",29019,Small metro,"Columbia, MO",Metropolitan,MO,7,180463,0.867,0.029,0.001,1,30434,0.169,0,44,24,6,3.3,0.22,,0,36,20,0,0,18136,10050,99,55,0,21,ModerateBurden,,Moderate,Moderate,0.048,1159,642,0,0.98,0.028,-0.2,-1,-0.01,0.02,1441,799,1,1,19,2,50,5,0.63,0.03,0.79,0.07,0.3,0.05,-0.04,-0.43,0.01,0.01,0.02,0.04,-0.05,0.03,4,995,164,127,1,0.75,1,1,92335,0.512,78684,0.436,222,0.019,679,0.005,47,0.002,-0.05,-0.0004,-0.0011,3890,0.328,1606,0.135,88438,0.615,77078,0.536,20613,0.893,18841,0.816,0.07,0.18,0.13,2.4,0.1,0.04,0,0.05,0.29,0.2,Uncertain
"Sherburne County, MN",27141,Large fringe metro,"Minneapolis-St. Paul-Bloomington, MN-WI",Metropolitan,MN,5,97238,0.027,0.017,0,0,0,0,0,44,45,3,3.1,0.47,0.5,0,30,31,2,2.1,11972,12312,94,97,0,39,ModerateBurdenResolving,,Moderate,Moderate,0.024,2634,2709,1,0.98,-0.002,-0.36,0,-0.01,0.026,4112,4229,1,0.99,3,11,0,0,0.67,0.12,0.73,0.13,0.07,0,-0.38,,-0.05,0.01,-0.2,0.01,0,0,1,26,2,4,1,1,1,1,33122,0.341,28391,0.292,117,0.013,369,0.005,44,0.004,-0.0117,-0.0033,-0.001,1413,0.156,754,0.083,31643,0.441,27626,0.385,8726,0.766,8011,0.703,0.03,0.07,0.12,2.9,0.03,0.03,0,0.01,0.09,0.06,Uncertain
"Faulkner County, AR",5045,Medium metro,"Little Rock-North Little Rock-Conway, AR",Metropolitan,AR,6,126007,0.17,0.042,0,1,10417,0.083,0,44,35,2,1.6,-0.33,,0.001,66,52,0,0,12855,10202,164,130,0,18,ModerateBurden,,Substantial,Substantial,0.081,329,261,0,1,0.012,1.46,0,0,0.069,134,106,0,1,4,2,17,9,0.8,0.04,0.63,0.11,0.34,0.08,-0.6,0.14,0.03,0,0.02,0,0.08,0,2,194,37,40,1,1,1,1,45237,0.359,38321,0.304,319,0.032,414,0.004,44,0.003,0.01,-0.002,-0.0005,1655,0.166,727,0.073,43510,0.447,37586,0.386,12495,0.772,11508,0.711,0.1,0.17,0.13,2.7,0.12,0.04,0.01,0.01,0.48,0.19,Uncertain
"Racine County, WI",55101,Small metro,"Racine, WI",Metropolitan,WI,5,196311,1,0.034,0.001,0,0,0,0,44,22,4,2,-0.4,0,0.001,73,37,4,2,25256,12865,391,199,0,25,ModerateBurden,,Moderate,Moderate,0.015,3420,1742,1,1,-0.004,-0.14,0,0,0.019,3990,2032,1,1,28,9,1,0,0.72,0.02,0.53,0,0.08,0,-0.46,,0.04,-0.01,0.02,-0.02,-0.01,0,3,312,37,100,1,1,1,1,91721,0.467,79867,0.407,277,0.018,1026,0.007,94,0.003,-0.003,-0.0034,-0.0014,3171,0.204,1557,0.1,88538,0.585,78308,0.517,29286,0.871,27637,0.822,0.06,0.12,0.17,2.5,0.11,0.14,0,0.01,0.46,0.2,Uncertain
"Ashe County, NC",37009,Non-core,,,NC,4,27203,,0.003,0,0,0,0,0,44,162,1,3.7,1.59,,0,17,62,0,0,2212,8131,42,154,0,0,ModerateBurden,,High,Substantial,0.039,108,397,1,0.97,0.02,-0.39,0,-0.01,0.019,176,647,1,0.99,1,4,0,0,0.56,0.02,,,0,0,,,-0.04,0.01,,,0,0,1,27,0,6,1,1,1,1,11252,0.414,9281,0.341,39,0.022,127,0.006,19,0.003,0.0063,0.0002,-0.0004,152,0.088,62,0.036,11097,0.494,9219,0.41,4904,0.677,3962,0.547,0.12,0.18,0.27,2.2,0.01,0.05,0,0,0.5,0.67,Uncertain
"Chambers County, TX",48071,Large fringe metro,"Houston-The Woodlands-Sugar Land, TX",Metropolitan,TX,6,43837,0.006,0.002,0,0,0,0,0,44,100,2,4.6,0.07,,0,41,94,0,0,5144,11734,29,66,0,41,ModerateBurden,,High,Substantial,0.059,249,568,0,1,-0.002,-0.16,-1,0.02,0.06,295,673,1,0.98,0,0,0,0,0.16,0.01,,,0.1,0,-1,,-0.05,0.01,,,0.04,0,2,39,0,9,1,1,1,1,,,,,,,,,,,,,,,,,,,,,,,,,,0.14,0.13,0.12,3,0.08,0.24,0,0.01,0.41,0.79,Likely Decreasing
"New London County, CT",9011,Medium metro,"Norwich-New London, CT",Metropolitan,CT,1,265206,1,0.074,0.001,0,3422,0.013,0,44,17,1,0.4,-0.04,,0,46,17,0,0,22511,8488,449,169,0,59,ModerateBurden,,Moderate,Moderate,0.004,4002,1509,1,0.99,-0.002,-0.41,0,-0.01,0.006,6744,2543,1,1,6,1,10,2,0.78,0.01,0.3,0,0.23,0,0.49,-0.38,-0.01,-0.01,-0.02,-0.01,-0.08,-0.02,2,442,76,45,1,1,1,1,170279,0.642,150517,0.568,436,0.024,1644,0.008,162,0.003,-0.02,-0.003,-0.0015,8024,0.433,4726,0.255,162192,0.757,145766,0.68,47925,0.962,44787,0.899,0.04,0.1,0.19,2.4,0.06,0.11,0.01,0.04,0.36,0.09,Uncertain
"Bartow County, GA",13015,Large fringe metro,"Atlanta-Sandy Springs-Alpharetta, GA",Metropolitan,GA,4,107738,0.018,0.01,0,0,0,0,0,44,41,1,0.9,0.07,-0.8,0,41,38,5,4.6,14847,13781,234,217,0,140,ModerateBurden,,Moderate,Moderate,0.031,440,408,0,0.96,-0.014,-0.35,0,-0.01,0.045,681,632,0,0.97,2,2,0,0,0.87,0.05,0.78,0.1,0.09,0.05,-0.33,,0.02,-0.02,-0.03,-0.08,-0.01,0,1,119,21,38,1,1,1,1,9321,0.087,8318,0.077,131,0.014,538,0.007,72,0.005,0.0078,0.0006,0.0003,313,0.034,136,0.015,9008,0.11,8182,0.1,2968,0.191,2672,0.172,0.15,0.13,0.14,2.8,0.11,0.09,0,0.01,0.59,0.66,Uncertain
"Mercer County, WV",54055,Micropolitan,"Bluefield, WV-VA",Micropolitan,WV,3,58758,0.556,0.033,0,0,1684,0.029,0,44,75,1,1.7,0,-0.5,0,44,75,2,3.4,5087,8658,120,204,0,10,ModerateBurdenResolving,,Substantial,Substantial,0.044,1092,1858,1,0.93,-0.019,-0.23,-1,-0.01,0.063,1424,2423,2,0.94,6,5,2,2,0.83,0.07,0.95,0.11,0.13,0,-0.5,,-0.02,-0.03,-0.01,-0.21,-0.08,-0.04,2,129,18,26,0.5,0.5,1,0.5,23619,0.402,18702,0.318,63,0.016,249,0.005,47,0.004,-0.0182,-0.0047,-0.0044,728,0.184,290,0.073,22867,0.491,18406,0.395,9145,0.695,7614,0.578,0.07,0.2,0.22,2.4,0.06,0.01,0,0.01,0.81,0.34,Likely Decreasing
"Broomfield County, CO",8014,Large fringe metro,"Denver-Aurora-Lakewood, CO",Metropolitan,CO,8,70465,0.024,0.012,0,0,0,0,0,43,61,1,1.4,1.05,,0,21,30,0,0,4918,6979,76,108,0,34,ModerateBurden,,Substantial,Moderate,0.03,838,1189,1,0.99,0.018,-0.21,0,-0.01,0.012,1058,1501,1,1,6,3,1,0,0.54,0.03,0.65,0.11,0.14,0.01,0.2,-0.75,-0.07,0,-0.1,-0.02,-0.14,-0.05,1,200,24,19,1,1,1,1,31101,0.441,29967,0.425,249,0.042,471,0.009,33,0.003,-0.0139,-0.001,-0.0001,3070,0.52,1603,0.271,27879,0.508,28328,0.516,2375,0.236,4498,0.446,0.05,0.05,0.14,2.5,0.01,0.13,0,0.07,0.05,0,Uncertain
"St. Joseph County, MI",26149,Micropolitan,"Sturgis, MI",Micropolitan,MI,5,60964,1,0.006,0,0,0,0,0,43,71,0,0,0.72,-1,0,25,41,1,1.6,6234,10226,99,162,0,39,ModerateBurdenResolving,,Substantial,Moderate,0.045,527,864,1,0.99,-0.006,-0.31,0,-0.01,0.051,761,1248,1,0.99,2,4,0,0,0.44,0.02,0.88,0,0.04,0,1,-1,-0.03,0.01,0.21,0,-0.1,0,2,49,2,17,1,1,1,1,21147,0.347,19232,0.315,21,0.004,223,0.005,30,0.003,-0.0008,-0.0001,-0.0006,472,0.093,329,0.065,20674,0.447,18903,0.409,8207,0.729,7610,0.676,0.08,0.16,0.18,2.5,0.02,0.08,0,0.01,0.65,0.68,Likely Decreasing
"Oconee County, SC",45073,Micropolitan,"Seneca, SC",Micropolitan,SC,4,79546,1,0.015,0,0,0,0,0,43,54,1,1.3,-0.14,0,0,50,63,1,1.3,9875,12414,136,171,0,26,ModerateBurden,,Substantial,Substantial,0.021,1106,1390,0,0.98,-0.005,-0.46,0,0.01,0.026,2048,2575,0,0.98,4,2,0,0,0.49,0.03,0.64,0.12,0.11,0.05,-0.5,,-0.01,0,-0.05,0.05,0.03,0.05,1,176,12,18,1,1,1,1,28658,0.36,25265,0.318,48,0.008,276,0.004,57,0.003,0.001,-0.0007,0.0005,507,0.088,255,0.044,28133,0.441,25006,0.392,13892,0.741,12779,0.682,0.12,0.18,0.24,2.4,0.07,0.06,0,0.01,0.73,0.4,Likely Decreasing
"Midland County, TX",48329,Small metro,"Midland, TX",Metropolitan,TX,6,176832,0.968,0.006,0.001,0,1584,0.009,0,43,24,0,0,-0.16,-1,0,51,29,1,0.6,17708,10014,272,154,0,21,ModerateBurden,,Moderate,Moderate,0.033,408,231,0,0.98,-0.014,-0.07,-1,0,0.047,438,248,1,0.99,1,0,0,0,0.61,0.02,0.84,0.17,0.18,0.03,-0.76,-1,-0.05,-0.01,-0.08,-0.02,-0.02,0.01,1,309,29,156,1,1,1,1,,,,,,,,,,,,,,,,,,,,,,,,,,0.17,0.09,0.1,2.9,0.06,0.46,0,0.02,0.47,0.32,Uncertain
"Mineral County, WV",54057,Small metro,"Cumberland, MD-WV",Metropolitan,WV,3,26868,0.276,0.015,0,0,1018,0.038,0,43,160,1,3.7,1.87,,0,15,56,0,0,2962,11024,90,335,0,0,ModerateBurden,,High,Substantial,0.062,220,819,1,0.97,0.027,-0.25,0,0.05,0.035,292,1087,1,0.92,2,8,0,0,0.61,0.03,0.46,0.04,0,0,,-1,-0.01,0.03,-0.18,0.04,0,0,1,25,4,9,1,1,1,1,8762,0.326,7569,0.282,12,0.007,75,0.003,17,0.003,-0.0418,-0.0056,-0.004,257,0.14,77,0.042,8501,0.394,7488,0.347,3726,0.626,3439,0.578,0.07,0.15,0.22,2.4,0.03,0.01,0,0.01,0.59,0.41,Uncertain
"Lincoln County, WA",53043,Non-core,,,WA,10,10939,,0.001,0,0,0,0,0,43,393,1,9.1,0.3,0,0,33,302,1,9.1,641,5860,10,91,0,0,ModerateBurden,,High,High,0.105,220,2011,,,0.022,0.4,,,0.083,157,1435,,,0,0,0,0,0.57,0,,,0,0,-1,,-0.04,-0.06,,,0,0,2,49,0,4,1,1,1,1,4270,0.39,3914,0.358,27,0.031,91,0.011,25,0.009,0.0181,-0.0044,0.0035,87,0.098,30,0.034,4183,0.489,3884,0.454,2008,0.709,1931,0.682,0.05,0.13,0.26,2.3,0.01,0.04,0.02,0.01,0.2,0.37,Uncertain
"Parker County, TX",48367,Large fringe metro,"Dallas-Fort Worth-Arlington, TX",Metropolitan,TX,6,142878,0.019,0.005,0,0,0,0,0,43,30,0,0,-0.34,,0.001,65,45,0,0,15985,11188,184,129,0,22,ModerateBurden,,Moderate,Moderate,0.028,898,629,0,0.99,-0.024,0.1,-1,-0.01,0.052,819,573,1,1,4,7,1,2,0.92,0.05,0.84,0.24,0.23,0.02,1.15,,0.01,0.04,0.02,0.21,-0.02,0.01,1,56,11,51,1,1,1,1,,,,,,,,,,,,,,,,,,,,,,,,,,0.14,0.08,0.16,2.9,0.01,0.13,0.01,0.01,0.26,0.4,Uncertain
"Riley County, KS",20161,Small metro,"Manhattan, KS",Metropolitan,KS,7,74232,0.57,0.025,0,1,19026,0.256,0,43,58,0,0,0.59,,0,27,36,0,0,6595,8884,43,58,0,0,ModerateBurden,,Substantial,Substantial,0.05,181,244,1,0.96,-0.042,-0.62,0,-0.01,0.092,479,645,1,0.97,2,2,0,0,0.54,0.01,0.4,0,0.03,0,-0.67,,0.03,-0.01,-0.13,-0.05,-0.07,-0.02,2,99,12,15,1,1,1,1,23135,0.312,20698,0.279,47,0.013,131,0.002,8,0.001,-0.0098,-0.0013,-0.0004,949,0.272,279,0.08,22186,0.357,20419,0.329,6157,0.846,5916,0.812,0.06,0.22,0.1,2.5,0.06,0.08,0,0.05,0.44,0.1,Uncertain
"Albany County, NY",36001,Medium metro,"Albany-Schenectady-Troy, NY",Metropolitan,NY,2,305506,0.347,0.016,0.001,1,22302,0.073,0,42,14,2,0.7,-0.37,0,0.001,67,22,2,0.7,24675,8077,355,116,0,55,ModerateBurden,,Moderate,Moderate,0.009,4734,1550,1,0.98,-0.003,-0.18,0,-0.01,0.012,5762,1886,1,0.99,19,1,1,0,0.79,0.02,0.79,0.05,0.36,0.01,0.19,0,-0.01,0,-0.01,0.02,-0.03,0,3,1288,141,227,1,0.67,1,1,186736,0.611,168178,0.55,722,0.038,1708,0.007,203,0.004,-0.0084,-0.0037,-0.0014,9216,0.486,4879,0.257,177510,0.711,163294,0.654,47389,0.89,44987,0.844,0.04,0.12,0.17,2.3,0.13,0.06,0,0.07,0.3,0.21,Uncertain
"Monroe County, MI",26115,Small metro,"Monroe, MI",Metropolitan,MI,5,150500,1,0.015,0,0,0,0,0,42,28,0,0,-0.43,-1,0.001,74,49,4,2.7,15369,10212,261,173,0,46,ModerateBurden,,Moderate,Moderate,0.035,1125,748,0,0.97,-0.016,-0.27,0,0.01,0.051,1538,1022,0,0.96,3,1,6,3,0.34,0.02,0.63,0.08,0.16,0.05,-0.5,0,0.03,-0.01,0.03,-0.03,-0.15,-0.05,1,230,22,16,1,1,1,1,53409,0.355,48080,0.319,73,0.006,513,0.004,61,0.002,-0.0021,-0.0019,-0.001,1224,0.105,869,0.075,52182,0.439,47210,0.398,18654,0.661,17435,0.618,0.05,0.11,0.19,2.5,0.03,0.04,0,0.01,0.15,0.59,Uncertain
"Northampton County, PA",42095,Medium metro,"Allentown-Bethlehem-Easton, PA-NJ",Metropolitan,PA,3,305285,0.362,0.024,0.001,1,10697,0.035,0,42,14,2,0.7,-0.66,,0.001,122,40,0,0,35742,11708,713,234,0,49,ModerateBurden,,Moderate,Moderate,0.025,3052,1000,1,0.94,-0.003,-0.27,0,-0.02,0.028,4199,1375,1,0.96,13,2,14,2,0.9,0.03,0.85,0.04,0.31,0.05,-0.38,-0.58,0.02,-0.01,0.02,-0.06,-0.03,0.01,3,569,62,64,1,1,1,1,195370,0.64,137765,0.451,907,0.04,2698,0.011,420,,-0.0127,-0.0029,0,8187,0.364,2835,0.126,187181,0.764,134930,0.551,62380,0.999,46646,0.782,0.06,0.09,0.2,2.6,0.06,0.14,0,0.03,0.29,0.16,Uncertain
"Outagamie County, WI",55087,Small metro,"Appleton, WI",Metropolitan,WI,5,187885,0.79,0.032,0.001,0,1420,0.008,0,42,22,5,2.7,-0.09,-0.29,0,46,24,7,3.7,23863,12701,235,125,0,47,ModerateBurden,,Moderate,Moderate,0.018,1840,979,1,0.99,-0.002,-0.4,0,-0.01,0.02,3073,1636,1,1,2,1,3,1,0.83,0.02,0.52,0.03,0.07,0.02,-0.66,2.04,0.1,-0.01,0.22,0.01,0.01,0.01,3,273,33,66,1,1,1,1,93108,0.496,81800,0.435,316,0.021,1081,0.008,94,0.003,-0.0216,-0.0041,-0.0023,4188,0.276,1962,0.129,88918,0.617,79838,0.554,25750,0.898,24645,0.86,0.05,0.09,0.15,2.5,0.01,0.05,0.02,0.04,0.1,0.02,Likely Decreasing
"Cleveland County, OK",40027,Large fringe metro,"Oklahoma City, OK",Metropolitan,OK,6,284014,0.202,0.072,0.001,1,24102,0.085,0,42,15,3,1.1,-0.48,-0.88,0.001,81,29,24,8.5,31263,11008,433,152,0,44,ModerateBurden,,Moderate,Moderate,0.014,1642,578,0,1,-0.008,-0.11,0,0,0.022,1849,651,0,1,3,1,14,3,0.64,0.01,0.64,0.02,0.29,0,-0.57,1.79,-0.04,0,-0.06,-0.03,0.02,-0.01,4,434,36,49,0.75,0.75,1,0.75,114406,0.403,95687,0.337,439,0.02,942,0.004,75,0.002,-0.0033,-0.0022,-0.001,4578,0.211,2085,0.096,109817,0.491,93601,0.418,28928,0.738,25882,0.66,0.1,0.13,0.14,2.5,0.05,0.09,0.05,0.05,0.34,0.19,Uncertain
"Morgan County, IN",18109,Large fringe metro,"Indianapolis-Carmel-Anderson, IN",Metropolitan,IN,5,70489,0.034,0.01,0,0,0,0,0,42,60,1,1.4,0.35,,0,31,44,0,0,6721,9535,141,200,0,29,ModerateBurden,,Substantial,Moderate,0.069,654,928,1,0.98,0.021,0.12,-1,0.3,0.048,586,831,2,0.68,1,1,5,7,0.31,0.04,0.5,0.08,0.05,0.02,-0.08,0.53,-0.13,-0.03,-0.2,-0.12,0.02,0.02,1,72,7,8,1,1,1,1,29301,0.416,25070,0.356,107,0.018,346,0.006,40,0.003,-0.0188,-0.0065,-0.0027,924,0.158,339,0.058,28377,0.519,24731,0.452,10216,0.837,9657,0.791,0.08,0.11,0.17,2.6,0.01,0.02,0,0.01,0.22,0.39,Likely Decreasing
"Elko County, NV",32007,Micropolitan,"Elko, NV",Micropolitan,NV,9,52778,0.963,0.017,0,0,939,0.018,0,42,80,0,0,-0.22,,0,54,102,0,0,5057,9582,56,106,0,3,ModerateBurdenResolving,,High,High,0.205,220,417,1,0.89,0.045,0.07,-1,-0.02,0.159,206,390,2,0.92,7,9,0,0,0.19,0.06,0.06,0.02,0,0,0.4,,-0.01,0.03,-0.13,0.02,-0.07,0,1,75,7,6,1,1,1,1,16153,0.306,13346,0.253,32,0.007,232,0.006,34,0.005,-0.0119,-0.0026,0.0013,598,0.125,142,0.03,15554,0.405,13204,0.344,4519,0.727,4012,0.645,0.1,0.12,0.12,2.9,0.01,0.25,0.05,0.01,0.52,0.21,Uncertain
"Newton County, GA",13217,Large fringe metro,"Atlanta-Sandy Springs-Alpharetta, GA",Metropolitan,GA,4,111744,0.019,0.011,0,0,0,0,0,42,38,1,0.9,0,-0.5,0,42,38,2,1.8,11316,10127,255,228,0,29,ModerateBurden,,Moderate,Moderate,0.03,518,464,0,0.94,0.007,-0.36,0,0,0.023,808,723,0,0.94,5,6,0,0,0.51,0.03,0.47,0,0.5,0,0,,-0.03,0.01,-0.01,-0.01,0.01,-0.01,1,84,18,25,1,1,1,1,9641,0.086,8808,0.079,237,0.022,753,0.009,117,0.008,0.0119,0.0013,0.0014,490,0.046,193,0.018,9151,0.11,8615,0.104,3895,0.262,3585,0.241,0.12,0.18,0.13,2.9,0.47,0.06,0,0.01,0.71,0.85,Uncertain
"Marion County, WV",54049,Micropolitan,"Fairmont, WV",Micropolitan,WV,3,56072,1,0.031,0,0,3217,0.057,0,42,75,0,0,0.4,,0,30,54,0,0,4599,8202,51,91,0,36,ModerateBurden,,Substantial,Substantial,0.035,656,1170,1,0.98,-0.02,-0.28,0,-0.01,0.054,915,1632,1,0.99,,,,,,,,,,,,,,,,,,,,,,,,,,,5193,0.093,2633,0.047,36,0.01,213,0.005,40,0.004,-0.0075,-0.0026,-0.0017,362,0.097,32,0.009,4823,0.108,2600,0.058,1866,0.168,1331,0.12,0.06,0.17,0.2,2.4,0.03,0.01,0,0.01,0.49,0.16,Uncertain
"Hampton city, VA",51650,Large fringe metro,"Virginia Beach-Norfolk-Newport News, VA-NC",Metropolitan,VA,3,134510,0.076,0.016,0,0,4050,0.03,0,42,31,1,0.7,-0.63,,0.001,115,85,0,0,10679,7939,179,133,0,5,ModerateBurden,,Moderate,Substantial,0.046,799,594,1,0.85,0,-0.2,0,-0.04,0.046,999,743,1,0.89,8,3,15,6,0.42,0.03,0.61,0.06,0.3,0.01,0.61,0.25,0,0.01,0.03,0.01,0.02,0.01,2,272,38,50,1,0.5,1,1,48169,0.358,38255,0.284,174,0.019,741,0.007,66,0.003,-0.0193,-0.0029,-0.0022,1562,0.17,581,0.063,46545,0.438,37667,0.354,12676,0.599,11011,0.52,0.1,0.16,0.16,2.4,0.5,0.06,0,0.02,0.67,0.69,Uncertain
"Bradford County, PA",42015,Micropolitan,"Sayre, PA",Micropolitan,PA,3,60323,1,0.005,0,0,0,0,0,41,68,1,1.7,0.28,0,0,32,53,1,1.7,6088,10092,91,151,0,44,ModerateBurdenResolving,,Substantial,Substantial,0.039,598,991,1,0.99,-0.01,-0.34,0,0,0.05,912,1512,1,1,16,6,0,0,0.85,0.08,0.7,0.18,0.23,0.11,0.14,,-0.01,-0.02,-0.03,-0.05,0.02,-0.02,3,250,38,42,0.67,0.67,1,0.67,20944,0.347,17580,0.291,51,0.011,304,0.006,64,0.005,-0.0058,-0.0023,-0.0003,488,0.11,251,0.056,20456,0.434,17329,0.367,8460,0.64,7597,0.575,0.07,0.12,0.22,2.4,0.01,0.02,0,0.01,0.35,0.24,Uncertain
"Monongalia County, WV",54061,Small metro,"Morgantown, WV",Metropolitan,WV,3,105612,0.76,0.059,0,1,23846,0.226,0,41,39,3,2.8,0.37,2,0,30,28,1,0.9,9367,8869,90,85,0,52,ModerateBurden,,Moderate,Moderate,0.01,1330,1259,1,0.98,-0.027,-0.16,0,0.02,0.037,1584,1500,1,0.97,8,1,5,1,0.88,0.05,0.81,0.15,0.29,0.06,-0.75,-0.38,0,-0.01,0.01,-0.05,-0.05,-0.01,3,838,121,152,1,1,1,1,16492,0.156,13306,0.126,40,0.008,291,0.003,45,0.003,-0.0042,-0.0021,0.001,763,0.145,257,0.049,15722,0.178,13045,0.148,3587,0.257,3296,0.236,0.05,0.21,0.13,2.6,0.04,0.02,0,0.03,0.41,0.05,Uncertain
"Lenoir County, NC",37107,Micropolitan,"Kinston, NC",Micropolitan,NC,4,55949,1,0.005,0,0,0,0,0,41,73,4,7.1,0.71,,0,24,43,0,0,6206,11092,121,216,0,13,ModerateBurdenResolving,,Substantial,Moderate,0.047,819,1464,1,0.98,0.013,-0.47,0,-0.01,0.034,1535,2744,1,1,5,2,27,14,0.45,0.04,0.59,0.16,0.04,0,0.25,0.04,0.04,0.01,0,-0.04,-0.02,0,1,200,14,41,1,1,1,1,21430,0.383,17739,0.317,71,0.016,255,0.006,40,0.004,0.0024,-0.0009,-0.0011,369,0.082,134,0.03,21055,0.485,17603,0.405,8773,0.776,7828,0.693,0.13,0.23,0.2,2.4,0.41,0.08,0,0.01,0.99,0.98,Uncertain
"Kenosha County, WI",55059,Large fringe metro,"Chicago-Naperville-Elgin, IL-IN-WI",Metropolitan,WI,5,169561,0.018,0.029,0.001,0,5983,0.035,0,41,24,6,3.5,-0.44,5,0.001,73,43,1,0.6,18705,11031,333,196,0,35,ModerateBurden,,Moderate,Moderate,0.014,1727,1019,0,1,-0.008,-0.27,-1,0,0.022,2355,1389,1,1,15,4,0,0,0.57,0.02,0.33,0.06,0.06,0,-0.06,-1,0,0,-0.05,0,-0.05,0,2,338,46,60,1,1,1,1,79498,0.469,69202,0.408,283,0.021,923,0.007,74,0.003,-0.0053,-0.0028,-0.0008,3196,0.233,1641,0.12,76285,0.58,67561,0.514,21180,0.857,20110,0.814,0.07,0.14,0.15,2.6,0.07,0.13,0,0.02,0.51,0.25,Uncertain
"Madison County, KY",21151,Micropolitan,"Richmond-Berea, KY",Micropolitan,KY,4,92987,0.868,0.021,0,1,12797,0.138,0,41,44,0,0,0.24,,0,33,35,0,0,9475,10190,111,119,0,27,ModerateBurden,,Moderate,Moderate,0.038,940,1011,0,0.99,-0.005,-0.21,0,0,0.043,1190,1280,0,1,0,0,0,0,0.51,0.01,0.21,0.02,0.05,0,-1,,-0.08,-0.02,-0.08,0.01,0.05,0,2,104,30,21,1,1,1,1,37001,0.398,31712,0.341,154,0.024,441,0.006,55,0.004,-0.0089,-0.0034,-0.0011,1148,0.177,442,0.068,35853,0.486,31270,0.424,9682,0.734,8913,0.676,0.05,0.19,0.14,2.5,0.04,0.03,0,0.01,0.5,0.35,Uncertain
"Kennebec County, ME",23011,Micropolitan,"Augusta-Waterville, ME",Micropolitan,ME,1,122302,1,0.091,0,0,2833,0.023,0,41,34,2,1.6,-0.53,,0.001,87,71,0,0,6530,5339,73,60,0,39,ModerateBurdenResolving,,Moderate,Substantial,0.012,1442,1179,0,0.96,-0.013,-0.67,0,0.02,0.025,4387,3587,0,0.94,2,1,0,0,0.83,0.04,0.73,0.13,0.08,0.05,-0.85,-1,0.01,-0.03,0.01,-0.05,-0.07,-0.02,3,272,30,21,1,0.67,1,1,70121,0.573,60358,0.494,306,0.037,1386,0.014,130,0.005,-0.0073,0.0038,0.0019,2814,0.341,1099,0.133,67301,0.68,59257,0.599,22608,0.899,20974,0.834,0.07,0.13,0.21,2.3,0.01,0.02,0.01,0.01,0.38,0.08,Likely Decreasing
"Klamath County, OR",41035,Micropolitan,"Klamath Falls, OR",Micropolitan,OR,10,68238,1,0.016,0,0,2359,0.035,0,41,60,2,2.9,-0.47,-0.33,0.001,77,113,3,4.4,4727,6927,75,110,0,28,ModerateBurdenResolving,,Substantial,High,0.041,446,654,1,1,-0.056,-0.06,0,0,0.098,474,695,1,1,12,11,0,0,0.67,0.05,0.38,0.1,0.09,0,-0.08,,0.04,-0.01,-0.04,0.03,0,0,1,106,15,33,1,1,1,1,26857,0.394,23268,0.341,57,0.012,409,0.008,80,0.005,-0.0092,-0.0017,0.0002,779,0.166,410,0.087,26042,0.486,22852,0.427,10916,0.738,10123,0.685,0.09,0.2,0.22,2.4,0.01,0.14,0.04,0.01,0.87,0.43,Likely Decreasing
"Henrico County, VA",51087,Large fringe metro,"Richmond, VA",Metropolitan,VA,3,330818,0.256,0.039,0.001,0,38,0,0,41,12,0,0,-0.31,-1,0,59,18,1,0.3,25580,7732,620,187,0,49,ModerateBurden,,Moderate,Moderate,0.015,2922,883,1,0.97,-0.01,-0.19,0,-0.01,0.025,3604,1089,1,0.99,10,1,14,1,0.7,0.01,0.77,0.03,0.14,0,-0.41,-0.07,-0.03,0,0.04,-0.04,-0.04,-0.01,3,1037,78,278,1,1,1,1,67548,0.204,56350,0.17,310,0.012,845,0.003,62,0.001,-0.0098,-0.0016,-0.0009,3676,0.142,1743,0.067,63638,0.248,54558,0.213,16986,0.322,15606,0.296,0.08,0.1,0.16,2.5,0.3,0.06,0,0.09,0.26,0.23,Uncertain
"Lauderdale County, AL",1077,Small metro,"Florence-Muscle Shoals, AL",Metropolitan,AL,4,92729,0.627,0.019,0,1,5333,0.058,0,41,44,1,1.1,2.73,,0,11,12,0,0,9552,10301,246,265,0,32,ModerateBurden,,Moderate,High,0.052,254,274,0,0.97,-0.054,-0.23,0,-0.02,0.106,328,354,0,1,7,3,0,0,0.69,0.01,0.53,0.04,0.37,0.04,,,-0.04,0,-0.06,0.03,0.04,0.03,1,238,50,20,1,1,1,1,33975,0.366,27748,0.299,4,0.001,84,0.001,12,0.001,0.0006,-0.0002,-0.0002,216,0.034,89,0.014,33758,0.452,27659,0.37,14059,0.74,12052,0.634,0.09,0.15,0.2,2.4,0.1,0.03,0,0.01,0.45,0.62,Likely Decreasing
"Niagara County, NY",36063,Large fringe metro,"Buffalo-Cheektowaga, NY",Metropolitan,NY,2,209281,0.186,0.011,0.001,0,3180,0.015,0,41,20,1,0.5,-0.44,-0.8,0.001,73,35,5,2.4,20011,9562,371,177,0,44,ModerateBurden,,Moderate,Moderate,0.01,3802,1817,1,0.97,-0.009,-0.16,0,0.01,0.018,4525,2162,1,0.96,1,1,7,4,0.6,0.03,0.61,0.19,0.11,0.06,-0.75,0.4,-0.09,-0.03,-0.05,-0.09,0,-0.02,3,183,20,37,1,1,1,1,111824,0.534,97790,0.467,352,0.024,1386,0.008,156,0.004,-0.0283,-0.0087,-0.003,4170,0.288,1864,0.129,107652,0.642,95926,0.572,34575,0.846,31868,0.78,0.04,0.13,0.2,2.4,0.07,0.03,0.01,0.01,0.33,0.36,Uncertain
"Richmond County, NC",37153,Micropolitan,"Rockingham, NC",Micropolitan,NC,4,44829,1,0.004,0,0,0,0,0,40,89,0,0,3.44,-1,0,9,20,1,2.2,4761,10620,97,216,0,40,ModerateBurden,,Substantial,Moderate,0.055,437,975,1,0.85,0.024,-0.36,0,0.09,0.031,680,1517,1,0.76,,,,,,,,,,,,,,,,,,,,,,,,,,,14841,0.331,13256,0.296,21,0.006,97,0.003,12,0.001,-0.0071,-0.001,-0.0004,261,0.074,117,0.033,14574,0.422,13137,0.381,5902,0.721,5617,0.686,0.13,0.24,0.18,2.4,0.31,0.07,0.03,0.01,0.98,0.9,Uncertain
"Page County, VA",51139,Non-core,,,VA,3,23902,,0.003,0,0,0,0,0,40,167,1,4.2,1.67,,0,15,63,0,0,2113,8840,57,238,0,0,ModerateBurden,,High,Substantial,0.041,145,607,1,1,-0.009,-0.27,0,0.01,0.05,199,833,1,0.99,0,0,0,0,0.63,0,,,0,0,,,0.05,0,,,0,0,1,25,0,4,1,1,1,1,2418,0.101,2060,0.086,17,0.01,36,0.002,7,0.001,0.0047,-0.001,-0.0002,52,0.03,18,0.01,2363,0.123,2042,0.106,968,0.185,892,0.17,0.13,0.18,0.22,2.5,0.02,0.02,0,0,0.39,0.64,Uncertain
"Kent County, DE",10001,Small metro,"Dover, DE",Metropolitan,DE,3,180786,1,0.186,0.001,0,5263,0.029,0,40,22,1,0.6,-0.25,0,0,53,29,1,0.6,18153,10041,345,191,0,44,ModerateBurdenResolving,,Moderate,Moderate,0.012,2894,1601,1,0.99,-0.005,-0.13,0,0,0.017,3343,1849,1,0.99,3,1,7,2,0.8,0.01,0.9,0,0.09,0,-0.5,-0.46,0.03,0,-0.04,-0.01,-0.02,0,1,300,29,121,1,1,1,1,76281,0.422,61899,0.342,268,0.019,1062,0.008,147,0.005,-0.0193,-0.0067,-0.003,3301,0.237,1414,0.102,72972,0.523,60485,0.433,24866,0.786,21919,0.693,0.07,0.14,0.17,2.6,0.26,0.07,0.01,0.02,0.73,0.3,Uncertain
"Mercer County, PA",42085,Medium metro,"Youngstown-Warren-Boardman, OH-PA",Metropolitan,PA,3,109424,0.204,0.009,0,0,3009,0.027,0,40,37,3,2.7,-0.44,0.5,0.001,71,65,2,1.8,9644,8813,261,239,0,38,ModerateBurden,,Moderate,Substantial,0.032,1079,986,1,0.99,-0.007,-0.28,0,0,0.039,1496,1367,1,0.99,11,4,10,4,0.46,0.02,0.58,0.01,0.12,0,-0.13,-0.07,0.03,-0.01,0.1,-0.06,-0.02,-0.02,4,278,28,30,1,1,1,1,45744,0.418,40366,0.369,133,0.017,786,0.009,126,0.005,0.0025,0.0005,0.0007,926,0.118,364,0.046,44815,0.507,40002,0.452,18816,0.774,17763,0.73,0.06,0.14,0.22,2.3,0.06,0.02,0,0.01,0.54,0.31,Uncertain
"Santa Fe County, NM",35049,Small metro,"Santa Fe, NM",Metropolitan,NM,6,150358,1,0.072,0,0,667,0.004,0,40,27,0,0,39,-1,0,1,1,1,0.7,10486,6974,147,98,0,11,ModerateBurden,,Moderate,Low,0.021,1651,1098,1,0.96,-0.011,-0.07,0,0.01,0.031,1781,1185,1,0.96,5,2,0,0,0.69,0.02,0.47,0,0.09,0.01,0.67,,0.03,0,-0.26,-0.04,-0.12,0,3,206,24,57,1,1,1,1,77102,0.513,70090,0.466,283,0.028,863,0.007,100,0.003,-0.0188,-0.0027,-0.001,4216,0.424,1605,0.161,72880,0.588,68484,0.552,22061,0.579,24223,0.636,0.12,0.13,0.25,2.4,0.01,0.51,0.03,0.01,0.53,0.27,Uncertain
"Saratoga County, NY",36091,Medium metro,"Albany-Schenectady-Troy, NY",Metropolitan,NY,2,229863,0.261,0.012,0.001,0,2585,0.011,0,40,17,0,0,-0.33,-1,0,60,26,1,0.4,15342,6674,168,73,0,52,ModerateBurden,,Moderate,Moderate,0.011,4076,1773,1,0.99,-0.001,-0.28,0,0,0.012,5644,2455,1,0.99,1,1,0,0,0.85,0.04,0.61,0.05,0.03,0.01,-0.5,,0,-0.01,-0.12,0.03,-0.06,0.01,1,183,19,47,1,1,1,1,150586,0.655,133188,0.579,487,0.03,1432,0.008,157,0.004,-0.031,-0.0053,-0.0046,8544,0.532,4416,0.275,142036,0.769,128768,0.697,39467,0.913,36620,0.847,0.04,0.06,0.19,2.4,0.02,0.03,0,0.03,0.05,0.15,Uncertain
"Howard County, MD",24027,Large fringe metro,"Baltimore-Columbia-Towson, MD",Metropolitan,MD,3,325690,0.116,0.054,0.001,0,0,0,0,40,12,2,0.6,-0.02,-0.86,0,41,13,14,4.3,19250,5911,252,77,0,47,ModerateBurden,,Moderate,Moderate,0.009,5251,1612,1,0.97,-0.002,-0.27,0,-0.02,0.011,7188,2207,1,0.99,6,2,50,14,0.61,0.03,0.55,0.06,0.14,0.03,-0.5,-0.02,-0.01,0,0.07,0.02,0.03,0,1,355,33,58,1,1,1,1,226141,0.694,195715,0.601,960,0.034,1890,0.008,160,0.003,-0.0577,-0.0076,-0.0026,18071,0.631,8598,0.3,208058,0.843,187116,0.758,44807,0.964,42203,0.908,0.04,0.05,0.14,2.8,0.2,0.07,0,0.19,0.13,0.02,Uncertain
"Walker County, GA",13295,Medium metro,"Chattanooga, TN-GA",Metropolitan,GA,4,69761,0.123,0.007,0,0,0,0,0,40,57,1,1.4,-0.15,0,0,47,67,1,1.4,7687,11019,88,126,0,42,ModerateBurden,,Substantial,Substantial,0.043,183,262,0,0.88,0.018,-0.14,0,0.04,0.025,214,307,0,0.84,,,,,,,,,,,,,,,,,,,,,,,,,,,11381,0.163,9407,0.135,64,0.012,310,0.006,77,0.006,0.0019,-0.0007,-0.0005,240,0.046,116,0.022,11137,0.203,9291,0.17,4023,0.305,3447,0.261,0.13,0.18,0.19,2.6,0.04,0.02,0,0.01,0.64,0.53,Uncertain
"Surry County, NC",37171,Micropolitan,"Mount Airy, NC",Micropolitan,NC,4,71783,1,0.007,0,0,0,0,0,39,54,1,1.4,0.77,-0.5,0,22,31,2,2.8,8378,11671,167,233,0,49,ModerateBurden,,Substantial,Moderate,0.021,578,805,1,0.99,-0.017,-0.22,0,0,0.038,741,1032,1,0.99,5,3,0,0,0.53,0.02,0.46,0.01,0.03,0,-0.67,,-0.07,-0.04,-0.08,-0.05,0.02,-0.01,2,159,18,22,1,1,1,1,26605,0.371,23399,0.326,18,0.003,165,0.003,32,0.002,-0.0074,-0.002,-0.0011,463,0.086,267,0.049,26130,0.46,23129,0.407,10761,0.719,9940,0.664,0.13,0.17,0.21,2.4,0.04,0.11,0,0.01,0.73,0.94,Likely Decreasing
"Missoula County, MT",30063,Small metro,"Missoula, MT",Metropolitan,MT,8,119600,1,0.112,0,1,7968,0.067,0,39,33,1,0.8,-0.32,,0,57,48,0,0,9254,7737,95,79,0,2,ModerateBurden,,Moderate,Moderate,0.03,1092,913,1,0.98,-0.019,-0.28,0,-0.02,0.049,1523,1273,1,1,7,2,0,0,0.67,0.02,0.62,0.08,0.15,0,0.18,,0.05,0.01,-0.03,0.05,0,0,2,341,39,58,1,1,1,1,65313,0.546,59241,0.495,292,0.039,941,0.01,88,0.005,0.0093,0.0048,0.0018,2977,0.396,1355,0.18,62325,0.64,57885,0.594,16931,0.876,15906,0.823,0.08,0.15,0.16,2.3,0,0.03,0.02,0.02,0.18,0.01,Uncertain
"Medina County, OH",39103,Large fringe metro,"Cleveland-Elyria, OH",Metropolitan,OH,5,179746,0.088,0.015,0.001,0,0,0,0,39,22,0,0,-0.34,,0,59,33,0,0,15570,8662,270,150,0,75,ModerateBurden,,Moderate,Moderate,0.013,1686,938,1,0.98,-0.011,-0.24,0,0,0.024,2232,1242,1,0.98,3,2,24,14,0.74,0.01,0.34,0,0.01,0,-0.57,-0.17,0.12,-0.02,-0.22,-0.03,-0.03,0,2,168,25,11,1,1,1,1,91349,0.508,83608,0.465,475,0.032,682,0.005,107,0.003,-0.0111,-0.0042,-0.0017,4434,0.297,2068,0.139,86915,0.62,81540,0.582,28109,0.847,27464,0.828,0.04,0.06,0.18,2.6,0.01,0.02,0,0.01,0.01,0.11,Uncertain
"Colquitt County, GA",13071,Micropolitan,"Moultrie, GA",Micropolitan,GA,4,45600,1,0.004,0,0,0,0,0,39,86,1,2.2,0.22,0,0,32,70,1,2.2,4769,10458,125,274,0,0,ModerateBurden,,High,Substantial,0.13,220,482,0,0.97,0.054,-0.3,0,0,0.076,316,693,0,0.96,18,10,0,0,0.82,0.04,0.93,0.1,0.11,0,2,,0,0,0,-0.07,-0.02,-0.01,2,172,10,25,1,1,1,1,4596,0.101,4024,0.088,46,0.012,224,0.007,28,0.004,0.0089,0.0017,0.0011,123,0.031,65,0.016,4472,0.132,3959,0.117,1370,0.187,1158,0.158,0.24,0.25,0.16,2.9,0.23,0.2,0,0.01,0.98,0.91,Uncertain
"Dorchester County, SC",45035,Medium metro,"Charleston-North Charleston, SC",Metropolitan,SC,4,162809,0.203,0.032,0,0,0,0,0,39,24,0,0,-0.53,-1,0.001,83,51,1,0.6,18245,11206,222,136,0,41,ModerateBurden,,Moderate,Substantial,0.023,1394,856,1,0.98,-0.005,-0.35,0,-0.01,0.028,2151,1321,1,0.99,,,,,,,,,,,,,,,,,,,,,,,,,,,62249,0.382,50395,0.31,311,0.022,1136,0.009,169,0.007,-0.0113,-0.0006,0.0022,2486,0.177,1045,0.074,59653,0.483,49330,0.399,19496,0.825,17439,0.738,0.09,0.12,0.15,2.8,0.25,0.06,0.01,0.02,0.42,0.53,Uncertain
"Vanderburgh County, IN",18163,Medium metro,"Evansville, IN-KY",Metropolitan,IN,5,181451,0.576,0.027,0.001,1,8910,0.049,0,39,21,0,0,0.22,-1,0,32,18,1,0.6,22515,12408,398,219,0,13,ModerateBurden,,Moderate,Moderate,0.03,890,490,1,0.98,-0.011,-0.27,0,-0.01,0.04,1211,667,1,0.99,25,2,22,2,0.6,0.01,0.69,0.04,0.17,0.02,-0.38,0.06,-0.02,0,0.01,0.01,0.03,0,3,1070,155,269,1,1,1,1,82722,0.456,72220,0.398,235,0.018,694,0.005,78,0.002,-0.0045,-0.0029,-0.0012,2627,0.202,1350,0.104,80090,0.562,70869,0.498,26978,0.857,25832,0.82,0.08,0.17,0.17,2.3,0.1,0.03,0,0.01,0.52,0.26,Uncertain
"Madison County, IL",17119,Large fringe metro,"St. Louis, MO-IL",Metropolitan,IL,5,262966,0.094,0.021,0.001,1,10253,0.039,0,39,15,2,0.8,-0.59,1,0.001,96,37,1,0.4,30856,11734,525,200,0,63,ModerateBurden,,Moderate,Moderate,0.018,2442,929,0,1,-0.008,-0.21,0,0,0.026,3105,1181,0,1,5,1,13,3,0.55,0.02,0.49,0.05,0.18,0.02,0.26,-0.13,-0.04,0,0,-0.02,0.02,0,5,401,46,63,1,1,1,1,132502,0.504,98156,0.373,540,0.027,1394,0.007,173,0.004,-0.0195,-0.0035,-0.002,5314,0.268,2043,0.103,126958,0.617,96080,0.467,41216,0.89,32395,0.699,0.05,0.14,0.18,2.4,0.09,0.03,0,0.01,0.3,0.38,Uncertain
"York County, SC",45091,Large fringe metro,"Charlotte-Concord-Gastonia, NC-SC",Metropolitan,SC,4,280979,0.107,0.055,0.001,0,4896,0.017,0,39,14,2,0.7,-0.79,1,0.002,187,67,1,0.4,31919,11360,387,138,0,31,ModerateBurden,,Moderate,Substantial,0.037,3658,1302,1,0.97,0.005,-0.07,0,0.09,0.032,3931,1399,1,0.88,6,3,2,1,1,0.06,0.88,0.13,0.5,0.07,-0.64,,0,-0.03,0.04,0.03,-0.11,0,1,215,32,43,1,1,1,1,98338,0.35,76581,0.273,407,0.017,1486,0.007,184,0.004,-0.0012,-0.001,0.0005,3935,0.167,1765,0.075,94190,0.441,74747,0.35,29281,0.707,22087,0.533,0.09,0.11,0.15,2.6,0.19,0.06,0.01,0.03,0.37,0.2,Uncertain
"Stafford County, VA",51179,Large fringe metro,"Washington-Arlington-Alexandria, DC-VA-MD-WV",Metropolitan,VA,3,152882,0.024,0.018,0,0,0,0,0,39,26,1,0.7,0.08,0,0,36,24,1,0.7,11453,7491,81,53,0,40,ModerateBurden,,Moderate,Moderate,0.033,867,567,1,0.96,-0.008,-0.19,0,-0.02,0.042,1068,699,1,0.97,0,0,1,1,0.6,0.02,0.5,0.12,0,0,-1,-0.86,-0.08,-0.03,-0.12,-0.14,0,0,1,100,6,13,1,1,1,1,47717,0.312,39727,0.26,320,0.022,754,0.007,79,0.005,-0.037,-0.0009,0.0011,3231,0.225,1335,0.093,44389,0.392,38377,0.339,9123,0.556,8289,0.505,0.07,0.05,0.11,3,0.19,0.14,0,0.03,0.15,0.11,Likely Decreasing
"Belmont County, OH",39013,Small metro,"Wheeling, WV-OH",Metropolitan,OH,5,67006,0.482,0.006,0,0,0,0,0,39,58,0,0,-0.05,,0,41,61,0,0,6137,9159,174,260,0,57,ModerateBurden,,Substantial,Substantial,0.047,338,504,1,0.98,-0.003,-0.37,0,0.09,0.05,538,803,1,0.89,3,5,0,0,0.41,0.04,0.54,0.21,0.09,0.01,0.5,,0.06,0.03,0.22,0.14,0.05,0.01,2,64,9,11,1,1,1,1,23027,0.344,21853,0.326,59,0.013,257,0.005,35,0.002,-0.0068,-0.0021,-0.0013,476,0.108,220,0.05,22549,0.414,21633,0.397,9823,0.685,9678,0.675,0.06,0.14,0.21,2.5,0.04,0.01,0,0,0.36,0.51,Likely Decreasing
"Chambers County, AL",1017,Micropolitan,"LaGrange, GA-AL",Micropolitan,AL,4,33254,0.322,0.007,0,0,0,0,0,39,117,1,3,0.62,,0,24,72,0,0,3704,11139,124,373,0,4,ModerateBurden,,High,High,0.157,125,376,1,0.85,0.051,-0.26,0,-0.03,0.105,170,511,1,0.88,2,6,0,0,0.46,0.03,,,,,,,0.19,0.03,,,,,1,31,0,0,1,1,1,1,7468,0.225,6257,0.188,,,14,0.001,4,0.001,-0.0004,-0.0006,0,55,0.024,42,0.018,7413,0.281,6215,0.236,3265,0.486,2863,0.426,0.11,0.17,0.2,2.5,0.4,0.03,0,0.01,0.74,0.94,Uncertain
"Lycoming County, PA",42081,Small metro,"Williamsport, PA",Metropolitan,PA,3,113299,1,0.009,0,0,5513,0.049,0,39,34,2,1.8,-0.32,0,0,57,50,2,1.8,11902,10505,288,254,0,48,ModerateBurdenResolving,,Moderate,Substantial,0.047,882,778,1,0.97,0.006,-0.38,0,-0.02,0.041,1416,1250,1,0.98,4,1,9,3,0.69,0.01,0.8,0.02,0.31,0.01,-0.55,0.51,0.02,-0.02,-0.04,-0.03,0,-0.01,3,292,32,55,1,1,1,1,47454,0.419,41133,0.363,126,0.016,1167,0.013,226,0.01,-0.0045,0.0027,0.0035,767,0.095,232,0.029,46686,0.518,40900,0.454,18848,0.839,17565,0.782,0.06,0.14,0.2,2.4,0.05,0.02,0,0.01,0.42,0.16,Uncertain
"Natrona County, WY",56025,Small metro,"Casper, WY",Metropolitan,WY,8,79858,1,0.138,0,0,0,0,0,39,49,0,0,0.3,-1,0,30,38,2,2.5,8147,10202,138,173,0,8,ModerateBurden,,Moderate,Moderate,0.02,465,582,3,0.53,0.012,-0.28,1,-0.12,0.008,648,811,2,0.65,14,6,37,16,0.65,0.03,0.59,0.05,0.33,0.04,6,,0.08,0.02,-0.01,0.02,0.04,0.04,2,236,20,24,1,1,1,1,27430,0.343,22952,0.287,78,0.012,359,0.006,40,0.003,0.0026,0.0021,0.0013,862,0.134,376,0.059,26567,0.437,22575,0.372,9406,0.74,8666,0.681,0.13,0.1,0.16,2.4,0.01,0.09,0.01,0.01,0.3,0.05,Uncertain
"Okanogan County, WA",53047,Non-core,,,WA,10,42243,,0.006,0,0,0,0,0,39,92,1,2.4,0,,0,39,92,0,0,2674,6330,41,97,0,15,ModerateBurden,,Substantial,Substantial,0,221,523,,,-0.046,-0.05,,,0.046,233,552,,,2,4,0,0,0.32,0.04,,,0,0,-0.6,,-0.01,0.01,,,0,0,3,45,0,18,1,1,1,1,22751,0.539,20238,0.479,65,0.02,769,0.024,37,0.004,-0.0396,0.0128,-0.0019,598,0.183,206,0.063,22153,0.684,20032,0.618,7773,0.835,7405,0.795,0.12,0.21,0.22,2.3,0.01,0.21,0.11,0.01,0.93,0.85,Uncertain
"Mingo County, WV",54059,Non-core,,,WV,3,23424,,0.013,0,0,0,0,0,38,162,1,4.3,0.73,,0,22,94,0,0,2709,11565,42,179,0,17,ModerateBurden,,High,High,0.09,213,909,1,0.82,-0.065,-0.41,0,0,0.155,361,1541,1,0.82,,,,,,,,,,,,,,,,,,,,,,,,,,,5594,0.239,4547,0.194,3,0.002,59,0.003,6,0.001,-0.0052,-0.0022,-0.0028,62,0.036,36,0.021,5531,0.304,4510,0.248,2190,0.472,1929,0.416,0.04,0.29,0.2,2.3,0.02,0.01,0,0,0.78,0.52,Likely Decreasing
"Jackson County, MI",26075,Small metro,"Jackson, MI",Metropolitan,MI,5,158510,1,0.016,0,0,4387,0.028,0,38,24,7,4.4,-0.47,1.33,0.001,72,45,3,1.9,15773,9951,285,180,0,46,ModerateBurdenResolving,,Moderate,Moderate,0.017,2619,1652,1,0.98,-0.019,-0.27,0,-0.01,0.036,3609,2277,1,0.99,7,2,17,5,0.81,0.05,0.89,0.12,0.48,0.08,-0.59,-0.26,-0.03,-0.05,0,-0.07,-0.21,0.03,2,325,86,24,1,1,1,1,65344,0.412,60114,0.379,40,0.003,494,0.004,69,0.002,0,-0.0014,-0.0008,1241,0.105,1081,0.092,64101,0.514,59033,0.473,22924,0.792,21897,0.756,0.06,0.14,0.18,2.4,0.08,0.04,0,0.01,0.55,0.35,Uncertain
"Kankakee County, IL",17091,Small metro,"Kankakee, IL",Metropolitan,IL,5,109862,1,0.009,0,0,3234,0.029,0,38,35,0,0,-0.53,-1,0.001,81,74,3,2.7,14480,13180,214,195,0,30,ModerateBurdenResolving,,Moderate,Substantial,0.022,2286,2081,0,0.92,-0.002,-0.27,-1,-0.07,0.024,3120,2840,1,1,8,2,0,0,0.58,0.03,0.54,0.07,0.21,0.04,-0.62,-1,-0.01,-0.02,-0.04,-0.04,-0.07,-0.04,2,420,56,55,1,1,1,1,42825,0.39,33528,0.305,198,0.022,760,0.009,111,0.006,-0.0124,-0.0033,-0.0018,1228,0.137,434,0.049,41548,0.488,33090,0.389,14478,0.761,12424,0.653,0.06,0.15,0.17,2.6,0.15,0.11,0,0.01,0.67,0.48,Uncertain
"Idaho County, ID",16049,Non-core,,,ID,10,16667,,0.009,0,0,0,0,0,38,228,0,0,1.92,,0,13,78,0,0,1304,7824,18,108,0,0,ModerateBurden,,High,High,0.138,73,438,1,0.94,0.011,-0.36,0,-0.06,0.126,114,684,1,1,1,2,0,0,0.3,0.04,,,0,0,-0.5,,-0.05,-0.04,,,0,0,2,40,0,5,1,1,1,1,3865,0.232,3480,0.209,,,40,0.003,11,0.002,0,-0.0001,-0.0004,1,0.001,,,3864,0.287,3480,0.259,2237,0.469,2093,0.439,0.11,0.15,0.29,2.4,0,0.04,0.03,0.01,0.54,0.32,Uncertain
"Logan County, WV",54045,Micropolitan,"Mount Gay-Shamrock, WV",Micropolitan,WV,3,32019,1,0.018,0,0,0,0,0,38,119,0,0,1.38,-1,0,16,50,1,3.1,3246,10138,95,297,0,16,ModerateBurden,,High,Substantial,0.053,304,949,0,0.84,-0.009,-0.17,0,-0.13,0.061,366,1143,0,0.97,4,4,0,0,0.64,0.02,0.93,0.13,0.14,0.05,3,,-0.02,-0.02,-0.02,-0.04,0,0.01,1,103,12,20,1,1,1,1,10261,0.32,8035,0.251,17,0.008,87,0.003,14,0.002,-0.0067,-0.0034,-0.0022,414,0.184,138,0.061,9825,0.386,7883,0.31,3656,0.542,3120,0.463,0.07,0.23,0.21,2.4,0.02,0.01,0,0,0.75,0.51,Uncertain
"Montrose County, CO",8085,Micropolitan,"Montrose, CO",Micropolitan,CO,8,42758,0.896,0.007,0,0,0,0,0,38,89,1,2.3,-0.22,-0.5,0,49,115,2,4.7,3632,8494,61,143,0,3,ModerateBurdenResolving,,Substantial,High,0.039,589,1378,2,0.99,-0.002,-0.29,0,-0.01,0.04,828,1936,2,0.99,7,15,0,0,0.59,0.14,0.84,0.46,0,0,-0.36,,-0.01,0.04,-0.04,0.05,-0.02,0,1,48,8,19,1,1,1,1,8793,0.206,11450,0.268,31,0.01,150,0.004,25,0.002,0.0019,-0.0017,-0.0013,307,0.098,158,0.05,8475,0.252,11291,0.335,2211,0.215,5115,0.497,0.11,0.17,0.24,2.4,0,0.21,0.01,0.01,0.72,0.22,Uncertain
"Washtenaw County, MI",26161,Medium metro,"Ann Arbor, MI",Metropolitan,MI,5,367601,1,0.037,0.001,2,57660,0.157,0,38,10,2,0.5,-0.42,-0.6,0.001,65,18,5,1.4,26412,7185,296,81,0,45,ModerateBurden,,Moderate,Moderate,0.008,7305,1987,0,0.99,-0.006,-0.26,0,0,0.013,9916,2697,0,0.99,33,2,4,0,0.87,0.04,0.77,0.09,0.4,0.03,-0.15,-0.33,-0.01,-0.01,-0.05,-0.02,0.01,0,6,1737,203,430,1,0.83,1,1,201462,0.548,189919,0.517,145,0.006,933,0.003,92,0.002,-0.005,-0.002,-0.0005,5800,0.241,6475,0.269,195644,0.653,183441,0.612,47296,0.886,46042,0.863,0.04,0.14,0.15,2.5,0.12,0.05,0,0.09,0.22,0.04,Uncertain
"Dimmit County, TX",48127,Non-core,,,TX,6,10124,,0,0,0,0,0,0,38,375,0,0,-0.22,,0,49,484,0,0,2313,22847,36,356,0,0,ModerateBurden,,High,High,0.057,399,3941,1,0.92,0.003,-0.4,0,-0.07,0.055,665,6569,1,1,0,0,0,0,0.37,0,0,0,0,0,,,0.1,0,0,0,0,0,1,56,4,11,1,1,1,1,,,,,,,,,,,,,,,,,,,,,,,,,,0.22,0.3,0.17,3.2,0.01,0.88,0,0.01,1,1,Likely Decreasing
"Roanoke city, VA",51770,Medium metro,"Roanoke, VA",Metropolitan,VA,3,99143,0.317,0.012,0,0,849,0.009,0,38,38,3,3,8.5,,0,4,4,0,0,8543,8617,196,198,0,48,ModerateBurden,,Moderate,Low,0.017,2252,2271,1,0.99,0.011,-0.16,0,-0.01,0.007,2690,2713,1,1,12,2,113,16,0.8,0.03,0.95,0.09,0.29,0.06,0.2,-0.23,0.03,0.01,0.08,0,0.02,0,1,720,85,132,1,1,1,1,7973,0.08,6089,0.061,38,0.006,132,0.002,16,0.001,0.0018,-0.0008,0.0001,238,0.035,114,0.017,7731,0.1,5973,0.078,1577,0.094,1315,0.079,0.13,0.21,0.17,2.3,0.29,0.07,0,0.03,0.8,0.58,Uncertain
"Cleveland County, NC",37045,Micropolitan,"Shelby, NC",Micropolitan,NC,4,97947,1,0.009,0,0,1854,0.019,0,38,39,0,0,1.71,-1,0,14,14,1,1,11608,11851,227,232,0,35,ModerateBurden,,Moderate,Moderate,0.031,1235,1261,1,1,0.006,-0.27,0,0.01,0.024,1699,1735,1,0.99,5,2,2,1,0.64,0.01,0.88,0,0.06,0,,-0.33,-0.08,0,-0.09,-0.06,-0.03,-0.01,1,203,18,38,1,1,1,1,33172,0.339,27750,0.283,50,0.007,196,0.003,26,0.001,-0.004,-0.0024,-0.0018,871,0.116,402,0.053,32283,0.422,27344,0.357,13406,0.722,12071,0.65,0.12,0.2,0.19,2.6,0.21,0.04,0,0.01,0.84,0.87,Uncertain
"Licking County, OH",39089,Large fringe metro,"Columbus, OH",Metropolitan,OH,5,176862,0.083,0.015,0.001,0,4827,0.027,0,38,21,0,0,0.41,,0,27,15,0,0,16621,9398,218,123,0,53,ModerateBurden,,Moderate,Moderate,0.015,1054,596,1,0.97,-0.001,-0.29,0,-0.02,0.016,1487,841,1,0.98,2,1,0,0,0.6,0.01,0.69,0,0.16,0,-0.6,,-0.03,0.01,-0.01,-0.01,0,0,2,190,13,45,1,1,1,1,73338,0.415,69423,0.393,252,0.018,902,0.007,122,0.004,-0.007,-0.0047,-0.002,2946,0.209,1701,0.121,70390,0.517,67722,0.497,23826,0.804,23129,0.78,0.06,0.11,0.17,2.6,0.04,0.02,0,0.02,0.23,0.33,Uncertain
"Rio Arriba County, NM",35039,Micropolitan,"Española, NM",Micropolitan,NM,6,38921,1,0.019,0,0,0,0,0,38,98,0,0,0.19,,0,32,82,0,0,3701,9509,75,193,0,0,ModerateBurden,,Substantial,Substantial,0.083,512,1315,1,1,0.039,0.1,0,0,0.045,465,1195,1,1,1,4,3,12,0.63,0.12,0.53,0.11,0.01,0.01,-0.75,0.5,0.02,0,-0.14,-0.27,-0.03,-0.03,1,26,6,30,1,1,1,1,18920,0.486,17674,0.454,124,0.041,235,0.008,31,0.004,-0.0932,-0.0044,-0.0012,1525,0.499,584,0.191,17391,0.581,17087,0.571,4181,0.535,4705,0.602,0.11,,0.2,3.1,0,0.71,0.14,0.01,,,Uncertain
"Jefferson County, AR",5069,Small metro,"Pine Bluff, AR",Metropolitan,AR,6,66824,0.761,0.022,0,0,2291,0.034,0,38,57,2,3,0.06,,0,36,54,0,0,9003,13473,169,253,0,0,ModerateBurden,,Substantial,Substantial,0.04,252,377,0,1,0.015,1.1,0,0,0.024,120,180,0,1,7,3,4,2,0.72,0.03,0.68,0,0.15,0.01,0,1,0,0,-0.08,0,0.07,-0.01,1,226,16,20,1,1,1,1,20624,0.309,15294,0.229,36,0.007,255,0.005,43,0.004,-0.0006,-0.002,-0.0008,558,0.112,215,0.043,20042,0.383,15079,0.288,7751,0.645,6058,0.504,0.08,0.23,0.18,2.4,0.57,0.02,0,0.01,0.94,0.63,Uncertain
"Lincoln Parish, LA",22061,Micropolitan,"Ruston, LA",Micropolitan,LA,6,46742,1,0.01,0,1,12975,0.278,0,38,81,0,0,4.43,,0,7,15,0,0,4619,9882,93,199,0,39,ModerateBurden,,Substantial,Moderate,0.098,241,516,0,1,0.05,-0.53,0,0.02,0.048,517,1106,0,0.98,3,2,0,0,0.41,0.02,0.32,0.05,0.11,0.02,2,,0.01,0.01,0.07,0.03,0.04,0.02,2,186,50,45,1,1,1,1,14499,0.31,13035,0.279,34,0.011,141,0.004,9,0.001,-0.0048,-0.0015,-0.0014,277,0.089,108,0.035,14221,0.38,12927,0.345,5088,0.778,4832,0.739,0.11,0.3,0.14,2.5,0.4,0.03,0,0.02,0.85,0.47,Uncertain
"Jasper County, IN",18073,Large fringe metro,"Chicago-Naperville-Elgin, IL-IN-WI",Metropolitan,IN,5,33562,0.004,0.005,0,0,0,0,0,38,113,1,3,0.19,,0,32,95,0,0,3844,11453,53,158,0,13,ModerateBurdenResolving,,High,Substantial,0.077,262,781,1,0.94,0.006,-0.35,0,-0.04,0.071,401,1195,1,0.98,0,0,0,0,0.37,0,0.07,0,0,0,-1,-1,-0.13,-0.05,-0.32,0,0,0,1,18,4,7,1,1,1,1,12034,0.359,10153,0.303,28,0.01,126,0.005,26,0.004,-0.0307,-0.0107,-0.0054,331,0.114,115,0.04,11703,0.453,10038,0.389,4892,0.804,4561,0.75,0.07,0.09,0.18,2.6,0.01,0.06,0,0,0.27,0.48,Uncertain
"Wayne County, OH",39169,Micropolitan,"Wooster, OH",Micropolitan,OH,5,115710,1,0.01,0,0,1996,0.017,0,38,33,0,0,-0.24,,0,50,43,0,0,9095,7860,221,191,0,12,ModerateBurden,,Moderate,Moderate,0.015,837,723,1,0.96,-0.027,-0.3,0,-0.03,0.042,1192,1030,1,0.99,14,12,0,0,0.53,0.04,0.64,0.03,0.04,0,0.17,,0.02,0.01,0.17,0.03,-0.01,0,2,121,14,13,1,1,1,1,40247,0.348,36815,0.318,177,0.018,535,0.006,78,0.004,0.0007,-0.0032,-0.002,1280,0.133,720,0.075,38964,0.444,36093,0.411,15442,0.729,14732,0.695,0.13,0.12,0.18,2.6,0.02,0.02,0,0.01,0.48,0.49,Uncertain
"Clark County, IN",18019,Large fringe metro,"Louisville/Jefferson County, KY-IN",Metropolitan,IN,5,118302,0.094,0.018,0,0,0,0,0,38,32,1,0.8,-0.05,,0,40,34,0,0,13162,11126,193,163,0,23,ModerateBurden,,Moderate,Moderate,0.025,1264,1068,1,0.98,-0.015,-0.2,0,-0.01,0.04,1584,1339,1,0.99,3,2,0,0,0.74,0.04,1,0.12,0.51,0.09,-0.49,-1,0,0,0.04,0.03,-0.02,0.03,1,154,13,20,1,1,1,1,56341,0.476,49133,0.415,173,0.02,582,0.006,61,0.003,0.0022,-0.0028,0.0005,1789,0.203,889,0.101,54542,0.594,48242,0.525,16939,0.886,16101,0.842,0.09,0.1,0.16,2.6,0.08,0.06,0,0.01,0.25,0.54,Uncertain
"St. Francois County, MO",29187,Micropolitan,"Farmington, MO",Micropolitan,MO,7,67215,1,0.011,0,0,0,0,0,38,57,1,1.5,1.53,,0,15,22,0,0,8907,13252,116,173,0,0,ModerateBurden,,Substantial,Moderate,0.028,825,1227,0,0.98,0.015,-0.45,-1,-0.02,0.013,1504,2238,1,1,6,7,0,0,0.58,0.02,0.62,0.07,0.09,0,1,,0,-0.01,0.02,0.02,0.02,0,2,81,6,8,1,1,1,1,21323,0.317,17890,0.266,26,0.005,373,0.007,47,0.004,-0.0125,0.0015,0.0007,314,0.062,117,0.023,21007,0.396,17773,0.335,7593,0.68,6552,0.586,0.11,0.16,0.17,2.4,0.05,0.02,0,0,0.7,0.61,Uncertain
"Rockingham County, NC",37157,Medium metro,"Greensboro-High Point, NC",Metropolitan,NC,4,91010,0.118,0.009,0,0,0,0,0,38,42,15,16.5,0.46,0.5,0,26,29,10,11,7796,8566,135,148,0,17,ModerateBurden,,Moderate,Moderate,0.024,830,912,0,0.98,0.001,-0.28,-1,0.02,0.022,1154,1268,1,0.96,2,2,3,3,0.33,0.01,0.75,0,0,0,1,2,0.05,-0.01,0,0,-0.06,0,1,94,8,5,1,1,1,1,32591,0.358,27748,0.305,26,0.004,274,0.004,39,0.002,-0.0105,-0.0016,-0.0008,712,0.109,359,0.055,31854,0.438,27385,0.377,13231,0.697,11952,0.629,0.1,0.18,0.21,2.4,0.19,0.06,0,0.01,0.79,0.92,Uncertain
"Ionia County, MI",26067,Micropolitan,"Grand Rapids-Kentwood, MI",Metropolitan,MI,5,64697,0.06,0.006,0,0,0,0,0,37,57,0,0,-0.1,-1,0,41,63,1,1.5,6279,9705,80,124,0,40,ModerateBurdenResolving,,Substantial,Substantial,0.021,1795,2774,1,0.97,-0.011,-0.46,0,0.01,0.032,3329,5146,1,0.96,0,0,0,0,0.42,0.02,,,0,0,,,-0.08,-0.02,,,0,0,1,20,0,5,1,1,1,1,24145,0.373,22112,0.342,19,0.004,159,0.003,14,0.001,0.0022,-0.0015,-0.0028,444,0.088,369,0.073,23701,0.47,21743,0.431,7618,0.774,7255,0.737,0.06,0.13,0.15,2.6,0.05,0.05,0,0,0.48,0.49,Uncertain
"Wright County, MN",27171,Large fringe metro,"Minneapolis-St. Paul-Bloomington, MN-WI",Metropolitan,MN,5,138377,0.038,0.025,0,0,0,0,0,37,27,3,2.2,-0.33,2,0,55,40,1,0.7,16377,11835,146,106,0,47,ModerateBurdenResolving,,Moderate,Moderate,0.023,2069,1495,1,0.99,-0.005,-0.33,0,0,0.027,3068,2217,1,0.99,2,4,2,4,0.89,0.01,0,0,0,0,0.09,-0.69,-0.05,0,-1,0,-0.03,0,2,50,0,11,1,1,1,1,58141,0.42,50293,0.363,245,0.018,578,0.006,49,0.003,-0.0074,-0.0044,-0.001,2850,0.208,1441,0.105,55160,0.552,48827,0.488,15432,0.859,14448,0.804,0.03,0.04,0.13,2.8,0.02,0.03,0,0.01,0.05,0.2,Uncertain
"Hardin County, TX",48199,Medium metro,"Beaumont-Port Arthur, TX",Metropolitan,TX,6,57602,0.147,0.002,0,0,0,0,0,37,64,0,0,1.06,,0,18,31,0,0,5944,10319,113,196,0,14,ModerateBurden,,Substantial,Moderate,0.034,197,342,0,1,-0.01,-0.35,0,0,0.045,305,529,0,1,0,0,0,0,0.15,0,,,0,0,,,-0.05,0,,,-0.17,0,1,6,0,3,1,1,1,1,,,,,,,,,,,,,,,,,,,,,,,,,,0.15,0.13,0.17,2.7,0.05,0.06,0,0.01,0.25,0.54,Likely Decreasing
"Rockingham County, NH",33015,Large fringe metro,"Boston-Cambridge-Newton, MA-NH",Metropolitan,NH,1,309769,0.064,0.228,0.001,0,0,0,0,37,12,0,0,-0.56,-1,0.001,85,27,1,0.3,24290,7841,262,85,0,50,ModerateBurden,,Moderate,Moderate,0.011,2395,773,,,-0.018,-0.25,,,0.029,3174,1025,,,1,0,3,1,0.71,0.01,0.8,0.03,0.1,0.01,-0.91,-0.4,-0.02,-0.02,0.03,-0.04,0.01,-0.01,3,391,36,97,1,1,1,1,180881,0.584,155660,0.503,800,0.035,1554,0.006,197,0.003,-0.1171,0.0062,0.0034,9453,0.419,4473,0.198,171337,0.684,151144,0.603,50574,0.879,45998,0.8,0.05,0.05,0.19,2.5,0.01,0.03,0,0.02,0.01,0.03,Uncertain
"Raleigh County, WV",54081,Small metro,"Beckley, WV",Metropolitan,WV,3,73361,0.634,0.041,0,0,1337,0.018,0,37,50,2,2.7,0.06,1,0,35,48,1,1.4,6995,9535,90,123,0,54,ModerateBurdenResolving,,Substantial,Moderate,0.048,806,1099,1,0.94,-0.015,-0.19,-1,0.01,0.063,1000,1363,2,0.93,6,2,181,49,0.71,0.03,0.86,0.13,0.31,0,-0.33,-0.08,-0.05,-0.02,-0.07,-0.07,-0.07,-0.11,3,368,40,31,1,0.67,1,1,16359,0.223,12115,0.165,43,0.008,320,0.006,74,0.005,-0.0162,-0.0076,-0.0053,512,0.099,102,0.02,15838,0.272,12007,0.206,6103,0.392,5116,0.329,0.08,0.18,0.21,2.4,0.08,0.02,0,0.01,0.77,0.47,Uncertain
"Scott County, IA",19163,Medium metro,"Davenport-Moline-Rock Island, IA-IL",Metropolitan,IA,7,172943,0.456,0.055,0.001,0,4751,0.027,0,37,21,0,0,-0.31,-1,0,54,31,1,0.6,20270,11721,244,141,0,46,ModerateBurden,,Moderate,Moderate,0.01,1974,1141,1,1,-0.02,-0.22,0,0,0.03,2530,1463,1,1,5,1,11,2,0.65,0.01,0.64,0.08,0.14,0.01,-0.38,-0.15,0,-0.01,-0.06,-0.09,-0.04,-0.02,3,493,42,110,1,1,1,1,86283,0.499,74131,0.429,264,0.019,798,0.006,82,0.003,-0.0109,-0.0034,-0.0011,4095,0.292,1857,0.133,82176,0.622,72271,0.547,25470,0.882,23993,0.831,0.05,0.12,0.17,2.5,0.08,0.07,0,0.03,0.27,0.27,Uncertain
"Torrance County, NM",35057,Medium metro,"Albuquerque, NM",Metropolitan,NM,6,15461,0.017,0.007,0,0,0,0,0,37,239,0,0,0.76,,0,21,136,0,0,863,5582,13,84,0,0,ModerateBurden,,High,High,0.212,161,1041,1,0.93,0.139,-0.59,0,-0.05,0.073,394,2548,1,0.98,,,,,,,,,,,,,,,,,,,,,,,,,,,4583,0.296,4363,0.282,16,0.014,98,0.008,13,0.004,0.0052,-0.0002,-0.0009,197,0.17,70,0.06,4386,0.356,4293,0.348,1465,0.441,1667,0.502,0.08,0.26,0.21,2.7,0.01,0.44,0.02,0,0.75,0.54,Likely Decreasing
"Marion County, AL",1093,Non-core,,,AL,4,29709,,0.006,0,0,0,0,0,37,125,2,6.7,0.85,,0,20,67,0,0,3215,10822,104,350,0,0,ModerateBurden,,High,Substantial,0.072,116,390,0,0.99,0.019,-0.23,-1,0.04,0.053,150,505,1,0.95,17,25,0,0,0.45,0.03,0.57,0,0,0,0.13,,0.04,0,0.14,0,0,0,2,68,4,4,1,1,1,1,7832,0.264,6566,0.221,2,0.001,34,0.001,1,0,0.0009,-0.0041,-0.002,16,0.007,11,0.005,7816,0.332,6555,0.278,3717,0.582,3274,0.512,0.11,0.17,0.22,2.4,0.04,0.03,0,0,0.67,0.79,Uncertain
"Schuylkill County, PA",42107,Micropolitan,"Pottsville, PA",Micropolitan,PA,3,141359,1,0.011,0,0,490,0.003,0,37,26,0,0,-0.4,-1,0.001,62,44,4,2.8,14751,10435,408,289,0,43,ModerateBurden,,Moderate,Moderate,0.035,984,696,1,0.98,-0.012,-0.26,0,0,0.047,1334,944,1,0.98,5,3,1,1,0.78,0.06,0.65,0.18,0.05,0,-0.19,-0.91,0,-0.01,0.1,0.03,0.05,0,3,168,23,20,1,1,1,1,75912,0.537,59587,0.422,153,0.015,1250,0.011,233,0.008,-0.025,-0.0042,-0.0025,1896,0.186,670,0.066,74016,0.652,58917,0.519,28728,0.98,22514,0.768,0.06,0.13,0.21,2.3,0.03,0.05,0,0.01,0.45,0.55,Uncertain
"Lawrence County, PA",42073,Micropolitan,"New Castle, PA",Micropolitan,PA,3,85512,1,0.007,0,0,1170,0.014,0,37,43,1,1.2,-0.21,0,0,47,55,1,1.2,7617,8908,212,248,0,47,ModerateBurden,,Moderate,Substantial,0.053,569,665,1,0.99,0.019,-0.29,0,0,0.034,800,936,1,0.99,4,5,26,30,0.97,0.04,0.85,0.36,0.41,0.19,-0.42,0.31,0.03,0.01,0.03,0.13,0.21,0.14,1,88,6,10,1,1,1,1,32943,0.385,29715,0.347,101,0.017,653,0.01,96,0.005,0.0015,0.0014,0.0007,599,0.099,248,0.041,32342,0.472,29466,0.43,12992,0.674,12437,0.645,0.05,0.14,0.23,2.3,0.04,0.02,0,0,0.47,0.67,Likely Decreasing
"Bowie County, TX",48037,Small metro,"Texarkana, TX-AR",Metropolitan,TX,6,93245,0.627,0.003,0,0,1306,0.014,0,36,39,1,1.1,1.25,-0.75,0,16,17,4,4.3,7113,7628,221,237,0,11,ModerateBurden,,Moderate,Moderate,0.05,434,465,0,0.99,0.019,-0.35,0,-0.01,0.03,672,721,0,1,16,2,0,0,0.54,0.03,0.67,0.1,0.24,0.01,-0.24,-1,0.02,0,0,-0.05,0.03,-0.02,4,647,58,122,0.75,0.75,0.75,0.75,,,,,,,,,,,,,,,,,,,,,,,,,,0.15,0.17,0.17,2.6,0.25,0.08,0.01,0.01,0.85,0.47,Uncertain
"Washington County, TN",47179,Small metro,"Johnson City, TN",Metropolitan,TN,4,129375,0.635,0.019,0,1,11515,0.089,0,36,28,2,1.5,0.57,1,0,23,18,1,0.8,14823,11457,251,194,0,47,ModerateBurden,,Moderate,Moderate,0.047,546,422,1,0.99,-0.005,-0.38,0,0.01,0.052,877,678,1,0.98,9,1,3,0,0.82,0.02,0.72,0.02,0.44,0.02,-0.57,0.5,-0.03,-0.01,-0.02,0,-0.06,-0.01,3,675,81,79,1,0.67,1,1,59549,0.46,50333,0.389,117,0.013,495,0.005,78,0.003,-0.0117,-0.0016,0,1612,0.185,676,0.078,57935,0.552,49656,0.473,20827,0.858,18820,0.775,0.09,0.16,0.19,2.3,0.04,0.04,0,0.02,0.46,0.4,Likely Decreasing
"Roanoke County, VA",51161,Medium metro,"Roanoke, VA",Metropolitan,VA,3,94186,0.301,0.011,0,0,718,0.008,0,36,38,1,1.1,1.12,,0,17,18,0,0,8338,8853,146,155,0,44,ModerateBurden,,Moderate,Moderate,0.034,522,554,1,0.99,0,-0.14,0,0,0.034,610,648,1,0.99,,,,,,,,,,,,,,,,,,,,,,,,,,,3033,0.032,1404,0.015,4,0.001,11,0,1,0,0.0003,0,0,25,0.004,10,0.001,3008,0.04,1394,0.018,941,0.046,633,0.031,0.05,0.07,0.22,2.4,0.06,0.03,0,0.03,0.13,0.19,Likely Decreasing
"Oxford County, ME",23017,Non-core,,,ME,1,57975,,0.043,0,0,0,0,0,36,62,1,1.7,-0.1,,0,40,69,0,0,3610,6227,66,114,0,38,ModerateBurden,,Substantial,Substantial,0.027,711,1226,1,0.93,-0.014,0.07,0,0.01,0.041,666,1149,1,0.92,1,2,7,12,0.57,0.02,0.62,0.05,0.01,0,0,-0.3,0,0,-0.08,0,0.01,0,2,56,6,16,1,1,1,1,31491,0.543,26932,0.465,102,0.025,584,0.012,68,0.005,-0.0007,0.0027,0.0011,1336,0.333,562,0.14,30153,0.635,26370,0.556,11200,0.855,10311,0.788,0.1,0.16,0.23,2.7,0.01,0.02,0,0.01,0.37,0.19,Uncertain
"Allen County, OH",39003,Small metro,"Lima, OH",Metropolitan,OH,5,102351,1,0.009,0,0,3813,0.037,0,36,35,0,0,-0.38,,0,58,57,0,0,11882,11609,237,232,0,27,ModerateBurden,,Moderate,Substantial,0.033,753,736,1,0.99,-0.027,-0.25,0,-0.01,0.061,1002,979,1,1,19,4,10,2,0.61,0.02,0.23,0.03,0.14,0.01,0.04,-0.18,-0.05,0,-0.05,0,-0.01,0,5,503,119,146,1,1,1,1,33407,0.326,30945,0.302,82,0.01,329,0.004,71,0.004,-0.004,-0.003,-0.0015,654,0.08,291,0.036,32753,0.415,30654,0.389,13744,0.743,13137,0.71,0.07,0.15,0.18,2.5,0.12,0.03,0,0.01,0.58,0.42,Uncertain
"Nevada County, CA",6057,Micropolitan,"Truckee-Grass Valley, CA",Micropolitan,CA,9,99755,1,0.003,0,0,0,0,0,36,36,0,0,0.29,,0,28,28,0,0,4854,4866,75,75,0,24,ModerateBurden,,Moderate,Moderate,,889,891,,,,-0.44,,,0.022,1592,1596,,,0,0,0,0,0.82,0.04,0.78,0.03,0.06,0,-1,-1,0.1,0.01,0.07,-0.07,0.06,0,2,101,10,36,1,1,1,1,50827,0.51,42775,0.429,136,0.022,437,0.005,51,0.002,-0.0092,-0.0027,-0.0016,1991,0.327,1114,0.183,48721,0.588,41623,0.502,20003,0.707,17232,0.609,0.08,0.11,0.28,2.4,0.01,0.1,0.01,0.01,0.2,0.36,Uncertain
"Nicholas County, KY",21181,Non-core,,,KY,4,7269,,0.002,0,0,0,0,0,36,495,0,0,,,0,0,0,0,0,595,8185,8,110,0,0,ModerateBurden,,High,Low,0.012,99,1362,0,1,0.003,-0.11,0,0,0.009,111,1527,0,1,,,,,,,,,,,,,,,,,,,,,,,,,,,2932,0.403,2615,0.36,6,0.01,11,0.002,2,0.002,-0.0183,-0.0024,0,55,0.092,19,0.032,2877,0.522,2596,0.471,1111,0.897,1062,0.858,0.09,0.26,0.17,2.6,0.01,0.02,0,0,0.82,0.97,Uncertain
"Lackawanna County, PA",42069,Medium metro,"Scranton--Wilkes-Barre, PA",Metropolitan,PA,3,209674,0.379,0.016,0.001,0,8457,0.04,0,36,17,3,1.4,-0.58,0.5,0.001,86,41,2,1,18475,8811,476,227,0,42,ModerateBurden,,Moderate,Moderate,0.015,1821,868,1,0.98,-0.027,-0.22,0,0.06,0.042,2322,1107,1,0.92,18,4,35,8,0.93,0.03,0.84,0.1,0.21,0.03,0.84,-0.27,0.01,-0.02,0.01,-0.09,-0.03,-0.04,3,460,38,78,1,1,1,1,128200,0.611,108586,0.518,571,0.038,1746,0.01,341,0.008,-0.0356,-0.0035,-0.0003,5657,0.376,2547,0.169,122533,0.735,106037,0.636,40758,0.956,36118,0.847,0.05,0.15,0.2,2.4,0.03,0.08,0,0.03,0.53,0.25,Uncertain
"Tioga County, PA",42117,Non-core,,,PA,3,40591,,0.003,0,0,1462,0.036,0,36,89,1,2.5,0,,0,36,89,0,0,3083,7595,109,269,0,53,ModerateBurden,,Substantial,Substantial,0.063,301,742,1,0.98,0.001,-0.46,0,0.07,0.062,562,1385,1,0.91,3,5,0,0,0.4,0.08,0.88,0.31,0.01,0.01,-0.4,,0.01,0.02,0.12,0.14,0.01,0.01,1,55,6,25,1,1,1,1,13013,0.321,12257,0.302,57,0.02,532,0.016,91,0.01,0.01,0.0079,0.0047,190,0.068,81,0.029,12822,0.394,12176,0.375,5817,0.635,5812,0.635,0.08,0.14,0.23,2.5,0.01,0.01,0,0.01,0.32,0.38,Likely Decreasing
"Flagler County, FL",12035,Medium metro,"Deltona-Daytona Beach-Ormond Beach, FL",Metropolitan,FL,4,115081,0.172,0.005,0,0,0,0,0,36,31,2,1.7,0.09,0,0,33,29,2,1.7,7516,6531,114,99,0,63,ModerateBurden,,Moderate,Moderate,0.019,881,766,,,-0.007,-0.09,,,0.025,969,842,,,2,1,0,0,0.56,0.03,0.6,0.01,0.13,0.01,-0.71,,-0.01,-0.01,-0.07,-0.05,-0.11,-0.02,1,163,22,15,1,1,1,1,59169,0.514,49837,0.433,167,0.023,780,0.008,137,0.004,0.0062,0.0002,-0.0007,996,0.136,408,0.056,58165,0.606,49429,0.515,30760,0.857,27756,0.773,0.13,0.12,0.31,2.6,0.1,0.11,0,0.02,0.28,0.61,Uncertain
"Crook County, OR",41013,Micropolitan,"Prineville, OR",Micropolitan,OR,10,24404,1,0.006,0,0,0,0,0,36,148,0,0,0.89,,0,19,78,0,0,1237,5069,22,90,0,19,ModerateBurdenResolving,,High,Substantial,0.072,363,1487,1,0.99,0.029,-0.35,0,-0.01,0.043,556,2278,1,0.99,0,0,0,0,0.72,0,0.17,0,0,0,,,-0.09,0,0.17,0,0,0,1,20,3,4,1,1,1,1,9564,0.392,8335,0.342,14,0.009,126,0.006,28,0.005,-0.04,-0.0067,-0.0023,229,0.145,90,0.057,9328,0.476,8245,0.421,4559,0.743,4284,0.698,0.08,0.15,0.25,2.4,0,0.08,0.01,0.01,0.57,0.5,Likely Decreasing
"Camden County, MO",29029,Non-core,,,MO,7,46305,,0.008,0,0,0,0,0,36,78,0,0,0.44,,0,25,54,0,0,4169,9003,88,190,0,0,ModerateBurden,,High,High,0.131,194,419,0,1,0.003,-0.08,0,0,0.128,212,458,0,1,3,4,0,0,0.87,0.05,0.59,0.15,0.13,0.13,-0.25,,0.03,0.03,-0.01,0.06,0.11,0.12,1,85,18,18,1,1,1,1,15968,0.345,12940,0.279,32,0.011,145,0.004,36,0.003,0.0034,-0.0002,0.0007,163,0.055,63,0.021,15805,0.413,12877,0.337,8336,0.623,6592,0.493,0.14,0.16,0.29,2.8,0.01,0.03,0.01,0.01,0.34,0.17,Uncertain
"Richland County, OH",39139,Small metro,"Mansfield, OH",Metropolitan,OH,5,121154,1,0.01,0,0,883,0.007,0,35,29,0,0,-0.03,,0,36,30,0,0,11575,9554,211,174,0,46,ModerateBurden,,Moderate,Moderate,0.023,1122,926,1,0.96,-0.004,-0.32,0,-0.03,0.028,1654,1365,1,0.99,12,6,0,0,0.83,0.04,0.77,0.05,0.25,0.02,0.33,,-0.06,0,-0.07,0.04,-0.07,0,3,215,24,61,1,1,1,1,40115,0.331,37831,0.312,82,0.009,368,0.004,65,0.003,-0.0069,-0.0035,-0.0019,824,0.092,397,0.044,39291,0.413,37434,0.394,17002,0.71,16614,0.694,0.08,0.14,0.2,2.4,0.09,0.02,0,0.01,0.62,0.26,Uncertain
"Nash County, NC",37127,Small metro,"Rocky Mount, NC",Metropolitan,NC,4,94298,0.647,0.009,0,0,1696,0.018,0,35,37,2,2.1,0.75,0,0,20,21,2,2.1,11648,12352,196,208,0,45,ModerateBurden,,Moderate,Moderate,0.025,1435,1522,1,0.99,-0.005,-0.17,0,0,0.03,1725,1829,1,0.99,9,3,39,12,0.47,0.04,0.45,0.13,0.14,0.01,-0.18,-0.11,-0.03,0,-0.03,0,-0.03,0,2,321,21,60,1,1,1,1,38489,0.408,31941,0.339,71,0.01,521,0.007,49,0.003,-0.0041,-0.0016,-0.0008,673,0.092,296,0.04,37790,0.512,31644,0.429,14405,0.802,12938,0.721,0.1,0.16,0.19,2.5,0.41,0.07,0.01,0.01,0.83,0.93,Uncertain
"Douglas County, GA",13097,Large fringe metro,"Atlanta-Sandy Springs-Alpharetta, GA",Metropolitan,GA,4,146343,0.024,0.014,0,0,0,0,0,35,24,1,0.7,-0.42,-0.67,0,60,41,3,2,15499,10591,227,155,0,43,ModerateBurden,,Moderate,Moderate,0.021,1000,683,0,0.92,-0.017,-0.22,0,0.05,0.037,1280,875,0,0.87,5,5,26,27,0.87,0.04,1,0.09,0.24,0.06,-0.4,0.09,-0.06,-0.05,0,-0.09,-0.03,-0.06,1,97,13,20,1,1,1,1,29683,0.203,24809,0.17,549,0.039,1144,0.011,118,0.007,0.0231,0.0007,0.0012,1342,0.096,538,0.038,28331,0.26,24270,0.223,8600,0.495,7529,0.434,0.13,0.13,0.12,2.9,0.48,0.1,0,0.02,0.54,0.7,Uncertain
"Barrow County, GA",13013,Large fringe metro,"Atlanta-Sandy Springs-Alpharetta, GA",Metropolitan,GA,4,83240,0.014,0.008,0,0,0,0,0,35,42,1,1.2,0.06,0,0,33,40,1,1.2,10158,12203,141,169,0,34,ModerateBurden,,Moderate,Moderate,0.042,504,605,0,0.97,0.01,-0.25,0,0.02,0.031,670,805,0,0.95,0,0,0,0,0.49,0,,,,,,,-0.23,-0.02,,,,,1,45,0,0,1,1,1,1,8310,0.1,8229,0.099,186,0.025,549,0.009,60,0.006,0.0105,-0.0003,-0.0015,409,0.056,153,0.021,7901,0.128,8076,0.131,2943,0.278,2996,0.283,0.15,0.12,0.13,3,0.12,0.12,0,0.04,0.42,0.52,Uncertain
"Caldwell County, NC",37027,Medium metro,"Hickory-Lenoir-Morganton, NC",Metropolitan,NC,4,82178,0.222,0.008,0,0,0,0,0,35,43,0,0,0.52,,0,23,28,0,0,9469,11523,110,134,0,26,ModerateBurden,,Moderate,Moderate,0.013,643,782,1,0.99,0,-0.36,0.5,-0.01,0.013,1011,1230,0.5,1,1,1,15,18,0.71,0.03,0.88,0.05,0.15,0,0,0.07,-0.02,-0.02,0.14,-0.17,0.13,-0.01,1,82,12,26,1,1,1,1,27852,0.339,25017,0.304,47,0.008,166,0.003,21,0.001,-0.0027,-0.0017,-0.0002,580,0.097,329,0.055,27250,0.414,24682,0.375,11850,0.707,11114,0.663,0.13,0.17,0.2,2.5,0.05,0.06,0,0.01,0.65,0.9,Uncertain
"Brunswick County, NC",37019,Medium metro,"Myrtle Beach-Conway-North Myrtle Beach, SC-NC",Metropolitan,NC,4,142820,0.287,0.014,0,0,0,0,0,35,25,1,0.7,0.52,,0,23,16,0,0,9285,6501,154,108,0,47,ModerateBurden,,Moderate,Moderate,0.023,701,491,1,1,-0.003,-0.32,0,0,0.026,1032,723,1,1,1,1,1,1,0.58,0.01,0.56,0.01,0.04,0,-0.75,0,-0.03,0,-0.13,0.01,-0.04,0,2,144,10,30,1,1,1,1,74627,0.523,61747,0.432,97,0.013,295,0.002,31,0.001,-0.0007,-0.0014,-0.0012,921,0.126,436,0.06,73681,0.605,61302,0.503,39847,0.855,34151,0.733,0.11,0.13,0.33,2.3,0.1,0.05,0.01,0.01,0.36,0.75,Uncertain
"Johnson County, KY",21115,Non-core,,,KY,4,22188,,0.005,0,0,0,0,0,35,158,0,0,0.09,,0,32,144,0,0,2095,9442,35,158,0,2,ModerateBurden,,High,High,0.041,185,834,1,0.94,0.009,-0.22,0,-0.05,0.032,237,1068,1,1,1,2,3,5,0.27,0,0.65,0,0.02,0,0,2,-0.01,0,0.16,0,0.02,0,1,65,7,6,1,1,1,1,7780,0.351,6401,0.288,17,0.01,131,0.008,23,0.006,-0.004,-0.0006,0,137,0.078,58,0.033,7643,0.443,6343,0.367,2859,0.687,2524,0.607,0.04,0.23,0.19,2.6,0,0.01,0,0.01,0.81,0.72,Likely Decreasing
"Berkeley County, SC",45015,Medium metro,"Charleston-North Charleston, SC",Metropolitan,SC,4,227907,0.284,0.044,0.001,0,0,0,0,35,15,1,0.4,-0.44,-0.5,0.001,63,28,2,0.9,17915,7861,202,89,0,44,ModerateBurden,,Moderate,Moderate,0.028,1253,550,1,0.98,-0.006,-0.41,0,0,0.034,2115,928,1,0.98,0,0,0,0,0.84,0,0.73,0,0.1,0,,,0.02,0,-0.09,0,0.02,0,1,46,8,6,1,1,1,1,75973,0.333,62597,0.275,310,0.017,1214,0.007,133,0.004,-0.0022,-0.0026,-0.0011,2440,0.135,1141,0.063,73441,0.423,61432,0.354,22936,0.711,21026,0.651,0.11,0.12,0.14,2.7,0.24,0.07,0,0.03,0.51,0.63,Uncertain
"Ward County, ND",38101,Micropolitan,"Minot, ND",Micropolitan,ND,8,67641,0.893,0.089,0,0,2093,0.031,0,35,52,0,0,-0.29,-1,0,49,72,2,3,9921,14667,196,290,0,25,ModerateBurden,,Substantial,Substantial,0.027,404,597,0,1,-0.047,-0.18,-1,0.03,0.074,492,727,1,0.97,3,3,6,6,0.86,0.04,0.8,0.07,0.23,0.03,-0.39,-0.23,0.02,-0.01,0.04,-0.13,0.1,0.02,2,109,15,18,1,1,1,1,24744,0.366,21089,0.312,95,0.02,239,0.005,28,0.003,-0.0127,-0.004,-0.0001,662,0.14,266,0.056,24058,0.467,20822,0.404,6843,0.767,6368,0.714,0.06,0.09,0.13,2.4,0.04,0.06,0.02,0.02,0.17,0.08,Uncertain
"Graves County, KY",21083,Micropolitan,"Mayfield, KY",Micropolitan,KY,4,37266,1,0.008,0,0,0,0,0,35,94,3,8.1,0.59,,0,22,59,0,0,4291,11515,96,258,0,0,ModerateBurden,,Substantial,Substantial,0.076,328,880,0,0.98,-0.005,-0.17,0,0.02,0.081,396,1063,0,0.96,16,15,0,0,0.73,0.02,1,0.13,0.24,0.1,0.07,,0,0,0,0.09,0.06,0.1,1,107,13,9,1,1,1,1,11986,0.322,10222,0.274,24,0.008,128,0.005,21,0.003,-0.0051,-0.003,-0.0019,160,0.055,48,0.016,11826,0.418,10174,0.36,5037,0.717,4633,0.66,0.07,0.18,0.19,2.5,0.04,0.07,0,0,0.78,0.66,Uncertain
"Houston County, GA",13153,Small metro,"Warner Robins, GA",Metropolitan,GA,4,157863,0.851,0.015,0,0,0,0,0,35,22,1,0.6,-0.1,-0.75,0,39,25,4,2.5,14803,9377,267,169,0,29,ModerateBurden,,Moderate,Moderate,0.029,485,307,0,0.91,-0.005,-0.3,0,0.03,0.034,691,438,0,0.88,8,3,2,1,0.87,0.03,0.66,0.04,0.1,0,0.14,1,-0.03,0,-0.12,-0.05,-0.02,-0.02,2,260,44,75,1,1,1,1,49655,0.315,37682,0.239,295,0.021,945,0.008,111,0.005,0.0075,0.0006,0.0008,1777,0.129,620,0.045,47871,0.407,37059,0.315,14227,0.694,11049,0.539,0.12,0.16,0.13,2.7,0.32,0.07,0,0.03,0.57,0.8,Uncertain
"Bedford County, PA",42009,Non-core,,,PA,3,47888,,0.004,0,0,0,0,0,35,73,1,2.1,-0.44,,0.001,63,132,0,0,4670,9752,139,290,0,35,ModerateBurdenResolving,,Substantial,High,0.039,276,576,1,1,-0.038,-0.27,0,0.02,0.077,379,791,1,0.97,1,4,2,9,0.8,0.03,,,0,0,-0.65,-0.48,-0.01,-0.07,,,0,0,1,23,0,6,1,1,1,1,14817,0.309,13151,0.275,19,0.006,269,0.007,63,0.006,-0.0003,0.0007,0.0011,96,0.029,34,0.01,14721,0.38,13117,0.339,7014,0.625,6580,0.586,0.07,0.13,0.23,2.4,0.01,0.01,0,0,0.27,0.59,Likely Decreasing
"Canadian County, OK",40017,Large fringe metro,"Oklahoma City, OK",Metropolitan,OK,6,148306,0.105,0.037,0,0,0,0,0,35,24,1,0.7,-0.31,-0.89,0,51,34,9,6.1,17370,11712,185,125,0,43,ModerateBurden,,Moderate,Moderate,0.01,597,403,1,0.99,-0.019,-0.25,0,-0.01,0.029,799,539,1,1,0,0,3,4,0.43,0.02,0.6,0.1,1,0,-1,2,-0.13,0,0.1,-0.06,0,0,1,80,8,17,1,1,1,1,63265,0.427,52063,0.351,248,0.019,500,0.005,47,0.002,-0.0019,-0.002,-0.0019,2102,0.16,991,0.075,61161,0.557,51072,0.465,16509,0.837,14027,0.712,0.1,0.08,0.13,3,0.03,0.1,0.04,0.03,0.26,0.21,Uncertain
"Ravalli County, MT",30081,Non-core,,,MT,8,43806,,0.041,0,0,0,0,0,35,80,1,2.3,-0.12,0,0,40,91,1,2.3,3199,7303,46,105,0,0,ModerateBurden,,High,High,0.108,532,1214,1,0.96,-0.009,-0.36,0,0,0.117,825,1883,1,0.95,4,13,4,13,0.57,0,0.64,0,0,0,0,0,0,-0.02,0.14,-0.14,0,0,1,30,2,7,1,1,1,1,17641,0.403,15733,0.359,100,0.032,263,0.007,60,0.005,0.0229,0.0024,0.0013,424,0.137,222,0.072,17216,0.484,15510,0.436,8347,0.718,7756,0.667,0.12,0.14,0.27,2.4,0,0.04,0.01,0.01,0.19,0.04,Uncertain
"Fairfax County, VA",51059,Large fringe metro,"Washington-Arlington-Alexandria, DC-VA-MD-WV",Metropolitan,VA,3,1147532,0.183,0.134,0.003,1,25710,0.022,0,35,3,5,0.4,-0.77,-0.58,0.001,153,13,12,1,77037,6713,1105,96,0,49,LowBurden,,Low,Moderate,0.012,9981,870,1,0.99,-0.008,-0.25,0,0,0.02,13256,1155,1,0.99,21,1,235,16,0.75,0.02,0.73,0.03,0.22,0.03,-0.22,0.14,-0.02,-0.01,-0.03,0,0.01,0,4,1490,229,325,1,1,1,1,594802,0.518,493532,0.43,4197,0.046,8632,0.01,597,0.004,-0.0266,-0.0035,-0.0009,42336,0.463,19002,0.208,550479,0.625,474221,0.538,107712,0.671,96384,0.601,0.09,0.06,0.14,2.9,0.1,0.17,0,0.2,0.19,0.05,Uncertain
"Columbia County, FL",12023,Micropolitan,"Lake City, FL",Micropolitan,FL,4,71686,1,0.003,0,0,1218,0.017,0,35,49,0,0,0.94,-1,0,18,25,1,1.4,8282,11553,170,237,0,47,ModerateBurden,,Moderate,Moderate,0.046,798,1113,,,0.004,-0.17,,,0.042,962,1342,,,7,8,6,6,0.87,0.07,1,0.15,0.1,0.04,0.4,5,-0.03,0.02,0,0,0.06,0.02,3,93,17,23,0.33,0.33,0.67,0.33,20510,0.286,17485,0.244,46,0.009,471,0.008,61,0.004,-0.0002,-0.0001,-0.0004,251,0.048,77,0.015,20252,0.36,17408,0.309,9292,0.673,8641,0.626,0.12,0.17,0.19,2.6,0.18,0.07,0,0.01,0.86,0.54,Likely Decreasing
"Monterey County, CA",6053,Medium metro,"Salinas, CA",Metropolitan,CA,9,434061,1,0.011,0.001,1,6457,0.015,0,35,8,34,7.8,-0.2,,0,44,10,0,0,43774,10085,419,97,0,49,LowBurden,,Low,Moderate,,4378,1009,,,,-0.46,,,0.007,8056,1856,,,5,1,0,0,0.67,0.01,0.5,0.02,0.07,0,0.25,,0.01,0,0.02,-0.02,0.01,0,5,621,49,205,0.8,0.8,1,0.8,234145,0.539,190661,0.439,1163,0.031,3173,0.01,201,0.003,-0.0047,-0.0037,-0.0014,11638,0.31,5796,0.154,222043,0.691,184793,0.575,51181,0.843,43871,0.722,0.11,0.14,0.14,3.3,0.03,0.59,0,0.06,0.8,0.56,Uncertain
"McLean County, IL",17113,Small metro,"Bloomington, IL",Metropolitan,IL,5,171517,1,0.014,0.001,1,19896,0.116,0,35,20,3,1.7,-0.59,2,0.001,85,50,1,0.6,18514,10794,186,108,0,41,ModerateBurden,,Moderate,Substantial,0.011,4105,2393,0,1,-0.005,-0.22,0,0,0.016,5279,3078,0,1,8,2,10,3,0.6,0.02,0.57,0.02,0.12,0,-0.27,-0.57,0.01,-0.02,-0.06,-0.08,-0.06,-0.04,2,326,32,69,1,1,1,1,93695,0.546,68210,0.398,420,0.034,1475,0.011,102,0.004,-0.0173,-0.0044,-0.0019,5173,0.414,2306,0.185,88294,0.654,65864,0.488,21720,0.919,18075,0.765,0.04,0.15,0.14,2.5,0.08,0.05,0,0.05,0.19,0.43,Uncertain
"DeKalb County, IL",17037,Large fringe metro,"Chicago-Naperville-Elgin, IL-IN-WI",Metropolitan,IL,5,104897,0.011,0.008,0,1,13184,0.126,0,34,32,1,1,-0.31,,0,49,47,0,0,10084,9613,121,115,0,39,ModerateBurden,,Moderate,Moderate,0.032,1534,1462,0,0.99,-0.003,0.03,0,0.03,0.036,1490,1420,0,0.97,2,1,0,0,0.66,0.01,0.58,0.05,0.35,0,-0.72,-1,-0.02,-0.03,0.01,-0.11,0.09,-0.03,3,162,13,41,1,1,1,1,51116,0.487,35925,0.342,234,0.031,719,0.009,62,0.005,-0.0078,-0.0065,-0.0031,2492,0.325,992,0.129,48504,0.588,34910,0.424,12746,0.941,10034,0.74,0.06,0.16,0.13,2.6,0.08,0.12,0,0.03,0.49,0.43,Uncertain
"Avoyelles Parish, LA",22009,Non-core,,,LA,6,40144,,0.009,0,0,0,0,0,34,85,0,0,0.13,,0,30,75,0,0,4317,10754,123,306,0,0,ModerateBurden,,Substantial,Substantial,0.016,530,1320,1,0.99,-0.046,0.42,0,0.01,0.061,374,932,1,0.98,0,0,0,0,0.37,0,0.43,0,0,0,-1,,0,-0.02,0.29,0,0,0,2,40,2,7,1,1,1,1,11320,0.282,9531,0.237,25,0.008,137,0.004,18,0.003,0.0003,-0.0017,-0.0014,131,0.042,48,0.016,11187,0.364,9483,0.309,4292,0.617,3887,0.559,0.1,0.24,0.17,2.5,0.29,0.02,0.01,0.01,0.96,0.96,Uncertain
"Alcorn County, MS",28003,Micropolitan,"Corinth, MS",Micropolitan,MS,4,36953,1,0.012,0,0,0,0,0,34,92,1,2.7,0.06,,0,32,87,0,0,3223,8722,72,195,0,0,Hotspot,,Substantial,Substantial,0.032,132,357,0,1,0.005,-0.16,0,0.01,0.027,158,428,0,0.99,7,5,0,0,0.63,0.02,0.71,0.12,0.13,0.03,-0.12,,-0.1,-0.03,-0.22,-0.05,-0.04,-0.02,1,150,24,28,1,1,1,1,10012,0.271,8104,0.219,15,0.005,118,0.004,23,0.003,0.0027,0.0021,0.0014,114,0.038,58,0.019,9896,0.345,8045,0.281,4281,0.615,3659,0.525,0.15,0.17,0.19,2.5,0.12,0.03,0,0,0.7,0.35,Uncertain
"Eaton County, MI",26045,Medium metro,"Lansing-East Lansing, MI",Metropolitan,MI,5,110268,0.2,0.011,0,0,1045,0.009,0,34,31,0,0,-0.08,,0,37,34,0,0,10125,9182,207,188,0,49,ModerateBurden,,Moderate,Moderate,0.024,1278,1159,1,0.99,-0.018,-0.17,0,0.02,0.042,1538,1395,1,0.97,1,3,1,3,0.33,0.03,,,0,0,-0.75,-0.67,-0.05,-0.02,,,0,0,2,36,0,6,1,1,1,1,50099,0.454,45701,0.414,58,0.007,368,0.004,46,0.002,-0.0011,-0.0021,-0.0006,1261,0.158,1159,0.145,48836,0.558,44542,0.509,16433,0.781,15551,0.739,0.05,0.11,0.19,2.4,0.07,0.06,0,0.02,0.31,0.49,Uncertain
"Bradley County, TN",47011,Small metro,"Cleveland, TN",Metropolitan,TN,4,108110,0.865,0.016,0,0,4156,0.038,0,34,31,0,0,1.12,-1,0,16,15,1,0.9,15226,14084,153,142,0,40,ModerateBurden,,Moderate,Moderate,0.051,546,505,0,0.99,-0.005,-0.39,0,-0.01,0.056,889,822,0,1,6,3,0,0,0.59,0.04,0.94,0.08,0.18,0.04,0.2,,-0.04,-0.01,-0.01,0,0.01,0.01,1,218,24,22,1,1,1,1,31652,0.293,26172,0.242,50,0.006,445,0.005,109,0.006,-0.0039,-0.0007,0.0015,524,0.062,180,0.021,31126,0.368,25992,0.308,12062,0.644,10906,0.582,0.12,0.17,0.17,2.6,0.05,0.07,0,0.01,0.69,0.5,Uncertain
"Harford County, MD",24025,Large fringe metro,"Baltimore-Columbia-Towson, MD",Metropolitan,MD,3,255441,0.091,0.042,0.001,0,0,0,0,34,13,3,1.2,-0.36,-0.73,0,53,21,11,4.3,16597,6497,295,115,0,49,ModerateBurden,,Moderate,Moderate,0.013,3451,1351,1,0.96,-0.012,-0.33,0,-0.03,0.025,5134,2010,1,0.99,9,4,20,8,0.92,0.04,0.67,0.03,0.24,0.02,0.28,-0.17,0,0,-0.04,-0.07,-0.02,-0.02,2,246,35,56,1,1,1,1,144338,0.565,125560,0.492,340,0.017,1321,0.007,150,0.004,-0.0851,-0.0097,-0.0027,7282,0.359,3117,0.154,137049,0.689,122441,0.616,37846,0.895,35453,0.838,0.04,0.08,0.17,2.7,0.14,0.05,0,0.03,0.09,0.06,Uncertain
"Monroe County, PA",42089,Small metro,"East Stroudsburg, PA",Metropolitan,PA,3,170271,1,0.013,0.001,1,5550,0.033,0,34,20,3,1.8,-0.46,0.5,0.001,63,37,2,1.2,14731,8652,320,188,0,46,ModerateBurden,,Moderate,Moderate,0.03,1373,806,1,0.92,-0.022,-0.21,0,-0.06,0.052,1734,1018,1,0.98,4,2,4,2,0.83,0.03,0.86,0.03,0.1,0,-0.62,3.14,0.02,-0.05,0.1,-0.05,-0.14,-0.02,2,222,22,24,1,1,1,1,82513,0.485,66709,0.392,470,0.036,1563,0.011,248,0.008,-0.0011,-0.0045,-0.001,3095,0.24,1239,0.096,79417,0.579,65469,0.477,24701,0.814,21665,0.714,0.07,0.12,0.18,2.9,0.14,0.17,0,0.02,0.31,0.68,Uncertain
"Garland County, AR",5051,Small metro,"Hot Springs, AR",Metropolitan,AR,6,99386,1,0.033,0,0,81,0.001,0,34,34,2,2,-0.48,0,0.001,66,66,2,2,10360,10424,263,265,1,3,ModerateBurden,Recent,Moderate,Substantial,0.051,168,169,0,0.98,-0.013,2.82,0,0.01,0.064,44,44,0,0.97,9,2,3,1,0.77,0.04,0.84,0.13,0.39,0,-0.31,-0.25,0.01,0.01,0.05,0.09,-0.03,-0.01,4,430,49,50,1,1,1,1,35028,0.352,28038,0.282,77,0.011,310,0.004,62,0.003,0.0004,-0.0004,0,818,0.119,409,0.06,34177,0.429,27626,0.347,17166,0.711,14093,0.584,0.11,0.19,0.24,2.4,0.09,0.06,0.01,0.01,0.83,0.56,Uncertain
"Bladen County, NC",37017,Non-core,,,NC,4,32722,,0.003,0,0,0,0,0,34,104,0,0,1.12,,0,16,49,0,0,3366,10287,42,128,0,7,ModerateBurden,,High,Moderate,0.11,137,419,1,0.99,0.04,-0.3,0,0.01,0.071,195,596,1,0.99,2,7,1,4,0.57,0,0,0,0,0,1,-0.5,0,0,-0.25,-0.21,0,0,1,27,4,3,1,1,1,1,9202,0.281,7098,0.217,11,0.004,50,0.002,8,0.001,-0.002,-0.0032,-0.002,140,0.056,72,0.029,9060,0.347,7025,0.269,4742,0.636,3766,0.505,0.14,0.26,0.23,2.4,0.33,0.08,0.02,0,0.94,0.99,Uncertain
"El Dorado County, CA",6017,Large fringe metro,"Sacramento-Roseville-Folsom, CA",Metropolitan,CA,9,192843,0.082,0.005,0.001,0,534,0.003,0,34,18,2,1,0.13,,0,30,16,0,0,10330,5357,115,60,0,28,ModerateBurden,,Moderate,Moderate,,1529,793,,,,-0.45,,,0.023,2805,1455,,,13,12,1,1,0.81,0.03,0.84,0.12,0.06,0,5.14,-0.05,0.02,0,0.02,0.05,0.02,0,2,113,16,39,1,1,1,1,95183,0.494,81633,0.423,374,0.026,1003,0.006,124,0.003,-0.0046,-0.004,-0.0016,4188,0.289,2004,0.138,90813,0.587,79594,0.514,32529,0.769,29229,0.691,0.05,0.09,0.22,2.7,0.01,0.13,0.01,0.05,0.18,0.19,Uncertain
"Spalding County, GA",13255,Large fringe metro,"Atlanta-Sandy Springs-Alpharetta, GA",Metropolitan,GA,4,66703,0.011,0.006,0,0,0,0,0,34,51,3,4.5,0.03,-0.25,0,33,49,4,6,6444,9661,198,297,0,18,ModerateBurden,,Substantial,Moderate,0.063,368,552,0,0.97,-0.007,-0.21,0,0.03,0.07,465,697,0,0.94,14,10,7,5,0.73,0.09,0.97,0.11,0.37,0.05,-0.2,-0.55,-0.05,-0.04,-0.03,0.01,-0.04,-0.17,1,137,13,19,1,1,1,1,4478,0.067,4355,0.065,85,0.016,431,0.008,71,0.006,0.0078,0.001,-0.0005,162,0.031,61,0.012,4316,0.085,4294,0.084,1916,0.157,1833,0.151,0.16,0.22,0.18,2.6,0.34,0.05,0,0.01,0.87,0.86,Likely Decreasing
"Limestone County, AL",1083,Medium metro,"Huntsville, AL",Metropolitan,AL,4,98915,0.21,0.02,0,0,0,0,0,34,34,0,0,1.27,-1,0,15,15,2,2,10152,10263,156,158,0,13,ModerateBurden,,Moderate,Moderate,0.062,552,558,0,1,0.036,-0.16,0,0,0.027,654,661,0,1,1,1,0,0,0.47,0.01,0.5,0.1,0.15,0,0,,-0.08,0,-0.13,0,0.02,0,2,110,10,24,1,1,1,1,25569,0.258,22247,0.225,3,0,59,0.001,6,0,-0.0004,-0.0008,-0.0006,262,0.033,119,0.015,25307,0.329,22128,0.288,9663,0.641,8992,0.596,0.1,0.14,0.15,2.8,0.14,0.06,0.01,0.02,0.53,0.66,Uncertain
"Peoria County, IL",17143,Medium metro,"Peoria, IL",Metropolitan,IL,5,179179,0.447,0.014,0.001,0,5484,0.031,0,33,18,5,2.8,-0.51,1.5,0.001,67,37,2,1.1,23422,13072,335,187,0,45,ModerateBurden,,Moderate,Moderate,0.015,2577,1438,0,0.99,-0.004,-0.45,0,-0.01,0.019,4672,2607,0,1,32,2,87,7,0.65,0.02,0.59,0.05,0.23,0.03,-0.13,-0.12,-0.03,-0.01,-0.05,-0.02,-0.01,0,4,1290,151,264,1,1,1,1,88263,0.493,71854,0.401,420,0.031,1032,0.008,93,0.003,0.0012,-0.0038,-0.0018,3703,0.27,1697,0.124,84385,0.617,70138,0.513,27369,0.869,24570,0.78,0.06,0.16,0.18,2.4,0.18,0.05,0,0.04,0.61,0.27,Uncertain
"De Soto Parish, LA",22031,Medium metro,"Shreveport-Bossier City, LA",Metropolitan,LA,6,27463,0.07,0.006,0,0,0,0,0,33,120,0,0,0.83,,0,18,66,0,0,2862,10421,78,284,0,0,ModerateBurden,,High,Substantial,0.075,215,783,0,1,0.013,-0.15,0,0,0.061,252,918,0,1,0,0,0,0,0.24,0,,,0,0,,,0.03,0,,,0,0,1,34,0,1,1,1,1,1,7516,0.274,6604,0.24,27,0.012,99,0.005,16,0.003,0.0052,-0.0009,-0.0004,97,0.042,33,0.014,7419,0.354,6571,0.314,3212,0.64,2992,0.596,0.12,0.25,0.18,2.6,0.35,0.03,0.01,0,0.89,0.95,Likely Decreasing
"Washington County, TX",48477,Micropolitan,"Brenham, TX",Micropolitan,TX,6,35882,1,0.001,0,0,0,0,0,33,92,0,0,1.36,-1,0,14,39,1,2.8,4174,11633,94,262,0,9,ModerateBurden,,Substantial,Moderate,0.054,388,1081,1,1,0.026,-0.19,0,0,0.028,480,1338,1,1,2,4,4,9,0.3,0.04,,,0.05,0,,1.06,0.11,0,,,0.03,0,1,46,0,11,1,1,1,1,,,,,,,,,,,,,,,,,,,,,,,,,,0.12,0.14,0.22,2.6,0.17,0.17,0,0.02,0.73,0.81,Likely Decreasing
"Newport County, RI",44005,Large fringe metro,"Providence-Warwick, RI-MA",Metropolitan,RI,1,82082,0.051,0.077,0,0,2185,0.027,0,33,40,0,0,,,0,0,0,0,0,6924,8435,41,50,0,34,ModerateBurdenResolving,,Moderate,Low,0.005,1748,2130,1,1,-0.007,-0.09,0,0,0.012,1921,2340,1,1,1,1,0,0,0.82,0.01,0.6,0,0.05,0,-0.64,,-0.03,-0.01,-0.14,0,-0.04,0,1,99,7,39,1,1,1,1,51865,0.632,47727,0.581,138,0.028,546,0.008,54,0.003,-0.0331,-0.0037,0.0001,2760,0.561,1637,0.333,49100,0.718,46090,0.674,13579,0.727,14718,0.788,0.04,0.09,0.23,2.2,0.04,0.06,0,0.02,0.18,0.05,Likely Decreasing
"Newport News city, VA",51700,Large fringe metro,"Virginia Beach-Norfolk-Newport News, VA-NC",Metropolitan,VA,3,179225,0.101,0.021,0.001,0,4869,0.027,0,33,18,3,1.7,-0.77,0.5,0.001,144,80,2,1.1,14252,7952,233,130,0,6,ModerateBurden,,Moderate,Substantial,0.037,985,550,1,0.93,-0.024,-0.27,0,-0.01,0.061,1350,753,1,0.94,2,0,36,8,0.75,0.02,0.79,0.06,0.2,0.04,-0.67,-0.28,0,0,-0.03,0.02,0,0.01,3,475,78,140,1,1,1,1,51561,0.288,42582,0.238,174,0.014,806,0.006,77,0.003,-0.01,-0.0019,0.0003,1787,0.145,791,0.064,49711,0.361,41785,0.303,12370,0.518,11188,0.468,0.12,0.16,0.13,2.5,0.41,0.09,0,0.03,0.82,0.48,Uncertain
"Cole County, MO",29051,Small metro,"Jefferson City, MO",Metropolitan,MO,7,76745,0.507,0.013,0,0,1730,0.023,0,33,43,2,2.6,0,,0,33,43,0,0,9202,11990,129,168,0,0,ModerateBurden,,Moderate,Moderate,0.062,581,757,0,0.99,0,-0.21,0,-0.01,0.062,733,955,0,1,6,3,19,10,0.65,0.03,0.59,0.12,0.23,0.08,1.01,0,-0.03,0.02,0.08,0.09,0.12,0.07,2,184,22,26,1,1,1,1,31575,0.411,27875,0.363,114,0.019,296,0.005,34,0.003,-0.0012,-0.0003,0.0005,826,0.138,353,0.059,30747,0.514,27522,0.46,10991,0.827,10160,0.764,0.09,0.11,0.17,2.4,0.12,0.03,0,0.01,0.26,0.14,Uncertain
"Sumner County, TN",47165,Large fringe metro,"Nashville-Davidson--Murfreesboro--Franklin, TN",Metropolitan,TN,4,191283,0.099,0.028,0.001,0,242,0.001,0,33,17,2,1,-0.31,1,0,48,25,1,0.5,24338,12724,352,184,0,39,ModerateBurden,,Moderate,Moderate,0.026,574,300,1,0.99,-0.016,-0.43,0,0,0.042,1005,525,1,0.99,3,1,3,1,0.49,0.01,0.57,0.03,0.13,0.01,-0.4,-0.5,-0.03,-0.01,-0.03,-0.05,-0.01,-0.01,2,366,56,52,1,1,1,1,66021,0.345,53692,0.281,156,0.01,599,0.004,66,0.002,-0.0061,-0.0022,-0.0013,1649,0.105,682,0.044,64366,0.439,53010,0.362,22386,0.721,19491,0.628,0.09,0.09,0.16,2.7,0.08,0.05,0,0.02,0.21,0.45,Uncertain
"Fremont County, CO",8043,Micropolitan,"Cañon City, CO",Micropolitan,CO,8,47839,1,0.008,0,0,0,0,0,33,69,0,0,-0.62,-1,0.001,86,180,4,8.4,6476,13537,62,130,0,25,ModerateBurdenResolving,,Substantial,High,0.019,2698,5640,1,1,0.002,-0.28,0,0,0.017,3737,7812,1,1,5,14,5,14,0.62,0.12,0.79,0.43,0,0,0.67,0.25,0,0.05,0,0.29,0,0,1,37,4,6,1,1,1,1,9683,0.202,10365,0.217,34,0.012,210,0.005,35,0.003,0.004,-0.0012,-0.0014,191,0.069,105,0.038,9484,0.236,10260,0.256,2197,0.207,3858,0.364,0.07,0.15,0.22,2.1,0.04,0.13,0.01,0.01,0.65,0.45,Uncertain
"Lenawee County, MI",26091,Micropolitan,"Adrian, MI",Micropolitan,MI,5,98451,1,0.01,0,0,3061,0.031,0,33,34,2,2,0.32,0,0,25,25,2,2,9349,9496,164,167,0,41,ModerateBurdenResolving,,Moderate,Moderate,0.007,3079,3127,0,0.99,-0.007,-0.09,0,0,0.014,3400,3453,0,0.99,4,7,11,19,0.54,0.04,0.71,0.01,0,0,-0.33,0.38,-0.08,-0.04,0,-0.1,-0.17,0,2,58,10,6,0.5,0.5,1,0.5,38638,0.392,35029,0.356,47,0.006,304,0.004,55,0.003,-0.0059,-0.0018,-0.0004,1028,0.137,527,0.07,37610,0.482,34502,0.442,14858,0.776,14091,0.736,0.06,0.12,0.19,2.4,0.03,0.08,0,0,0.41,0.44,Uncertain
"White County, AR",5145,Micropolitan,"Searcy, AR",Micropolitan,AR,6,78753,1,0.026,0,0,4380,0.056,0,33,42,1,1.3,-0.08,,0,36,46,0,0,8166,10369,121,154,0,9,ModerateBurden,,Moderate,Moderate,0.076,123,156,0,0.99,0.024,2,0,0.02,0.053,41,52,0,0.97,3,1,0,0,0.75,0.01,0.59,0.03,0.12,0.01,-0.7,,-0.04,-0.01,-0.05,-0.04,-0.04,-0.01,2,263,39,28,1,1,1,1,25437,0.323,21322,0.271,46,0.007,351,0.006,28,0.002,-0.0019,-0.0016,-0.0033,459,0.072,261,0.041,24960,0.412,21061,0.347,9507,0.721,8709,0.66,0.09,0.17,0.17,2.6,0.05,0.04,0.01,0.01,0.74,0.54,Uncertain
"Imperial County, CA",6025,Small metro,"El Centro, CA",Metropolitan,CA,9,181215,1,0.005,0.001,0,0,0,0,32,18,2,1.1,-0.8,1,0.001,158,87,1,0.6,28764,15873,738,407,0,4,ModerateBurden,,Moderate,Substantial,,2385,1316,,,,-0.45,,,0.018,4324,2386,,,3,1,0,0,0.61,0.02,0.65,0.03,0.05,0,-0.25,-1,0.06,-0.01,-0.07,-0.01,0,0,2,220,20,150,1,1,1,1,102288,0.564,76751,0.424,704,0.042,2323,0.018,109,0.005,-0.0356,-0.0033,-0.0045,6927,0.416,2783,0.167,95060,0.733,73934,0.57,20430,0.846,16761,0.694,0.09,0.24,0.13,3.9,0.02,0.85,0.01,0.01,1,0.92,Uncertain
"Chesapeake city, VA",51550,Large fringe metro,"Virginia Beach-Norfolk-Newport News, VA-NC",Metropolitan,VA,3,244835,0.138,0.029,0.001,0,0,0,0,32,13,1,0.4,-0.61,-0.67,0.001,82,33,3,1.2,21129,8630,302,123,0,44,ModerateBurden,,Moderate,Moderate,0.029,1227,501,1,0.97,-0.02,-0.31,0,-0.02,0.049,1790,731,1,0.98,0,0,0,0,0.87,0.03,0.91,0.13,0.14,0.03,-1,-1,0.02,-0.01,0.03,0.01,0,0.02,1,310,28,70,1,1,1,1,27652,0.113,22538,0.092,133,0.006,537,0.003,46,0.001,-0.0114,-0.0009,-0.001,1389,0.067,554,0.027,26204,0.141,21978,0.118,6238,0.185,5587,0.166,0.08,0.09,0.14,2.8,0.3,0.07,0,0.03,0.26,0.23,Uncertain
"Chelan County, WA",53007,Small metro,"Wenatchee, WA",Metropolitan,WA,10,77200,0.64,0.01,0,0,2397,0.031,0,32,41,0,0,-0.06,,0,34,44,0,0,6829,8846,66,85,0,46,ModerateBurden,,Moderate,Moderate,0.034,194,251,,,-0.002,-0.18,,,0.036,238,308,,,11,6,0,0,0.87,0.07,0.92,0.1,0.07,0,0.86,,-0.01,0,0.02,-0.06,0.01,-0.02,4,173,13,59,1,1,1,1,43172,0.559,37165,0.481,115,0.019,614,0.01,51,0.003,-0.0375,-0.0009,-0.0006,1940,0.325,817,0.137,41229,0.695,36348,0.613,13366,0.881,12406,0.818,0.09,0.12,0.2,2.7,0.01,0.28,0.01,0.01,0.68,0.38,Uncertain
"Lee County, NC",37105,Micropolitan,"Sanford, NC",Micropolitan,NC,4,61779,1,0.006,0,0,0,0,0,32,52,2,3.2,0.1,,0,29,47,0,0,6117,9901,81,131,0,25,ModerateBurden,,Substantial,Moderate,0.044,533,863,1,0.98,-0.023,-0.02,0,-0.01,0.067,543,879,1,0.99,3,6,0,0,0.83,0.01,0.66,0,0.24,0,2,,0.06,-0.01,-0.06,0,0.02,0,1,50,5,6,1,1,1,1,24195,0.392,20647,0.334,70,0.014,176,0.004,13,0.001,-0.0046,-0.0058,-0.004,702,0.14,351,0.07,23486,0.498,20296,0.431,8337,0.801,7711,0.741,0.14,0.16,0.17,2.7,0.19,0.2,0.01,0.01,0.85,0.92,Uncertain
"Delaware County, IN",18035,Small metro,"Muncie, IN",Metropolitan,IN,5,114135,1,0.017,0,1,15926,0.14,0,32,28,5,4.4,-0.42,,0,55,48,0,0,10920,9568,194,170,0,23,ModerateBurden,,Moderate,Moderate,0.044,818,717,1,0.99,-0.018,-0.17,0,0.12,0.062,983,861,1,0.88,8,2,3,1,0.51,0.02,0.7,0.08,0.26,0.04,-0.33,2,-0.02,-0.02,0.03,-0.07,-0.07,-0.02,2,519,45,70,1,1,1,1,43087,0.378,38079,0.334,210,0.029,771,0.008,79,0.004,0.0098,0.0022,0.001,1206,0.168,534,0.074,41876,0.448,37544,0.402,15470,0.776,14854,0.745,0.09,0.22,0.17,2.4,0.07,0.03,0,0.01,0.57,0.25,Uncertain
"Adams County, PA",42001,Small metro,"Gettysburg, PA",Metropolitan,PA,3,103009,1,0.008,0,0,2600,0.025,0,32,31,3,2.9,-0.29,2,0,45,44,1,1,9599,9319,186,181,0,45,ModerateBurden,,Moderate,Moderate,0.032,774,751,0,0.98,0.007,-0.41,0,0,0.025,1317,1279,0,0.99,1,1,94,128,0.87,0.06,0.98,0.11,0.24,0.17,-0.76,0.25,-0.02,0,0,-0.02,0.07,0,1,73,18,6,1,1,1,1,44870,0.436,38014,0.369,147,0.02,746,0.009,153,0.007,-0.0256,-0.0067,-0.0042,1444,0.194,499,0.067,43424,0.526,37512,0.454,17415,0.801,15781,0.726,0.06,0.09,0.21,2.5,0.02,0.07,0,0.01,0.21,0.42,Likely Decreasing
"Lebanon County, PA",42075,Small metro,"Lebanon, PA",Metropolitan,PA,3,141793,1,0.011,0,0,1746,0.012,0,32,23,3,2.1,-0.71,0.5,0.001,109,77,2,1.4,16146,11387,292,206,0,35,ModerateBurden,,Moderate,Substantial,0.027,1554,1096,0,0.97,-0.028,-0.21,-1,-0.01,0.055,1960,1382,1,0.98,2,1,97,68,0.84,0.07,0.64,0.08,0.12,0.08,-0.34,0.1,0.02,-0.01,-0.04,-0.01,-0.02,-0.02,2,143,26,12,1,0.5,1,1,64333,0.454,53449,0.377,216,0.019,1115,0.01,173,0.006,-0.021,-0.0037,-0.0014,2286,0.205,853,0.076,62046,0.566,52596,0.48,23471,0.833,21204,0.753,0.09,0.1,0.2,2.5,0.02,0.14,0,0.01,0.53,0.45,Uncertain
"St. Charles Parish, LA",22089,Large fringe metro,"New Orleans-Metairie, LA",Metropolitan,LA,6,53100,0.042,0.011,0,0,0,0,0,32,60,0,0,-0.09,,0,35,66,0,0,5555,10461,97,183,0,4,ModerateBurden,,Substantial,Substantial,0.042,637,1200,0,1,-0.006,0.28,0,0,0.048,497,936,0,1,0,0,0,0,0.6,0,0.33,0,0,0,-1,,0.07,-0.01,-0.12,-0.02,0,0,1,25,6,19,1,1,1,1,20649,0.389,18623,0.351,79,0.017,312,0.008,30,0.004,-0.0007,-0.0033,-0.0008,544,0.119,277,0.06,20104,0.499,18346,0.456,6215,0.832,6004,0.804,0.08,0.12,0.14,2.8,0.26,0.06,0,0.01,0.35,0.41,Uncertain
"Lincoln County, NC",37109,Large fringe metro,"Charlotte-Concord-Gastonia, NC-SC",Metropolitan,NC,4,86111,0.033,0.008,0,0,0,0,0,32,37,0,0,0.07,,0,30,35,0,0,10247,11900,86,100,0,36,ModerateBurden,,Moderate,Moderate,0.03,761,884,1,0.9,-0.036,-0.24,0,-0.1,0.066,1002,1164,1,1,2,2,5,4,0.58,0.03,0.7,0.16,0.07,0.01,-0.75,-0.55,-0.04,-0.01,0.06,0.04,0.04,0.01,1,113,10,22,1,1,1,1,29408,0.342,26035,0.302,53,0.008,146,0.002,14,0.001,-0.002,-0.0015,-0.0004,622,0.093,334,0.05,28765,0.423,25694,0.378,11400,0.738,10621,0.687,0.1,0.14,0.18,2.5,0.05,0.08,0,0.01,0.36,0.69,Uncertain
"Willacy County, TX",48489,Micropolitan,"Raymondville, TX",Micropolitan,TX,6,21358,1,0.001,0,0,0,0,0,32,150,1,4.7,-0.09,,0,35,164,0,0,3086,14449,89,417,0,30,ModerateBurden,,High,High,0.032,535,2505,1,0.97,-0.01,-0.11,0,-0.01,0.042,599,2805,1,0.99,,,,,,,,,,,,,,,,,,,,,,,,,,,,,,,,,,,,,,,,,,,,,,,,,,,,0.28,0.33,0.14,3.5,0.02,0.89,0,0.01,0.99,0.99,Uncertain
"Rockdale County, GA",13247,Large fringe metro,"Atlanta-Sandy Springs-Alpharetta, GA",Metropolitan,GA,4,90896,0.015,0.009,0,0,0,0,0,32,35,0,0,-0.14,-1,0,37,41,3,3.3,7826,8610,173,190,0,32,ModerateBurden,,Moderate,Moderate,0.032,640,704,0,0.91,-0.001,-0.27,0,0,0.033,877,965,0,0.91,5,4,1,1,0.71,0.07,0.62,0.11,0.54,0.05,-0.58,,-0.04,-0.01,-0.13,-0.06,0.05,0,1,142,18,42,1,1,1,1,6944,0.076,6343,0.07,229,0.027,672,0.01,83,0.006,0.0138,0.0001,0.0006,490,0.059,186,0.022,6454,0.094,6157,0.089,2189,0.161,1961,0.144,0.14,0.15,0.15,2.9,0.56,0.1,0,0.02,0.55,0.73,Uncertain
"Fairbanks North Star Borough, AK",2090,Small metro,"Fairbanks, AK",Metropolitan,AK,10,96849,1,0.132,0,0,3237,0.033,0,32,33,0,0,0.28,,0,25,26,0,0,8049,8311,43,44,0,29,ModerateBurden,,Moderate,Moderate,0.01,1647,1701,0,0.99,-0.01,-0.3,0,0,0.02,2355,2432,0,1,4,5,1,1,0.51,0.04,0.62,0.05,0.1,0,0.33,-0.75,-0.06,0.02,-0.01,0,0.09,0,1,81,13,16,1,1,1,1,39546,0.408,33150,0.342,97,0.014,689,0.009,27,0.002,0.0051,-0.0011,0.0004,1592,0.237,941,0.14,37882,0.513,32190,0.436,7873,0.727,7400,0.683,0.1,0.08,0.11,2.6,0.05,0.08,0.08,0.03,0.34,0.06,Likely Decreasing
"Dunklin County, MO",29069,Micropolitan,"Kennett, MO",Micropolitan,MO,7,29131,1,0.005,0,0,0,0,0,32,110,0,0,0.23,,0,26,89,0,0,2936,10079,50,172,0,0,ModerateBurden,,High,Substantial,0.024,167,573,2,0.64,-0.025,0.02,1,-0.35,0.049,164,563,1,0.99,,,,,,,,,,,,,,,,,,,,,,,,,,,6584,0.226,5329,0.183,,,85,0.004,12,0.002,-0.0046,-0.0014,-0.0005,46,0.019,11,0.005,6537,0.301,5318,0.245,2904,0.53,2459,0.449,0.15,0.27,0.19,2.4,0.1,0.07,0,0.01,0.96,0.91,Uncertain
"Tallapoosa County, AL",1123,Non-core,"Alexander City, AL",Micropolitan,AL,4,40367,0.791,0.008,0,0,0,0,0,32,79,2,5,0.78,1,0,18,45,1,2.5,4109,10179,155,384,0,28,ModerateBurden,,Substantial,High,0.037,186,461,1,0.98,-0.064,-0.28,0,0,0.101,258,639,1,0.98,0,0,0,0,0.41,0,0.71,0,0.07,0,-1,,-0.03,-0.01,0.02,-0.08,0.07,0,2,75,6,4,1,1,1,1,11544,0.286,9702,0.24,1,0,20,0.001,5,0.001,0.0004,-0.0009,-0.0004,51,0.018,26,0.009,11493,0.358,9676,0.301,5591,0.622,4907,0.546,0.08,0.2,0.22,2.4,0.27,0.03,0,0.01,0.89,0.89,Uncertain
"Stearns County, MN",27145,Small metro,"St. Cloud, MN",Metropolitan,MN,5,161075,0.798,0.029,0,1,11973,0.074,0,32,20,0,0,-0.41,-1,0,54,34,1,0.6,22521,13982,224,139,0,42,ModerateBurden,,Moderate,Moderate,0.012,3298,2047,0,1,-0.006,-0.32,0,0,0.018,4824,2995,0,1,12,3,8,2,0.92,0.04,0.97,0.08,0.2,0.03,0.32,-0.12,0,-0.01,0.01,-0.03,-0.03,-0.02,4,458,42,72,1,1,1,1,74952,0.465,62819,0.39,244,0.02,817,0.007,90,0.004,-0.004,-0.0027,-0.0014,2892,0.232,1732,0.139,71934,0.581,61053,0.494,23900,0.959,20243,0.812,0.04,0.13,0.15,2.5,0.08,0.04,0,0.02,0.39,0.07,Uncertain
"Gregg County, TX",48183,Small metro,"Longview, TX",Metropolitan,TX,6,123945,0.432,0.004,0,0,1376,0.011,0,32,26,2,1.6,-0.46,,0,59,48,0,0,11353,9160,358,289,0,7,ModerateBurden,,Moderate,Moderate,0.045,571,461,1,0.97,0.006,-0.13,0,0,0.039,657,530,1,0.98,2,1,1,0,0.61,0.01,0.86,0.02,0.25,0.01,-0.81,0.05,0.01,-0.01,0.17,-0.06,0.05,0,3,275,44,110,1,1,1,1,,,,,,,,,,,,,,,,,,,,,,,,,,0.19,0.18,0.16,2.6,0.2,0.19,0,0.01,0.88,0.62,Uncertain
"Fond du Lac County, WI",55039,Small metro,"Fond du Lac, WI",Metropolitan,WI,5,103403,1,0.018,0,0,2033,0.02,0,32,31,8,7.7,0.03,0.6,0,31,30,5,4.8,13833,13378,135,131,0,16,ModerateBurden,,Moderate,Moderate,0.03,2223,2150,1,0.99,0.017,0.29,0,-0.01,0.013,1721,1664,1,1,0,0,27,23,0.85,0.01,0.68,0,0.32,0,-1,0.23,0.04,0,0.06,0,0.02,0,2,117,15,14,1,1,1,1,44622,0.432,39476,0.382,95,0.012,559,0.007,54,0.003,-0.0673,-0.0032,-0.0013,1485,0.188,466,0.059,43135,0.53,39009,0.479,16021,0.815,15516,0.79,0.04,0.09,0.19,2.4,0.02,0.05,0,0.02,0.2,0.06,Uncertain
"Midland County, MI",26111,Small metro,"Midland, MI",Metropolitan,MI,5,83156,1,0.008,0,0,1779,0.021,0,32,38,1,1.2,-0.18,-0.5,0,39,47,2,2.4,7544,9072,91,109,0,44,ModerateBurdenResolving,,Moderate,Moderate,0.03,721,867,0,1,-0.006,-0.18,0,0,0.037,883,1062,0,1,9,3,0,0,0.76,0.02,0.53,0.03,0.11,0.02,0.5,,0.01,-0.02,-0.08,-0.02,-0.05,0,1,276,43,40,1,1,1,1,39548,0.476,35797,0.43,39,0.006,221,0.003,21,0.001,-0.0126,-0.003,-0.0011,986,0.154,749,0.117,38560,0.589,35048,0.535,12739,0.811,11938,0.76,0.05,0.11,0.19,2.4,0.01,0.03,0,0.02,0.16,0.08,Uncertain
"Liberty County, TX",48291,Large fringe metro,"Houston-The Woodlands-Sugar Land, TX",Metropolitan,TX,6,88219,0.012,0.003,0,0,0,0,0,32,36,2,2.3,4.33,,0,6,7,0,0,8026,9098,189,214,0,27,ModerateBurden,,Moderate,Moderate,0.067,726,823,1,0.98,0.006,-0.09,0,0,0.061,794,900,1,0.99,0,0,0,0,0.15,0.01,,,0.07,0,-1,,-0.14,-0.03,,,0.07,0,2,16,0,9,1,1,1,1,,,,,,,,,,,,,,,,,,,,,,,,,,0.19,0.15,0.13,2.8,0.09,0.29,0,0.01,0.94,0.82,Uncertain
"Allen Parish, LA",22003,Non-core,,,LA,6,25627,,0.006,0,0,0,0,0,32,125,0,0,2.56,,0,9,35,0,0,3250,12682,92,359,0,0,ModerateBurden,,High,Moderate,0.062,252,983,0,1,0.035,-0.01,0,0,0.027,255,995,0,1,0,0,0,0,0.44,0.01,0,0,0,0,,,-0.16,0.01,-0.11,0,0,0,2,33,1,7,1,1,1,1,6069,0.237,5142,0.201,11,0.006,62,0.003,10,0.003,0,-0.0012,0.001,63,0.033,25,0.013,6006,0.302,5117,0.257,1886,0.483,1595,0.408,0.11,0.19,0.15,2.7,0.22,0.02,0.02,0.01,0.93,0.78,Uncertain
"Taylor County, TX",48441,Small metro,"Abilene, TX",Metropolitan,TX,6,138034,0.802,0.005,0,0,6664,0.048,0,31,22,1,0.7,1.58,0,0,12,9,1,0.7,15846,11480,412,298,0,29,ModerateBurden,,Moderate,Low,0.012,306,222,1,1,-0.028,-0.1,1,0,0.04,341,247,0,1,9,2,17,4,0.92,0.02,0.98,0.04,0.24,0,-0.23,0.59,0,-0.01,0.12,0,0.02,0,3,393,35,127,1,1,1,1,,,,,,,,,,,,,,,,,,,,,,,,,,0.13,0.16,0.15,2.6,0.07,0.25,0,0.02,0.69,0.52,Uncertain
"Pottawatomie County, KS",20149,Small metro,"Manhattan, KS",Metropolitan,KS,7,24383,0.187,0.008,0,0,0,0,0,31,127,0,0,1.58,-1,0,12,49,1,4.1,1950,7997,31,127,0,0,ModerateBurden,,High,High,0.098,60,246,0,1,-0.034,-0.39,-1,0,0.132,98,402,1,1,0,0,0,0,0.29,0,,,0,0,-1,-1,-0.01,-0.01,,,0,0,2,41,0,3,1,1,1,1,7434,0.305,6483,0.266,18,0.008,37,0.002,7,0.002,-0.0088,-0.0031,-0.0006,219,0.092,85,0.036,7213,0.416,6398,0.369,2446,0.686,2315,0.649,0.05,0.1,0.15,2.7,0.01,0.05,0.01,0.01,0.15,0.15,Uncertain
"Jackson County, WV",54035,Non-core,"Charleston, WV",Metropolitan,WV,3,28576,0.111,0.016,0,0,0,0,0,31,108,0,0,0.94,,0,16,56,0,0,2218,7762,61,213,0,22,ModerateBurdenResolving,,High,High,0.075,243,850,1,0.98,-0.094,-0.28,0,0.15,0.168,339,1186,1,0.84,0,0,0,0,0.54,0.08,,,0,0,-1,-1,-0.07,0.01,,,0,0,1,25,0,5,1,1,1,1,4893,0.171,3734,0.131,14,0.006,99,0.004,16,0.003,-0.059,-0.004,-0.0022,288,0.132,64,0.029,4601,0.204,3668,0.163,1810,0.303,1591,0.267,0.06,0.16,0.21,2.6,0.01,0.01,0,0,0.25,0.16,Uncertain
"Franklin County, KY",21073,Micropolitan,"Frankfort, KY",Micropolitan,KY,4,50991,0.692,0.011,0,0,1129,0.022,0,31,61,8,15.7,1.58,,0,12,24,0,0,4137,8113,56,110,0,0,ModerateBurden,,Substantial,Moderate,0.035,424,832,0,1,0.006,-0.2,0,0,0.03,532,1043,0,1,3,2,0,0,0.41,0.01,0.96,0.1,0.1,0.01,0,,0.01,0,0.1,0,-0.04,-0.01,1,174,10,24,1,1,1,1,31439,0.617,26841,0.526,146,0.04,413,0.01,70,,-0.0442,-0.0029,0,1268,0.351,343,0.095,30170,0.747,26498,0.656,9813,0.999,9074,0.967,0.08,0.12,0.18,2.3,0.1,0.04,0,0.02,0.55,0.52,Likely Decreasing
"McCracken County, KY",21145,Micropolitan,"Paducah, KY-IL",Micropolitan,KY,4,65418,0.68,0.015,0,0,0,0,0,31,47,3,4.6,-0.09,2,0,34,52,1,1.5,6865,10494,131,200,0,11,ModerateBurdenResolving,,Moderate,Substantial,0.029,822,1257,0,0.98,0.003,-0.39,0,-0.02,0.026,1338,2045,0,1,10,2,0,0,0.53,0.02,0.56,0.08,0.15,0.01,0.11,,0,-0.01,-0.15,-0.05,-0.05,-0.02,3,440,57,73,1,1,1,1,27837,0.426,23975,0.366,67,0.014,262,0.005,35,0.003,-0.0053,-0.0037,-0.0033,559,0.114,215,0.044,27278,0.536,23760,0.467,10558,0.793,9685,0.728,0.06,0.16,0.2,2.3,0.11,0.03,0,0.01,0.42,0.29,Likely Decreasing
"Vermilion County, IL",17183,Small metro,"Danville, IL",Metropolitan,IL,5,75758,1,0.006,0,0,0,0,0,31,41,3,4,-0.6,0,0.001,78,103,3,4,9951,13135,139,183,0,16,ModerateBurdenResolving,,Moderate,High,0.021,3120,4118,0,1,0,-0.23,-1,0.05,0.021,4044,5338,1,0.95,6,3,18,10,0.37,0.03,0.21,0.04,0.05,0.02,-0.33,0,-0.02,-0.02,0,-0.05,-0.07,-0.06,3,179,20,18,1,0.67,1,1,23298,0.308,18723,0.247,45,0.008,273,0.005,46,0.003,-0.0023,-0.003,-0.002,522,0.087,132,0.022,22747,0.392,18586,0.32,10405,0.692,9061,0.603,0.06,0.2,0.2,2.4,0.14,0.05,0,0.01,0.81,0.73,Uncertain
"Lincoln County, KY",21137,Micropolitan,"Danville, KY",Micropolitan,KY,4,24549,0.45,0.005,0,0,0,0,0,31,126,5,20.4,2.1,,0,10,41,0,0,2395,9756,58,236,0,0,ModerateBurden,,High,Moderate,0.057,203,827,1,1,0.015,-0.48,0,0.01,0.042,391,1593,1,0.99,0,0,0,0,0.77,0,,,0,0,,,-0.06,-0.02,,,0,0,1,18,0,1,1,1,1,1,7590,0.309,6601,0.269,13,0.007,75,0.004,6,0.001,-0.0347,-0.0028,-0.0035,160,0.082,23,0.012,7430,0.397,6578,0.351,2988,0.647,2819,0.611,0.09,0.24,0.19,2.5,0.02,0.02,0,0,0.71,0.81,Uncertain
"Nicholas County, WV",54067,Non-core,,,WV,3,24496,,0.014,0,0,0,0,0,31,127,1,4.1,0.15,0,0,27,110,1,4.1,1871,7638,21,86,0,12,ModerateBurdenResolving,,High,High,0.048,513,2094,1,0.97,-0.036,-0.31,0,0.03,0.084,743,3033,1,0.94,1,4,0,0,0.87,0.04,0.9,0.13,0,0,-0.76,,-0.01,-0.14,-0.01,-0.18,0,0,1,26,6,9,1,1,1,1,7687,0.314,6165,0.252,25,0.014,89,0.005,21,0.004,-0.0282,-0.0044,-0.0023,234,0.132,85,0.048,7448,0.383,6078,0.312,3222,0.574,2818,0.502,0.06,0.18,0.23,2.4,0.01,0.01,0,0,0.54,0.4,Uncertain
"Kandiyohi County, MN",27067,Micropolitan,"Willmar, MN",Micropolitan,MN,5,43199,1,0.008,0,0,0,0,0,31,72,1,2.3,0.72,,0,18,42,0,0,6654,15403,85,197,0,39,ModerateBurden,,Substantial,Moderate,0.032,816,1889,1,0.99,0.008,-0.5,0,0,0.024,1627,3766,1,0.99,2,6,5,14,0.75,0.02,0.4,0,0,0,1.32,-0.47,-0.17,0.02,-0.15,0,0,0,1,36,1,7,1,1,1,1,18181,0.421,15546,0.36,59,0.016,200,0.006,44,0.005,-0.0003,-0.001,0.0013,479,0.132,252,0.069,17675,0.543,15287,0.47,6947,0.843,6277,0.761,0.05,0.11,0.19,2.5,0.06,0.13,0,0.01,0.41,0.18,Likely Decreasing
"Van Buren County, MI",26159,Medium metro,,,MI,5,75677,,0.008,0,0,0,0,0,31,41,1,1.3,-0.21,-0.5,0,39,52,2,2.6,7112,9398,129,170,0,43,ModerateBurden,,Moderate,Substantial,0.038,992,1311,1,0.99,-0.017,-0.21,0,0,0.055,1258,1662,1,1,0,0,0,0,0.63,0.08,,,0,0,-1,-1,0.14,0.03,,,0,0,2,24,0,7,1,1,1,1,32261,0.426,29765,0.393,24,0.004,265,0.005,23,0.002,-0.0048,-0.0019,-0.0022,647,0.106,535,0.088,31612,0.543,29230,0.502,11076,0.784,10528,0.745,0.08,0.15,0.19,2.6,0.04,0.12,0.01,0.01,0.66,0.9,Uncertain
"Lassen County, CA",6035,Micropolitan,"Susanville, CA",Micropolitan,CA,9,30573,1,0.001,0,0,0,0,0,31,101,0,0,2.1,,0,10,33,0,0,5767,18863,24,79,0,0,ModerateBurden,,High,Moderate,,0,0,,,,,,,,0,0,,,3,11,4,15,0.27,0.07,,,0,0,0.5,1,-0.08,0.03,,,0,0,1,27,0,5,1,1,1,1,8386,0.274,7544,0.247,3,0.002,116,0.005,25,0.005,-0.0087,-0.0004,-0.0006,124,0.072,63,0.036,8259,0.327,7481,0.296,3377,0.713,3084,0.651,0.06,0.14,0.15,2.2,0.08,0.19,0.03,0.01,0.6,0.39,Uncertain
"Clearfield County, PA",42033,Micropolitan,"DuBois, PA",Micropolitan,PA,3,79255,1,0.006,0,0,0,0,0,31,39,1,1.3,-0.44,0,0,55,69,1,1.3,8617,10873,148,187,0,53,ModerateBurden,,Moderate,Substantial,0.042,640,808,0,0.99,-0.022,-0.46,-1,0.01,0.064,1181,1490,1,0.98,6,4,0,0,0.78,0.05,0.86,0.1,0.22,0.02,-0.12,,-0.06,0.01,-0.03,0.01,0.04,-0.02,2,139,26,28,1,1,1,1,33164,0.418,29075,0.367,36,0.007,477,0.007,83,0.005,-0.0184,-0.0029,-0.0018,522,0.1,221,0.042,32639,0.503,28854,0.445,12871,0.775,11814,0.711,0.06,0.15,0.21,2.4,0.03,0.03,0,0.01,0.61,0.28,Uncertain
"Indiana County, PA",42063,Micropolitan,"Indiana, PA",Micropolitan,PA,3,84073,1,0.007,0,1,9377,0.112,0,31,37,1,1.2,-0.52,0,0.001,64,76,1,1.2,6379,7587,177,211,0,25,ModerateBurden,,Moderate,Substantial,0.02,815,969,1,0.95,-0.029,-0.11,0,-0.02,0.049,919,1093,1,0.97,4,3,1,1,0.66,0.05,0.55,0.15,0.03,0,-0.2,-0.67,0.12,0.02,0.12,0.07,0,0,1,130,12,21,1,1,1,1,32719,0.389,28056,0.334,81,0.015,467,0.007,55,0.003,-0.0009,-0.0023,-0.0007,731,0.137,350,0.066,31984,0.464,27705,0.401,13451,0.8,11864,0.705,0.09,0.17,0.2,2.4,0.03,0.01,0,0.01,0.55,0.43,Uncertain
"Stone County, MO",29209,Micropolitan,,,MO,7,31952,,0.005,0,0,0,0,0,31,97,0,0,0.63,-1,0,19,59,1,3.1,2514,7868,47,147,0,0,ModerateBurden,,High,Substantial,0.105,212,663,0,1,0.029,-0.19,0,0,0.075,262,820,0,1,,,,,,,,,,,,,,,,,,,,,,,,,,,9245,0.289,8115,0.254,13,0.007,86,0.003,12,0.001,-0.0025,0.0006,-0.0004,100,0.051,47,0.024,9145,0.342,8068,0.302,5183,0.513,4760,0.471,0.1,0.13,0.32,2.4,0,0.02,0.01,0,0.35,0.62,Uncertain
"Jackson County, FL",12063,Non-core,,,FL,4,46414,,0.002,0,0,1137,0.024,0,31,67,0,0,0.19,,0,26,56,0,0,6331,13640,158,340,0,0,ModerateBurden,,Substantial,Substantial,0.031,308,664,,,0.009,-0.43,,,0.022,544,1172,,,4,4,0,0,0.46,0.03,0.84,0.12,0.24,0.06,-0.2,,0.08,0,0.18,0.12,0.06,0.06,1,100,7,15,1,1,1,1,15553,0.335,12608,0.272,8,0.003,95,0.003,17,0.002,-0.0026,-0.0035,-0.0034,69,0.022,23,0.007,15480,0.411,12584,0.334,6933,0.724,5813,0.607,0.11,0.21,0.21,2.4,0.26,0.05,0.01,0.01,0.96,0.94,Likely Decreasing
"Adams County, MS",28001,Micropolitan,"Natchez, MS-LA",Micropolitan,MS,4,30693,0.614,0.01,0,0,0,0,0,31,101,2,6.5,2.1,,0,10,33,0,0,3029,9869,84,274,0,14,ModerateBurdenResolving,,High,Moderate,0.054,34,111,1,0.97,0.054,0.17,0,0,0,29,94,1,0.97,13,24,0,0,0.77,0.01,0.88,0,0.05,0,3.33,,0,0.01,-0.05,0,-0.01,0,1,54,4,11,1,1,1,1,11263,0.367,8681,0.283,65,0.031,145,0.006,25,0.004,0.0261,0.0045,0.0025,129,0.062,29,0.014,11133,0.453,8652,0.352,4625,0.77,3777,0.629,0.15,0.34,0.2,2.6,0.53,0.1,0,0.01,0.99,0.57,Uncertain
"Madison County, ID",16065,Micropolitan,"Rexburg, ID",Micropolitan,ID,10,39907,0.753,0.022,0,1,18335,0.459,0,31,78,0,0,0.29,,0,24,60,0,0,7308,18313,28,70,0,5,ModerateBurden,,Substantial,High,0.073,164,411,0,1,-0.08,-0.31,0,0,0.152,236,591,0,1,0,0,0,0,0.35,0,0.39,0,0,0,,,-0.02,0,0.07,0,0,0,1,56,4,15,1,1,1,1,14037,0.352,10923,0.274,2,0.001,309,0.011,12,0.004,0.0006,-0.0242,-0.0021,9,0.003,1,0,14028,0.48,10922,0.374,2426,0.858,2217,0.784,0.07,0.3,0.07,3.6,0.01,0.08,0,0.01,0.4,0.15,Uncertain
"Santa Cruz County, CA",6087,Medium metro,"Santa Cruz-Watsonville, CA",Metropolitan,CA,9,273213,1,0.007,0.001,1,19093,0.07,0,31,11,1,0.4,,,0,0,0,0,0,16200,5929,208,76,0,34,ModerateBurden,,Moderate,Low,,4217,1543,,,,-0.44,,,0.005,7495,2743,,,3,1,1,0,0.63,0.01,0.58,0,0.2,0,0.5,-0.5,0.01,0,-0.01,-0.02,0.1,0,3,327,22,52,1,1,1,1,179054,0.655,145623,0.533,694,0.038,1838,0.008,142,0.003,-0.024,-0.0029,-0.0002,10079,0.555,5292,0.291,168420,0.761,140220,0.634,44653,0.946,35917,0.761,0.06,0.14,0.17,2.7,0.01,0.34,0,0.05,0.54,0.34,Uncertain
"Christian County, IL",17021,Micropolitan,"Taylorville, IL",Micropolitan,IL,5,32304,1,0.003,0,0,0,0,0,31,96,1,3.1,-0.47,,0,58,180,0,0,3833,11865,74,229,0,1,ModerateBurdenResolving,,Substantial,High,0,516,1597,1,0.99,-0.014,-0.31,1,0,0.014,743,2300,0,0.99,2,5,0,0,0.47,0.01,,,0,0,,,-0.06,0.01,,,0,0,2,38,0,8,1,1,1,1,12127,0.375,9764,0.302,36,0.015,178,0.007,38,0.006,0.0021,-0.0022,-0.0005,229,0.098,102,0.044,11886,0.461,9662,0.374,5346,0.818,4492,0.688,0.05,0.13,0.2,2.3,0.02,0.02,0,0.01,0.24,0.32,Uncertain
"Brown County, TX",48049,Micropolitan,"Brownwood, TX",Micropolitan,TX,6,37864,1,0.001,0,0,835,0.022,0,31,82,0,0,1.82,,0,11,29,0,0,4314,11393,120,317,0,0,ModerateBurden,,High,Moderate,0.126,72,190,1,1,0.061,-0.62,0,0.02,0.066,192,507,1,0.98,0,0,0,0,0.88,0,0.7,0,0.07,0,,,0,0,-0.21,0,-0.08,0,1,31,8,27,1,1,1,1,,,,,,,,,,,,,,,,,,,,,,,,,,0.14,0.14,0.2,2.6,0.04,0.23,0,0.01,0.63,0.19,Uncertain
"Rio Grande County, CO",8105,Non-core,,,CO,8,11267,,0.002,0,0,0,0,0,31,275,0,0,4.17,,0,6,53,0,0,875,7766,16,142,0,0,ModerateBurden,,High,Substantial,0.029,391,3470,2,1,-0.005,-0.19,0,0.19,0.034,483,4287,2,0.81,0,0,0,0,0.5,0,,,0,0,,,0.12,0,,,0,0,1,12,0,3,1,1,1,1,3386,0.301,3482,0.309,50,0.054,80,0.009,11,0.005,0.0477,0.0014,0.0004,152,0.165,51,0.055,3228,0.369,3431,0.392,691,0.294,1151,0.49,0.11,0.17,0.21,2.5,0.01,0.44,0.01,0,0.96,0.76,Uncertain
"Polk County, OR",41053,Medium metro,"Salem, OR",Metropolitan,OR,10,86085,0.198,0.02,0,0,4171,0.048,0,31,36,2,2.3,-0.06,,0,33,38,0,0,3909,4541,55,64,0,27,ModerateBurden,,Moderate,Moderate,0.047,781,907,1,0.98,-0.005,-0.09,0,-0.01,0.052,855,993,1,0.99,0,0,0,0,0.88,0,,,0,0,,,0,0,,,0,0,1,6,0,3,1,1,1,1,42697,0.496,37437,0.435,169,0.025,551,0.008,59,0.004,-0.0235,-0.0072,-0.0036,2118,0.307,1015,0.147,40495,0.606,36402,0.544,13191,0.829,12626,0.793,0.06,0.14,0.18,2.7,0.01,0.14,0.02,0.02,0.58,0.65,Uncertain
"Charles County, MD",24017,Large fringe metro,"Washington-Arlington-Alexandria, DC-VA-MD-WV",Metropolitan,MD,3,163257,0.026,0.027,0,0,0,0,0,31,19,1,0.6,-0.47,-0.93,0,59,36,14,8.6,10892,6672,211,129,0,50,ModerateBurden,,Moderate,Moderate,0.021,2315,1418,1,0.97,-0.008,-0.26,0,-0.03,0.029,3114,1907,1,0.99,3,3,2,2,0.8,0.06,0.95,0.13,0.09,0.02,-0.66,-0.71,0.03,-0.01,-0.01,-0.03,0.03,0.01,1,103,8,25,1,1,1,1,80724,0.494,68907,0.422,289,0.021,896,0.007,88,0.004,-0.0491,-0.0103,-0.0056,3987,0.285,1592,0.114,76734,0.617,67314,0.541,18631,0.887,17387,0.828,0.04,0.06,0.13,2.8,0.49,0.06,0.01,0.03,0.17,0.13,Uncertain
"Calcasieu Parish, LA",22019,Small metro,"Lake Charles, LA",Metropolitan,LA,6,203436,0.967,0.044,0.001,1,5930,0.029,0,31,15,3,1.5,-0.64,,0.001,85,42,0,0,22859,11236,442,217,0,75,ModerateBurden,,Moderate,Moderate,0.024,1115,548,1,0.99,-0.015,-0.22,1,-0.01,0.039,1429,702,0,0.99,4,1,2,0,0.66,0.02,0.7,0.08,0.19,0.01,-0.43,-0.75,-0.02,0,0.02,0.01,0.03,0,7,473,53,112,1,1,1,1,57274,0.282,49126,0.241,152,0.009,803,0.005,117,0.004,0.0021,-0.0004,0.0003,928,0.056,394,0.024,56346,0.369,48732,0.319,21037,0.679,19228,0.621,0.11,0.17,0.15,2.5,0.26,0.04,0,0.01,0.74,0.41,Uncertain
"Karnes County, TX",48255,Non-core,,,TX,6,15601,,0.001,0,0,0,0,0,30,192,0,0,-0.5,,0,60,385,0,0,2298,14730,37,237,0,3,ModerateBurdenResolving,,High,High,0.024,50,320,1,1,0.01,-0.84,1,0.05,0.014,317,2032,0,0.95,0,0,0,0,0,0,,,0,0,,,0,0,,,0,0,1,22,0,8,1,1,1,1,,,,,,,,,,,,,,,,,,,,,,,,,,0.14,0.19,0.14,2.9,0.08,0.56,0,0,0.84,0.81,Likely Decreasing
"Wood County, WV",54107,Small metro,"Parkersburg-Vienna, WV",Metropolitan,WV,3,83518,0.935,0.047,0,0,387,0.005,0,30,36,2,2.4,1,0,0,15,18,2,2.4,7909,9470,175,210,0,16,ModerateBurden,,Moderate,Moderate,0.019,759,909,1,0.99,-0.004,-0.06,0,0.02,0.023,811,971,1,0.97,4,2,0,0,0.78,0.05,0.7,0.27,0.15,0.07,-0.5,,0.03,0,-0.11,0.05,-0.12,0,1,259,18,38,1,1,1,1,29443,0.353,24231,0.29,77,0.013,1133,0.017,243,0.014,0,0.0079,0.0077,1063,0.174,379,0.062,28370,0.429,23846,0.361,11899,0.681,10630,0.609,0.06,0.17,0.21,2.4,0.01,0.01,0,0.01,0.37,0.29,Uncertain
"Cabell County, WV",54011,Medium metro,"Huntington-Ashland, WV-KY-OH",Metropolitan,WV,3,91945,0.258,0.051,0,1,9588,0.104,0,30,33,1,1.1,0.67,0,0,18,20,1,1.1,8824,9597,174,189,0,14,ModerateBurden,,Moderate,Moderate,0.016,1248,1357,1,0.97,-0.009,-0.26,0,0.03,0.025,1686,1834,1,0.95,11,1,3,0,0.84,0.01,0.81,0.02,0.37,0.01,-0.41,-0.62,-0.02,0,0.11,0,0.03,0.01,4,737,108,125,1,0.75,1,1,20746,0.226,15574,0.169,65,0.011,334,0.005,68,0.004,-0.0077,-0.0033,-0.0002,1104,0.181,397,0.065,19627,0.266,15167,0.205,6176,0.346,5312,0.297,0.07,0.23,0.19,2.3,0.05,0.01,0,0.01,0.62,0.33,Uncertain
"Carver County, MN",27019,Large fringe metro,"Minneapolis-St. Paul-Bloomington, MN-WI",Metropolitan,MN,5,105089,0.029,0.019,0,0,1043,0.01,0,30,29,1,1,-0.06,,0,32,30,0,0,10636,10121,47,45,0,48,ModerateBurden,,Moderate,Moderate,0.027,2060,1960,1,0.99,0.008,-0.23,0,0,0.018,2680,2550,1,1,5,5,10,10,0.61,0.04,0.82,0,0.06,0,0,0.11,0,0.01,-0.02,0,0.06,0,1,100,8,5,1,1,1,1,56797,0.54,47933,0.456,264,0.026,480,0.006,44,0.003,-0.0343,-0.0036,-0.0004,3859,0.384,1820,0.181,52717,0.681,46081,0.595,11694,0.883,10705,0.808,0.03,0.04,0.13,2.8,0.02,0.04,0,0.03,0.01,0.01,Uncertain
"Douglas County, NV",32005,Micropolitan,"Gardnerville Ranchos, NV",Micropolitan,NV,9,48905,1,0.016,0,0,0,0,0,30,61,0,0,1.73,-1,0,11,22,1,2,2948,6028,36,74,0,12,ModerateBurden,,High,Moderate,0.107,193,395,1,0.98,0.074,-0.19,0,0,0.033,239,489,1,0.97,1,4,0,0,0.63,0.03,0.32,0.05,0,0,0,,-0.07,0.01,0.09,0.05,0,0,1,23,7,5,1,1,1,1,21815,0.446,19395,0.397,25,0.008,174,0.004,23,0.002,-0.0471,-0.004,-0.0028,495,0.161,126,0.041,21319,0.519,19268,0.469,10198,0.703,9564,0.66,0.1,0.09,0.3,2.3,0.01,0.13,0.02,0.02,0.18,0.25,Uncertain
"Rock County, WI",55105,Small metro,"Janesville-Beloit, WI",Metropolitan,WI,5,163354,1,0.028,0,0,1228,0.008,0,30,18,2,1.2,-0.66,-0.33,0.001,88,54,3,1.8,18331,11222,204,125,0,31,ModerateBurden,,Moderate,Substantial,0.016,2162,1324,1,1,-0.01,-0.27,0,0,0.027,2982,1825,1,1,5,2,10,4,0.64,0.03,0.51,0.07,0.18,0.04,-0.68,-0.16,-0.03,-0.01,-0.03,0,0.01,0,4,276,41,39,1,1,1,1,90164,0.552,76909,0.471,316,0.024,1117,0.009,106,,-0.0158,-0.0037,0,3590,0.27,1184,0.089,86566,0.687,75725,0.601,29037,0.999,27340,0.98,0.06,0.14,0.17,2.5,0.05,0.09,0,0.01,0.46,0.14,Uncertain
"Reeves County, TX",48389,Micropolitan,"Pecos, TX",Micropolitan,TX,6,15976,0.99,0.001,0,0,0,0,0,30,188,1,6.3,29,,0,1,6,0,0,1920,12018,44,275,0,16,ModerateBurdenResolving,,High,High,0.027,45,282,0,0.92,-0.091,-0.21,0,-0.06,0.118,57,357,0,0.98,1,4,0,0,0.3,0.02,0,0,0,0,,,0.14,0.02,0,0,0,0,1,25,2,9,1,1,1,1,,,,,,,,,,,,,,,,,,,,,,,,,,0.2,0.12,0.12,3.5,0.05,0.75,0,0.01,0.78,0.86,Uncertain
"Daviess County, KY",21059,Small metro,"Owensboro, KY",Metropolitan,KY,4,101511,0.85,0.023,0,0,1555,0.015,0,30,30,3,3,-0.35,0,0,46,45,3,3,10941,10778,192,189,0,27,ModerateBurden,,Moderate,Moderate,0.04,675,665,0,0.97,-0.02,-0.03,0,-0.01,0.059,694,684,0,0.98,4,1,0,0,0.42,0.01,0.83,0.09,0.29,0.05,-0.6,,0.02,0,-0.04,-0.02,-0.02,-0.04,1,454,32,30,1,1,1,1,42019,0.414,36613,0.361,106,0.013,497,0.006,54,0.003,-0.0039,-0.002,-0.0008,1205,0.146,478,0.058,40813,0.531,36135,0.47,14100,0.804,12931,0.737,0.04,0.16,0.17,2.4,0.05,0.03,0,0.02,0.62,0.3,Uncertain
"Fremont County, WY",56013,Micropolitan,"Riverton, WY",Micropolitan,WY,8,39261,1,0.068,0,0,0,0,0,30,76,0,0,0.76,,0,17,43,0,0,5263,13405,84,214,0,0,ModerateBurden,,Substantial,Moderate,0.012,976,2486,2,0.99,-0.009,-0.07,0,0,0.021,1050,2674,2,0.99,0,0,3,2,0.15,0.01,0.39,0.04,0,0,-1,-0.5,0,0,-0.11,0.03,0,0,1,146,10,10,1,1,1,1,17514,0.446,14640,0.373,75,0.022,179,0.006,22,0.003,-0.0042,0.0012,0.0012,550,0.163,200,0.059,16959,0.58,14440,0.494,6171,0.835,5616,0.76,0.18,0.14,0.19,2.6,0.01,0.07,0.2,0,0.56,0.33,Uncertain
"Clinton County, IN",18023,Micropolitan,"Frankfort, IN",Micropolitan,IN,5,32399,1,0.005,0,0,0,0,0,30,93,2,6.2,0.07,,0,28,86,0,0,4369,13485,55,170,0,0,ModerateBurden,,High,High,0.136,205,633,1,0.98,0.013,-0.33,0,0.06,0.123,304,938,1,0.92,1,6,0,0,0.27,0.09,,,0,0,-0.8,,-0.07,-0.02,,,0,0,1,18,0,2,1,1,1,1,11579,0.357,9958,0.307,35,0.012,129,0.005,5,0.001,-0.0122,-0.0034,-0.0013,262,0.089,75,0.025,11316,0.473,9883,0.413,4355,0.801,4152,0.763,0.11,0.13,0.17,2.6,0.01,0.16,0,0,0.57,0.76,Uncertain
"Yolo County, CA",6113,Large fringe metro,"Sacramento-Roseville-Folsom, CA",Metropolitan,CA,9,220500,0.093,0.006,0.001,1,36919,0.167,0,30,14,0,0,-0.45,,0,55,25,0,0,14089,6390,210,95,0,25,ModerateBurden,,Moderate,Moderate,,8498,3854,,,,-0.5,,,0.003,17167,7785,,,1,1,4,3,0.79,0.01,0.74,0.01,0.02,0,-0.5,0,0.02,-0.01,0.03,-0.05,-0.02,-0.01,2,124,13,47,1,1,1,1,124802,0.566,101490,0.46,465,0.029,1307,0.007,91,0.003,0.0021,-0.0025,-0.0008,7211,0.452,4539,0.285,117201,0.671,96800,0.554,26818,0.941,22080,0.775,0.06,0.2,0.13,2.8,0.02,0.32,0.01,0.15,0.68,0.43,Uncertain
"Tolland County, CT",9013,Large fringe metro,"Hartford-East Hartford-Middletown, CT",Metropolitan,CT,1,150721,0.125,0.042,0,1,24181,0.16,0,30,20,0,0,0.25,,0,24,16,0,0,9609,6375,187,124,0,50,ModerateBurden,,Moderate,Moderate,0.01,1086,721,1,0.99,0.002,-0.4,0,-0.01,0.008,1803,1196,1,1,0,0,0,0,0.46,0,0.33,0,0,0,-1,,-0.04,0,0.04,0,0,0,2,55,7,32,1,1,1,1,85796,0.569,76230,0.506,301,0.03,704,0.006,70,0.003,-0.0478,-0.0038,-0.0007,4317,0.432,2080,0.208,81449,0.653,74140,0.594,23109,0.94,21855,0.889,0.03,0.07,0.16,2.5,0.03,0.06,0,0.05,0.07,0.02,Uncertain
"Sangamon County, IL",17167,Small metro,"Springfield, IL",Metropolitan,IL,5,194672,0.941,0.015,0.001,0,2369,0.012,0,30,15,0,0,-0.49,,0,59,30,0,0,19032,9776,237,122,0,36,ModerateBurden,,Moderate,Moderate,0.007,3586,1842,0,0.99,-0.009,-0.22,0,0,0.016,4618,2372,0,1,8,1,47,5,0.76,0.02,0.59,0.06,0.18,0.02,-0.38,0,-0.01,-0.01,-0.01,-0.03,0.01,0,2,930,130,216,1,1,1,1,105406,0.541,85093,0.437,470,0.031,1118,0.007,125,0.003,-0.0024,-0.0026,-0.0006,4594,0.302,2017,0.133,100577,0.663,83034,0.547,32412,0.905,28279,0.789,0.04,0.15,0.18,2.3,0.13,0.02,0,0.02,0.44,0.27,Uncertain
"Washington County, MD",24043,Medium metro,"Hagerstown-Martinsburg, MD-WV",Metropolitan,MD,3,151049,0.524,0.025,0,0,0,0,0,30,20,0,0,-0.45,-1,0,55,36,47,31.1,14616,9676,328,217,0,52,ModerateBurden,,Moderate,Moderate,0.016,2192,1451,1,0.99,-0.006,-0.32,0,0.01,0.022,3235,2142,1,0.98,8,3,29,11,0.69,0,0.65,0,0.11,0.02,-0.34,-0.32,-0.05,0,-0.05,0,-0.01,0.01,2,274,24,92,1,1,1,1,68193,0.451,59541,0.394,153,0.013,981,0.008,132,0.005,-0.0158,-0.0104,-0.0088,2495,0.217,1374,0.12,65694,0.555,58166,0.492,21710,0.821,20263,0.767,0.06,0.13,0.17,2.5,0.12,0.06,0,0.02,0.61,0.38,Uncertain
"Walton County, FL",12131,Small metro,"Crestview-Fort Walton Beach-Destin, FL",Metropolitan,FL,4,74071,0.26,0.003,0,0,0,0,0,30,41,1,1.4,0.43,,0,21,28,0,0,7937,10715,89,120,0,43,ModerateBurden,,Moderate,Moderate,0.03,353,477,,,0.008,0.09,,,0.022,324,437,,,11,13,0,0,0.7,0.02,0.9,0,0.13,0.08,0.93,,0.22,0.02,0.48,0,0.11,0.05,2,86,6,13,0.5,0.5,1,0.5,26869,0.363,21758,0.294,78,0.016,293,0.005,35,0.002,0.0027,-0.0013,-0.0003,362,0.074,135,0.028,26504,0.449,21623,0.367,11908,0.795,10010,0.668,0.13,0.15,0.2,2.4,0.05,0.06,0.01,0.01,0.58,0.52,Likely Decreasing
"Douglas County, WA",53017,Small metro,"Wenatchee, WA",Metropolitan,WA,10,43429,0.36,0.006,0,0,0,0,0,30,69,2,4.6,1.5,1,0,12,28,1,2.3,3636,8372,25,58,0,0,ModerateBurden,,Substantial,Moderate,0.021,174,401,,,0.012,-0.34,,,0.009,262,603,,,,,,,,,,,,,,,,,,,,,,,,,,,,,20496,0.472,17695,0.407,66,0.017,536,0.017,27,0.003,-0.0185,0.0054,-0.0005,779,0.206,316,0.084,19715,0.611,17379,0.539,5856,0.743,5467,0.693,0.1,0.13,0.18,2.7,0,0.32,0.01,0.01,0.77,0.87,Uncertain
"Isanti County, MN",27059,Large fringe metro,"Minneapolis-St. Paul-Bloomington, MN-WI",Metropolitan,MN,5,40596,0.011,0.007,0,0,0,0,0,30,74,0,0,0.07,,0,28,69,0,0,4386,10804,64,158,0,42,ModerateBurdenResolving,,Substantial,Substantial,0.05,929,2288,1,1,0.005,-0.09,0,0,0.045,1021,2515,1,1,3,11,4,15,0.98,0.07,1,0,0,0,,-0.27,0.03,0,,,0,0,1,27,0,7,1,1,1,1,13590,0.335,10972,0.27,48,0.014,168,0.005,20,0.003,-0.0105,-0.002,-0.0018,454,0.136,246,0.074,13126,0.423,10725,0.345,4945,0.735,4229,0.628,0.04,0.07,0.17,2.6,0.01,0.02,0.01,0.01,0.1,0.11,Likely Decreasing
"McKean County, PA",42083,Micropolitan,"Bradford, PA",Micropolitan,PA,3,40625,1,0.003,0,0,1199,0.03,0,29,71,0,0,-0.06,-1,0,31,76,1,2.5,3800,9354,72,177,0,21,ModerateBurdenResolving,,Substantial,Substantial,0.079,250,615,1,0.9,-0.016,-0.29,0,-0.05,0.095,354,871,1,0.95,0,0,0,0,0.18,0.02,0.43,0,0,0,,,-0.01,0.02,0.11,0,0,0,1,14,5,3,1,1,1,1,18988,0.467,10936,0.269,40,0.014,348,0.011,49,0.006,0.0054,0.0027,0.0028,359,0.121,65,0.022,18628,0.572,10870,0.334,6527,0.801,4259,0.523,0.05,0.17,0.2,2.3,0.02,0.02,0,0.01,0.55,0.42,Likely Decreasing
"Lawrence County, OH",39087,Medium metro,"Huntington-Ashland, WV-KY-OH",Metropolitan,OH,5,59463,0.167,0.005,0,0,0,0,0,29,49,0,0,-0.19,,0,36,61,0,0,5696,9579,102,172,0,4,ModerateBurden,,High,High,0.161,152,256,1,1,0.018,-0.17,0,0.03,0.143,184,309,1,0.97,,,,,,,,,,,,,,,,,,,,,,,,,,,18233,0.307,17449,0.293,32,0.007,191,0.004,41,0.004,-0.0168,-0.0025,-0.0014,570,0.123,271,0.058,17660,0.379,17176,0.368,6944,0.61,6736,0.592,0.06,0.19,0.19,2.6,0.02,0.01,0,0,0.56,0.84,Uncertain
"Iberville Parish, LA",22047,Medium metro,"Baton Rouge, LA",Metropolitan,LA,6,32511,0.038,0.007,0,0,0,0,0,29,89,0,0,2.62,,0,8,25,0,0,3902,12002,100,308,0,0,ModerateBurden,,Substantial,Moderate,0.038,220,677,0,1,0.03,0,0,0,0.008,220,677,0,1,,,,,,,,,,,,,,,,,,,,,,,,,,,12053,0.371,10540,0.324,31,0.014,132,0.005,23,0.004,0.0018,-0.0007,0.0021,177,0.08,77,0.035,11876,0.458,10463,0.404,4170,0.783,3901,0.733,0.11,0.18,0.16,2.7,0.48,0.03,0,0,0.89,0.89,Likely Decreasing
"Texas County, MO",29215,Non-core,,,MO,7,25398,,0.004,0,0,0,0,0,29,114,0,0,0.81,,0,16,63,0,0,1900,7481,23,91,0,0,ModerateBurden,,High,Substantial,0.122,131,516,0,1,0.074,0.38,0,0,0.049,95,374,0,1,2,4,0,0,0.25,0.04,0.32,0,0,0,1,,0.03,0.03,-0.04,0,0,0,1,55,4,7,1,1,1,1,5621,0.221,4860,0.191,7,0.004,63,0.003,11,0.002,0,0.0003,-0.0004,50,0.027,22,0.012,5571,0.279,4838,0.242,2548,0.467,2294,0.42,0.16,0.24,0.21,2.5,0.04,0.02,0.01,0,0.83,0.86,Uncertain
"Beaufort County, SC",45013,Small metro,"Hilton Head Island-Bluffton, SC",Metropolitan,SC,4,192122,0.865,0.037,0.001,0,1797,0.009,0,29,15,0,0,-0.49,-1,0,57,30,1,0.5,17089,8895,209,109,0,11,ModerateBurden,,Moderate,Moderate,0.025,1068,556,1,0.93,-0.006,-0.31,0,0.07,0.031,1538,801,1,0.87,7,3,0,0,0.98,0.02,0.8,0.03,0.19,0.01,6.01,,0.04,0,0.16,-0.06,0.02,-0.02,2,207,20,65,1,1,1,1,98607,0.513,80495,0.419,230,0.02,1472,0.009,254,0.005,-0.0029,0.001,0.0027,2078,0.177,918,0.078,96361,0.614,79508,0.506,46023,0.855,41301,0.768,0.11,0.11,0.28,2.5,0.17,0.11,0,0.01,0.4,0.26,Uncertain
"Lawrence County, AL",1079,Small metro,"Decatur, AL",Metropolitan,AL,4,32924,0.216,0.007,0,0,0,0,0,29,88,0,0,1.42,-1,0,12,36,1,3,3105,9431,100,304,0,7,ModerateBurden,,High,High,0.132,176,535,0,0.97,0.021,0.06,0,0,0.11,166,504,0,0.97,0,0,0,0,0.28,0,0,0,0,0,,,0.02,0,0,0,0,0,1,27,3,3,1,1,1,1,11294,0.343,9556,0.29,,,35,0.001,7,0.001,-0.0004,-0.001,-0.0006,49,0.02,26,0.01,11245,0.435,9530,0.369,5009,0.797,4368,0.695,0.08,0.17,0.19,2.6,0.11,0.02,0.06,0,0.5,0.8,Uncertain
"Assumption Parish, LA",22007,Non-core,"Baton Rouge, LA",Metropolitan,LA,6,21891,0.026,0.005,0,0,0,0,0,29,132,0,0,0.93,,0,15,69,0,0,2291,10465,36,164,0,0,ModerateBurden,,High,High,0.071,89,407,0,0.95,-0.036,-0.29,0,0,0.108,126,576,0,0.96,3,38,0,0,0.02,0,,,0,0,,,0.02,0,,,0,0,1,8,0,8,1,1,1,1,6203,0.283,5429,0.248,11,0.007,78,0.005,8,0.002,0.0036,-0.002,-0.0034,44,0.026,18,0.011,6159,0.357,5411,0.314,2691,0.656,2462,0.6,0.11,0.17,0.19,2.6,0.29,0.03,0.01,0,0.78,0.85,Uncertain
"Grant County, IN",18053,Micropolitan,"Marion, IN",Micropolitan,IN,5,65769,1,0.01,0,1,13951,0.212,0,29,44,1,1.5,-0.15,-0.5,0,34,52,2,3,7213,10967,177,269,0,27,ModerateBurden,,Substantial,High,0.087,369,561,1,0.98,-0.042,-0.08,0,0.07,0.129,401,610,1,0.91,4,4,0,0,0.73,0.03,0.71,0.11,0.03,0.03,-0.2,,0,-0.04,0.11,-0.07,-0.05,0,1,99,19,13,1,1,1,1,22028,0.335,19475,0.296,49,0.01,247,0.005,28,0.002,-0.0028,-0.0012,-0.0019,455,0.097,189,0.04,21573,0.414,19286,0.37,9442,0.739,8956,0.701,0.09,0.19,0.19,2.4,0.07,0.04,0,0.01,0.73,0.42,Uncertain
"Walker County, AL",1127,Large fringe metro,"Jasper, AL",Micropolitan,AL,4,63521,1,0.013,0,0,0,0,0,29,46,1,1.6,1.9,,0,10,16,0,0,7313,11513,279,439,0,0,ModerateBurden,,Moderate,Moderate,0.075,302,475,1,0.98,0.013,-0.24,0,0.02,0.062,400,630,1,0.96,2,1,0,0,0.64,0.02,0.76,0.05,0.11,0.02,0,,-0.09,0,-0.07,-0.06,-0.13,-0.03,1,157,12,19,1,1,1,1,21497,0.338,17542,0.276,7,0.001,59,0.001,11,0.001,0.0006,-0.0009,-0.0006,116,0.024,45,0.009,21377,0.433,17497,0.354,9589,0.773,8190,0.66,0.11,0.2,0.2,2.5,0.06,0.03,0,0.01,0.75,0.62,Likely Decreasing
"Madera County, CA",6039,Small metro,"Madera, CA",Metropolitan,CA,9,157327,1,0.004,0,0,0,0,0,29,18,1,0.6,-0.15,0,0,34,22,1,0.6,16567,10530,245,156,0,45,ModerateBurden,,Moderate,Moderate,,1944,1236,,,,-0.47,,,0.011,3643,2316,,,0,0,30,38,0.58,0.01,0.7,0,0.22,0,,-0.38,-0.05,0.01,-0.2,-0.01,0.02,0,1,80,10,20,1,1,1,1,63849,0.406,51622,0.328,155,0.011,694,0.006,76,0.003,-0.0109,-0.0028,-0.0012,2719,0.188,1506,0.104,61049,0.535,50101,0.439,19085,0.845,15604,0.691,0.09,0.21,0.14,3.3,0.03,0.59,0.01,0.02,0.95,0.61,Uncertain
"Delta County, MI",26041,Micropolitan,"Escanaba, MI",Micropolitan,MI,5,35784,1,0.004,0,0,0,0,0,29,81,0,0,1.42,-1,0,12,34,1,2.8,4056,11335,94,263,0,35,ModerateBurden,,Substantial,Moderate,0.012,263,735,0,0.99,-0.007,-0.35,0,0.01,0.019,406,1135,0,0.98,0,0,7,22,0.31,0,0.45,0,0.01,0,-1,1.33,-0.05,-0.01,-0.1,-0.02,0.01,0,1,32,7,11,1,1,1,1,18399,0.514,16842,0.471,13,0.005,178,0.006,43,0.005,-0.0125,-0.0031,-0.0028,224,0.09,135,0.054,18174,0.631,16706,0.58,8310,0.934,7866,0.885,0.06,0.13,0.25,2.2,0,0.02,0.03,0,0.35,0.42,Uncertain
"Tehama County, CA",6103,Micropolitan,"Red Bluff, CA",Micropolitan,CA,9,65084,1,0.002,0,0,0,0,0,29,45,0,0,-0.67,,0.001,88,135,0,0,5707,8769,63,97,0,0,ModerateBurdenResolving,,Moderate,High,,428,658,,,,-0.38,,,0.051,694,1066,,,2,4,0,0,0.67,0.08,0.73,0.07,0.09,0.02,-0.72,,0.05,0.04,0.38,0.07,0.06,0.02,1,52,8,21,1,1,1,1,19514,0.3,16161,0.248,27,0.005,243,0.005,50,0.004,-0.002,-0.0017,-0.0002,429,0.08,212,0.039,19072,0.384,15949,0.321,7574,0.593,6533,0.511,0.07,0.22,0.2,2.6,0.01,0.26,0.02,0.01,0.96,0.8,Uncertain
"Washington Parish, LA",22117,Micropolitan,"Bogalusa, LA",Micropolitan,LA,6,46194,1,0.01,0,0,0,0,0,29,63,0,0,3.83,-1,0,6,13,1,2.2,4430,9590,133,288,0,0,ModerateBurden,,Substantial,Moderate,0.018,338,732,0,0.92,-0.006,-0.32,0,-0.03,0.024,496,1074,0,0.94,1,2,0,0,0.34,0.02,0.46,0.08,0,0,-0.5,,0.03,0.01,0.13,0.08,-0.02,0,2,61,9,25,1,1,1,1,12673,0.274,11185,0.242,25,0.007,145,0.004,22,0.003,-0.0008,-0.0005,0,154,0.04,64,0.017,12516,0.356,11121,0.316,5679,0.664,5173,0.605,0.14,0.27,0.19,2.6,0.3,0.02,0,0,1,0.88,Uncertain
"Scott County, MN",27139,Large fringe metro,"Minneapolis-St. Paul-Bloomington, MN-WI",Metropolitan,MN,5,149013,0.041,0.026,0,0,0,0,0,29,19,1,0.7,-0.49,-0.5,0,57,38,2,1.3,17518,11756,131,88,0,43,ModerateBurden,,Moderate,Moderate,0.018,3067,2058,1,0.99,-0.005,-0.18,0,0,0.023,3738,2509,1,0.99,4,5,3,4,0.91,0.03,,,0.06,0,1.19,-0.34,0.02,0.01,,,0.06,0,2,83,0,14,1,1,1,1,82642,0.555,69632,0.467,463,0.032,832,0.008,70,0.004,-0.0523,-0.0051,-0.0028,5726,0.396,2546,0.176,76605,0.705,67062,0.617,15911,0.941,14442,0.854,0.04,0.06,0.11,2.9,0.05,0.05,0.01,0.06,0.11,0.27,Uncertain
"Columbia County, OR",41009,Large fringe metro,"Portland-Vancouver-Hillsboro, OR-WA",Metropolitan,OR,10,52354,0.021,0.012,0,0,0,0,0,28,53,0,0,-0.33,,0,42,80,0,0,1863,3558,29,55,0,48,ModerateBurden,,Substantial,Substantial,0.044,658,1257,1,0.99,-0.011,-0.03,0,0,0.055,678,1295,1,0.99,,,,,,,,,,,,,,,,,,,,,,,,,,,25059,0.479,20727,0.396,66,0.017,412,0.01,51,0.005,-0.0181,-0.0028,-0.0004,911,0.236,330,0.085,24121,0.582,20396,0.492,8521,0.848,7889,0.785,0.06,0.12,0.19,2.6,0.01,0.06,0.01,0.01,0.4,0.32,Uncertain
"Covington County, AL",1039,Non-core,,,AL,4,37049,,0.008,0,0,0,0,0,28,76,1,2.7,-0.32,,0,41,111,0,0,4245,11458,120,324,0,4,ModerateBurden,,Substantial,High,0.091,54,146,1,0.86,0.002,-0.52,0,-0.09,0.089,112,302,1,0.95,5,5,0,0,0.66,0.05,0.77,0.2,0.14,0,0.65,,0.01,0.03,0.05,0.05,0,0,2,99,13,12,1,1,1,1,9038,0.244,7308,0.197,,,15,0.001,3,0,0,-0.0016,-0.0004,31,0.011,16,0.006,9005,0.312,7292,0.252,4635,0.585,3821,0.482,0.11,0.18,0.21,2.4,0.12,0.02,0.01,0,0.77,0.8,Uncertain
"Sullivan County, NH",33019,Micropolitan,"Lebanon, NH-VT",Micropolitan,NH,1,43146,0.199,0.032,0,0,0,0,0,28,65,0,0,1,,0,14,32,0,0,1836,4255,25,58,0,29,ModerateBurden,,Substantial,Moderate,0.032,604,1400,,,0.017,-0.33,,,0.015,897,2079,,,0,0,0,0,0.74,0,,,0,0,-1,,0.14,-0.03,,,0,0,1,16,0,7,1,1,1,1,24383,0.565,21218,0.492,34,0.012,206,0.006,25,0.003,-0.11,0.0059,0.0026,836,0.283,342,0.116,23524,0.67,20859,0.594,8414,0.883,7743,0.812,0.07,0.11,0.22,2.4,0.01,0.02,0,0.01,0.15,0.17,Uncertain
"Stanly County, NC",37167,Micropolitan,"Albemarle, NC",Micropolitan,NC,4,62806,1,0.006,0,0,950,0.015,0,28,45,3,4.8,1.8,,0,10,16,0,0,7924,12617,137,218,0,40,ModerateBurden,,Moderate,Moderate,0.033,908,1446,1,0.97,0.002,-0.19,0,-0.01,0.031,1124,1790,1,0.99,3,3,5,5,0.59,0.02,0.83,0.06,0.07,0.04,2,0.25,0.01,0.01,-0.01,0,0.03,0.03,1,109,10,16,1,1,1,1,14154,0.225,9094,0.145,12,0.003,74,0.002,15,0.001,-0.0004,-0.0012,0.0001,116,0.025,51,0.011,14031,0.285,9041,0.183,7416,0.612,4344,0.358,0.1,0.14,0.19,2.5,0.11,0.04,0,0.02,0.63,0.69,Likely Decreasing
"Columbiana County, OH",39029,Micropolitan,"Salem, OH",Micropolitan,OH,5,101883,1,0.009,0,0,58,0.001,0,28,27,0,0,-0.28,,0,39,38,0,0,9001,8835,229,225,0,20,ModerateBurden,,Moderate,Moderate,0.018,1249,1226,1,0.96,-0.016,-0.04,0,-0.01,0.033,1307,1283,1,0.97,2,1,1,1,0.55,0.02,0.31,0,0.03,0,-0.6,-0.83,0.01,-0.02,0.01,-0.01,0.01,-0.01,2,165,20,36,1,1,1,1,38461,0.378,35741,0.351,87,0.012,427,0.005,84,0.004,-0.0001,-0.0025,-0.0016,812,0.112,384,0.053,37646,0.463,35356,0.435,16021,0.743,15419,0.715,0.07,0.15,0.21,2.4,0.02,0.02,0,0,0.49,0.37,Uncertain
"Coweta County, GA",13077,Large fringe metro,"Atlanta-Sandy Springs-Alpharetta, GA",Metropolitan,GA,4,148509,0.025,0.014,0,0,0,0,0,28,19,3,2,-0.38,0.5,0,45,30,2,1.3,14292,9624,225,152,0,33,ModerateBurden,,Moderate,Moderate,0.022,720,485,0,0.95,-0.008,-0.22,0,0.01,0.03,924,622,0,0.94,5,2,2,1,0.69,0.05,0.81,0.09,0.38,0.03,-0.74,0,-0.02,-0.02,-0.05,-0.02,0.01,-0.02,2,205,41,66,1,1,1,1,29077,0.196,25360,0.171,306,0.023,782,0.007,104,0.005,0.0136,-0.0005,-0.0001,893,0.068,407,0.031,28178,0.25,24950,0.221,10033,0.474,8956,0.423,0.1,0.11,0.14,2.7,0.18,0.07,0,0.02,0.24,0.32,Uncertain
"Stevens County, WA",53065,Medium metro,"Spokane-Spokane Valley, WA",Metropolitan,WA,10,45723,0.08,0.006,0,0,0,0,0,28,61,1,2.2,-0.36,,0,44,96,0,0,2324,5083,29,63,0,18,ModerateBurdenResolving,,Substantial,Substantial,0.045,980,2143,,,0.012,-0.1,,,0.033,1087,2377,,,1,3,0,0,0.48,0.03,0.57,0,0,0,0.01,-1,0.08,0,0.01,0,0,0,2,35,2,18,1,1,1,1,13985,0.306,11767,0.257,163,0.047,691,0.019,126,0.012,0.0338,0.014,0.0073,436,0.125,126,0.036,13549,0.376,11641,0.323,6232,0.571,5523,0.506,0.08,0.16,0.24,2.5,0.01,0.04,0.05,0.01,0.46,0.42,Uncertain
"Wagoner County, OK",40145,Medium metro,"Tulsa, OK",Metropolitan,OK,6,81289,0.081,0.021,0,0,0,0,0,28,34,2,2.5,0.04,-0.33,0,27,33,3,3.7,8169,10049,121,149,0,19,ModerateBurden,,Substantial,High,0.082,244,300,1,0.98,-0.034,-0.09,0,-0.02,0.116,269,331,1,0.99,0,0,0,0,0.69,0,0,0,0,0,,,0.18,0,0,0,0,0,1,15,2,3,1,1,1,1,27831,0.342,23162,0.285,82,0.012,178,0.003,14,0.001,0.0007,-0.0015,-0.0013,644,0.093,285,0.041,27185,0.44,22877,0.37,9555,0.7,8407,0.616,0.11,0.11,0.17,2.7,0.04,0.07,0.1,0.02,0.42,0.44,Likely Decreasing
"Mason County, WA",53045,Micropolitan,"Shelton, WA",Micropolitan,WA,10,66768,1,0.009,0,0,0,0,0,28,42,0,0,-0.28,,0,39,58,0,0,2857,4279,33,49,0,19,ModerateBurden,,Moderate,Substantial,0.014,983,1472,,,-0.007,0.02,,,0.021,960,1438,,,2,3,0,0,0.25,0.03,0.41,0.01,0.04,0,1,,-0.02,-0.01,-0.16,-0.13,-0.04,0,1,76,10,7,1,1,1,1,31094,0.466,26887,0.403,60,0.014,557,0.01,61,0.004,-0.0348,-0.0027,-0.0007,1019,0.232,350,0.08,30074,0.559,26536,0.494,12413,0.798,11799,0.759,0.08,0.15,0.23,2.6,0.01,0.11,0.03,0.01,0.64,0.79,Uncertain
"Steuben County, NY",36101,Micropolitan,"Corning, NY",Micropolitan,NY,2,95379,1,0.005,0,0,0,0,0,28,29,0,0,-0.28,,0,39,41,0,0,6934,7270,143,150,0,39,ModerateBurden,,Moderate,Moderate,0.018,1938,2032,1,0.98,-0.004,-0.14,0,-0.01,0.022,2256,2365,1,0.99,7,7,0,0,0.72,0.04,0.54,0.07,0.02,0,-0.3,,-0.05,-0.01,-0.14,0.04,0.01,0,4,106,8,19,1,0.75,1,1,44848,0.47,39449,0.414,190,0.026,684,0.009,110,0.006,-0.0086,-0.0037,-0.0017,1610,0.224,686,0.095,43235,0.576,38763,0.516,15005,0.781,13813,0.719,0.06,0.14,0.2,2.4,0.02,0.02,0,0.02,0.47,0.62,Uncertain
"Stokes County, NC",37169,Medium metro,"Winston-Salem, NC",Metropolitan,NC,4,45591,0.067,0.004,0,0,0,0,0,28,61,0,0,1,,0,14,31,0,0,4190,9190,79,173,0,21,ModerateBurden,,Substantial,Moderate,0.043,440,965,1,0.97,-0.003,-0.39,0,0.02,0.046,722,1584,1,0.95,2,14,0,0,0.61,0.12,,,0,0,1,,-0.06,0.03,,,0,0,1,14,0,2,1,1,1,1,12471,0.274,10510,0.231,17,0.005,81,0.002,7,0.001,-0.0022,-0.0012,-0.0011,252,0.08,145,0.046,12217,0.329,10363,0.279,5580,0.563,4779,0.482,0.13,0.14,0.22,2.4,0.04,0.03,0,0,0.31,0.52,Uncertain
"Pender County, NC",37141,Medium metro,"Wilmington, NC",Metropolitan,NC,4,63060,0.212,0.006,0,0,0,0,0,28,44,0,0,1.33,,0,12,19,0,0,5538,8782,69,109,0,28,ModerateBurden,,Moderate,Moderate,0.06,370,587,1,1,-0.004,-0.13,0,0.01,0.064,426,676,1,0.99,0,0,0,0,0.78,0.11,,,0,0,,,-0.02,-0.03,,,0,0,1,18,0,4,1,1,1,1,23604,0.374,19973,0.317,35,0.007,149,0.003,16,0.001,-0.0081,-0.0028,-0.0011,428,0.087,204,0.042,23163,0.472,19764,0.403,8787,0.75,8008,0.684,0.11,0.15,0.19,2.7,0.14,0.08,0,0.01,0.55,0.58,Uncertain
"Teller County, CO",8119,Medium metro,"Colorado Springs, CO",Metropolitan,CO,8,25388,0.034,0.004,0,0,0,0,0,28,110,2,7.9,-0.1,,0,31,122,0,0,1856,7311,17,67,0,32,ModerateBurden,,High,High,0.024,273,1075,1,0.96,0.006,-0.55,0,-0.04,0.017,603,2375,1,1,1,8,0,0,0.57,0.02,,,0,0,-0.5,-1,-0.05,-0.04,,,0,0,1,13,0,5,1,1,1,1,5257,0.207,5944,0.234,60,0.037,101,0.005,15,0.003,0.0229,-0.0014,-0.0012,282,0.174,145,0.09,4960,0.235,5795,0.275,1010,0.172,2070,0.352,0.09,0.08,0.23,2.4,0.01,0.07,0.01,0.01,0.07,0.04,Likely Decreasing
"Lamb County, TX",48279,Non-core,,,TX,6,12893,,0,0,0,0,0,0,28,217,0,0,0,,0,28,217,0,0,2376,18429,83,644,0,0,ModerateBurden,,High,High,0,23,178,0,0.97,0,-0.23,0,-0.03,0,30,233,0,1,0,0,0,0,0.17,0,,,0,0,,,-0.04,0,,,0,0,1,17,0,2,1,1,1,1,,,,,,,,,,,,,,,,,,,,,,,,,,0.23,0.24,0.17,2.8,0.03,0.56,0,0,0.9,0.86,Uncertain
"Middlesex County, CT",9007,Large fringe metro,"Hartford-East Hartford-Middletown, CT",Metropolitan,CT,1,162436,0.135,0.046,0,0,3052,0.019,0,28,17,0,0,0.27,-1,0,22,14,2,1.2,12808,7885,371,228,0,54,ModerateBurden,,Moderate,Moderate,0.004,2039,1255,1,0.99,-0.002,-0.63,0,-0.01,0.005,5515,3395,1,1,14,6,70,32,0.75,0,0.8,0,0.14,0,-0.13,-0.03,0.01,-0.01,-0.02,-0.01,-0.07,-0.01,1,221,24,24,1,1,1,1,115813,0.713,102441,0.631,274,0.025,968,0.007,102,0.003,-0.011,-0.0025,-0.0009,5517,0.501,2874,0.261,110197,0.82,99534,0.741,33201,0.974,31169,0.915,0.03,0.07,0.21,2.4,0.05,0.07,0,0.03,0.12,0.1,Uncertain
"Rock Island County, IL",17161,Medium metro,"Davenport-Moline-Rock Island, IA-IL",Metropolitan,IL,5,141879,0.374,0.011,0,0,2534,0.018,0,28,20,4,2.8,-0.42,,0,48,34,0,0,15229,10734,324,228,0,29,ModerateBurden,,Moderate,Moderate,0.012,2283,1609,0,0.99,-0.011,-0.17,0,0,0.024,2752,1940,0,1,2,1,5,1,0.53,0.02,0.57,0.09,0.35,0.11,-0.6,0,-0.03,-0.01,0.07,-0.06,0.12,-0.03,2,373,38,33,1,1,1,1,74465,0.525,52873,0.373,379,0.036,863,0.008,110,0.004,0.0038,-0.0048,-0.0034,2729,0.26,870,0.083,71637,0.649,51988,0.471,24880,0.887,19547,0.697,0.06,0.15,0.2,2.3,0.11,0.13,0,0.03,0.71,0.36,Uncertain
"Chilton County, AL",1021,Large fringe metro,"Birmingham-Hoover, AL",Metropolitan,AL,4,44428,0.041,0.009,0,0,0,0,0,28,63,0,0,0.56,,0,18,41,0,0,4458,10034,115,259,0,15,ModerateBurdenResolving,,Substantial,Substantial,0.074,210,473,0,0.96,-0.021,-0.35,0,-0.02,0.094,322,725,0,0.98,0,0,0,0,0.15,0.01,0.02,0,0,0,-1,,-0.1,-0.05,0.02,0,0,0,1,33,6,6,1,1,1,1,10281,0.231,8001,0.18,,,48,0.001,12,0.002,-0.0008,0,0.0003,83,0.023,27,0.007,10196,0.301,7974,0.236,4558,0.6,3781,0.498,0.14,0.19,0.17,2.6,0.1,0.08,0,0,0.76,0.88,Uncertain
"Juneau City and Borough, AK",2110,Micropolitan,"Juneau, AK",Micropolitan,AK,10,31974,1,0.044,0,0,705,0.022,0,28,88,0,0,3,,0,7,22,0,0,1476,4616,5,16,0,0,ModerateBurden,,Substantial,Moderate,0.02,1158,3622,1,1,0.01,-0.23,0,0,0.01,1505,4707,1,1,1,1,1,1,0.23,0,0.24,0,0.01,0,,,-0.02,0,-0.25,0,0,0,1,133,9,20,1,1,1,1,20106,0.629,17939,0.561,45,0.02,121,0.005,8,0.002,0.0149,0.0008,0.0002,1154,0.507,605,0.266,18886,0.749,17328,0.687,4208,0.943,4018,0.901,0.11,0.08,0.14,2.5,0.01,0.07,0.11,0.07,0.3,0.08,Uncertain
"Muhlenberg County, KY",21177,Non-core,"Central City, KY",Micropolitan,KY,4,30622,1,0.007,0,0,0,0,0,28,91,1,3.3,0.47,,0,19,62,0,0,3045,9944,67,219,0,0,ModerateBurden,,Substantial,Substantial,0.062,211,689,1,0.98,-0.031,-0.35,0,0,0.093,324,1058,1,0.98,2,6,0,0,0.94,0,1,0.04,0,0,,,,,0,0.04,0,0,1,35,7,3,1,1,1,1,11787,0.385,10168,0.332,18,0.008,134,0.005,16,0.003,-0.0145,-0.0027,-0.0015,218,0.099,69,0.031,11569,0.474,10099,0.414,4410,0.733,3992,0.664,0.06,0.17,0.2,2.7,0.05,0.02,0,0,0.61,0.63,Likely Decreasing
"Newaygo County, MI",26123,Non-core,,,MI,5,48980,,0.005,0,0,0,0,0,28,57,2,4.1,-0.24,,0,37,76,0,0,4870,9943,68,139,0,39,ModerateBurdenResolving,,Substantial,Substantial,0.05,462,943,0,0.98,-0.021,-0.18,-1,0.02,0.071,560,1143,1,0.97,6,23,0,0,0.67,0.2,0.76,0.35,0.16,0.14,-0.04,,0.14,0.04,0.21,0.26,0.08,0.1,1,26,7,7,1,1,1,1,16512,0.337,15180,0.31,9,0.002,95,0.002,15,0.002,-0.0013,-0.0019,-0.0017,209,0.053,190,0.048,16300,0.429,14990,0.394,6308,0.651,6171,0.637,0.06,0.18,0.2,2.5,0.01,0.06,0.01,0,0.63,0.67,Uncertain
"LaSalle County, IL",17099,Micropolitan,"Ottawa, IL",Micropolitan,IL,5,108669,0.739,0.009,0,0,0,0,0,28,26,1,0.9,-0.3,0,0,40,37,1,0.9,12738,11722,248,228,0,27,ModerateBurden,,Moderate,Moderate,0.008,2635,2425,1,0.99,-0.005,-0.16,0,0,0.013,3129,2879,1,1,2,1,12,7,0.39,0.01,0.42,0.01,0.02,0,-0.82,-0.14,-0.07,-0.02,-0.04,-0.12,0.01,0,3,172,16,29,1,1,1,1,52408,0.482,36826,0.339,206,0.025,827,0.01,94,0.004,-0.0091,-0.0044,-0.0028,1788,0.213,683,0.081,50551,0.591,36127,0.422,18605,0.885,13969,0.664,0.05,0.14,0.19,2.4,0.03,0.1,0,0.01,0.43,0.56,Uncertain
"Boone County, IL",17007,Medium metro,"Rockford, IL",Metropolitan,IL,5,53544,0.159,0.004,0,0,0,0,0,28,52,0,0,-0.28,,0,39,73,0,0,6818,12733,75,140,0,34,ModerateBurden,,Substantial,Substantial,0.038,500,934,0,0.99,-0.024,-0.31,0,0,0.062,721,1347,0,1,,,,,,,,,,,,,,,,,,,,,,,,,,,26461,0.494,18718,0.35,70,0.013,392,0.01,42,0.005,-0.0011,-0.0053,0.0003,1428,0.273,537,0.103,24971,0.618,18180,0.45,7583,0.877,5943,0.688,0.06,0.11,0.16,2.8,0.02,0.23,0,0.01,0.47,0.72,Uncertain
"Itasca County, MN",27061,Non-core,"Grand Rapids, MN",Micropolitan,MN,5,45130,1,0.008,0,0,0,0,0,28,62,1,2.2,-0.36,,0,44,97,0,0,4572,10131,61,135,0,26,ModerateBurdenResolving,,Substantial,Substantial,0.039,1772,3926,1,1,-0.019,-0.18,0,0.01,0.058,2163,4793,1,0.99,5,7,0,0,0.39,0.04,0.57,0,0,0,0.25,,-0.01,0.01,-0.14,0,-0.01,0,3,72,4,12,1,1,1,1,21330,0.473,18571,0.412,32,0.009,129,0.004,25,0.002,-0.0364,-0.0025,-0.0019,701,0.204,286,0.083,20595,0.576,18284,0.511,8969,0.825,8366,0.769,0.06,0.13,0.24,2.3,0,0.02,0.04,0,0.33,0.18,Uncertain
"Marlboro County, SC",45069,Micropolitan,"Bennettsville, SC",Micropolitan,SC,4,26118,1,0.005,0,0,0,0,0,28,107,1,3.8,0.08,,0,26,100,0,0,3483,13336,57,218,0,16,ModerateBurden,,High,High,0.045,399,1528,1,1,0.025,-0.2,0,0,0.02,496,1899,1,0.99,,,,,,,,,,,,,,,,,,,,,,,,,,,8119,0.311,7041,0.27,34,0.019,139,0.007,25,0.005,0.0103,0.0006,0.0008,128,0.073,58,0.033,7981,0.381,6979,0.333,3088,0.635,2798,0.576,0.12,0.26,0.19,2.5,0.51,0.03,0.05,0,0.99,0.99,Likely Decreasing
"Lexington County, SC",45063,Medium metro,"Columbia, SC",Metropolitan,SC,4,298750,0.356,0.058,0.001,0,0,0,0,28,9,0,0,-0.67,,0.001,86,29,0,0,33684,11275,485,162,0,44,LowBurden,,Low,Moderate,0.015,2566,859,1,0.99,-0.005,-0.19,0,0.03,0.02,3165,1059,1,0.96,10,2,0,0,0.79,0.02,0.63,0.02,0.15,0,-0.23,,-0.02,0,0,0.01,0.02,0,2,608,74,65,1,1,1,1,117387,0.393,99871,0.334,379,0.015,1593,0.007,268,0.006,-0.002,-0.0011,0.0014,3717,0.151,1881,0.077,113440,0.493,97918,0.426,38570,0.796,34797,0.718,0.1,0.13,0.16,2.5,0.15,0.06,0,0.02,0.44,0.18,Uncertain
"Levy County, FL",12075,Non-core,"Gainesville, FL",Metropolitan,FL,4,41503,0.126,0.002,0,0,0,0,0,28,67,1,2.4,0.17,,0,24,58,0,0,3583,8633,56,135,0,39,ModerateBurden,,Substantial,Substantial,0.06,437,1053,,,-0.014,-0.03,,,0.074,450,1084,,,,,,,,,,,,,,,,,,,,,,,,,,,,,14108,0.34,11479,0.277,30,0.011,183,0.005,45,0.004,0.0018,-0.0022,-0.0011,156,0.057,55,0.02,13948,0.417,11422,0.342,7709,0.739,6415,0.615,0.15,0.21,0.25,2.4,0.09,0.09,0,0.01,0.78,0.92,Likely Decreasing
"Lawrence County, MO",29109,Non-core,,,MO,7,38355,,0.006,0,0,0,0,0,28,73,1,2.6,0.56,-0.67,0,18,47,3,7.8,3481,9076,87,227,0,0,ModerateBurden,,Substantial,Moderate,0.025,259,675,1,1,-0.02,-0.18,1,0,0.044,315,821,0,0.99,0,0,2,10,0.24,0,,,0,0,,,-0.04,0,,,0,0,1,20,0,4,1,1,1,1,9958,0.26,8412,0.219,19,0.006,116,0.004,16,0.002,0.0006,-0.0007,-0.0011,167,0.049,94,0.028,9791,0.342,8318,0.29,4284,0.606,3825,0.541,0.14,0.17,0.18,2.6,0.01,0.08,0.01,0,0.79,0.95,Uncertain
"Somerset County, PA",42111,Micropolitan,"Somerset, PA",Micropolitan,PA,3,73447,1,0.006,0,0,0,0,0,28,38,1,1.4,-0.57,-0.67,0.001,65,88,3,4.1,8017,10915,213,290,0,30,ModerateBurdenResolving,,Moderate,Substantial,0.026,783,1066,1,0.98,-0.031,-0.21,0,-0.02,0.058,986,1342,1,0.99,0,0,2,2,0.37,0.02,0.21,0,0.08,0,-1,-0.33,0.01,-0.01,0,0,0,0,3,123,14,13,1,1,1,1,29682,0.404,25609,0.349,72,0.015,497,0.008,99,0.006,-0.0061,-0.001,-0.0006,451,0.095,185,0.039,29230,0.484,25423,0.421,12701,0.753,11014,0.653,0.07,0.12,0.23,2.4,0.03,0.02,0,0.01,0.42,0.32,Likely Decreasing
"Jim Wells County, TX",48249,Micropolitan,"Alice, TX",Micropolitan,TX,6,40482,0.784,0.001,0,0,0,0,0,28,69,1,2.5,3.67,-0.5,0,6,15,2,4.9,4348,10741,106,262,0,0,ModerateBurden,,Substantial,Moderate,0.074,187,462,1,0.99,0.016,-0.09,0,0,0.058,205,506,1,1,1,3,1,3,0.56,0.02,0.53,0,0.2,0,0.15,0.15,0.05,0,-0.07,0,0.08,0,1,37,6,13,1,1,1,1,,,,,,,,,,,,,,,,,,,,,,,,,,0.18,0.23,0.16,3.1,0.01,0.8,0,0,0.92,0.83,Uncertain
"Scotland County, NC",37165,Micropolitan,"Laurinburg, NC",Micropolitan,NC,4,34823,1,0.003,0,0,634,0.018,0,27,78,1,2.9,0.59,,0,17,49,0,0,3865,11099,87,250,0,25,ModerateBurden,,Substantial,Moderate,0.041,330,948,1,1,0,-0.05,0,0.01,0.041,347,996,1,0.99,7,7,0,0,0.82,0.08,0.86,0.26,0.33,0.15,-0.14,,-0.04,0,-0.14,0.01,-0.05,0,1,102,8,13,1,1,1,1,11718,0.337,10116,0.29,23,0.009,92,0.003,12,0.002,-0.0004,-0.0009,-0.0015,222,0.086,118,0.046,11496,0.429,9998,0.373,4557,0.698,4201,0.643,0.12,0.28,0.19,2.5,0.39,0.03,0.12,0.01,0.99,0.99,Likely Decreasing
"Haywood County, NC",37087,Medium metro,"Asheville, NC",Metropolitan,NC,4,62317,0.135,0.006,0,0,0,0,0,27,43,1,1.6,0.08,,0,25,40,0,0,4477,7184,97,156,0,32,ModerateBurden,,Moderate,Substantial,0.041,196,315,1,0.98,-0.044,-0.22,0,-0.01,0.085,250,401,1,0.99,1,1,0,0,0.65,0.02,0.53,0,0,0,-0.8,,-0.06,0,0.03,0,-0.11,0,1,100,10,12,1,1,1,1,28193,0.452,24306,0.39,44,0.011,194,0.004,32,0.002,-0.0023,-0.0013,0.0003,564,0.142,176,0.044,27599,0.541,24127,0.473,12092,0.777,11256,0.723,0.11,0.14,0.25,2.3,0.01,0.04,0,0.01,0.28,0.81,Uncertain
"White County, IN",18181,Non-core,,,IN,5,24102,,0.004,0,0,0,0,0,27,112,0,0,-0.16,,0,32,133,0,0,3265,13547,53,220,0,3,ModerateBurden,,High,High,0.14,182,755,1,0.96,0.002,-0.26,0,0.01,0.137,245,1017,1,0.95,1,2,0,0,0.23,0.08,0,0,0,0,-0.75,,-0.03,0.01,0,0,0,0,1,45,5,2,1,1,1,1,10397,0.431,8969,0.372,40,0.021,101,0.005,11,0.002,-0.0113,-0.0039,-0.0016,216,0.111,68,0.035,10181,0.55,8901,0.481,4429,0.904,4162,0.849,0.09,0.09,0.2,2.4,0.01,0.09,0,0,0.24,0.27,Uncertain
"Edgecombe County, NC",37065,Small metro,"Rocky Mount, NC",Metropolitan,NC,4,51472,0.353,0.005,0,0,0,0,0,27,52,1,1.9,0.35,0,0,20,39,1,1.9,5676,11027,113,220,0,39,ModerateBurden,,Substantial,Moderate,0.037,492,956,1,1,0.001,-0.41,1,0,0.036,827,1607,0,0.99,0,0,0,0,0.86,0,0.82,0,0.19,0,-1,-1,-0.04,0,0.05,0,0.14,0,1,60,8,9,1,1,1,1,17089,0.332,14042,0.273,30,0.007,227,0.006,29,0.003,-0.002,-0.0009,-0.0003,235,0.058,103,0.025,16839,0.422,13938,0.349,7218,0.687,6511,0.62,0.11,0.24,0.2,2.5,0.57,0.05,0,0,0.97,0.99,Uncertain
"Lewis and Clark County, MT",30049,Micropolitan,"Helena, MT",Micropolitan,MT,8,69432,0.85,0.065,0,0,1201,0.017,0,27,39,0,0,-0.16,,0,32,46,0,0,6991,10069,88,127,0,18,ModerateBurden,,Moderate,Moderate,0.04,534,769,1,0.89,-0.009,-0.33,0,-0.08,0.049,797,1148,1,0.97,5,3,1,1,0.65,0.02,0.47,0.04,0.02,0,-0.17,0,0.07,0,-0.05,-0.03,0.01,0,2,152,14,27,1,0.5,1,1,34716,0.5,30773,0.443,105,0.021,368,0.007,50,0.004,-0.0043,0.0007,0.0007,1407,0.285,659,0.134,33307,0.61,30114,0.551,11598,0.861,10779,0.8,0.06,0.11,0.19,2.4,0,0.03,0.02,0.01,0.13,0.01,Uncertain
"Columbus County, NC",37047,Non-core,,,NC,4,55508,,0.005,0,0,0,0,0,27,49,0,0,2.86,,0,7,13,0,0,6399,11528,151,272,0,32,ModerateBurden,,Moderate,Moderate,0.031,271,488,1,1,-0.001,-0.44,0,0.03,0.032,486,876,1,0.97,1,1,0,0,0.83,0.03,0.67,0.05,0.02,0,-0.75,,0.12,0.01,0.03,0.05,-0.03,0,1,68,9,17,1,1,1,1,17739,0.32,14606,0.263,21,0.005,64,0.001,7,0.001,-0.0076,-0.0039,-0.0027,259,0.062,116,0.028,17472,0.397,14487,0.329,7090,0.621,6267,0.549,0.14,0.24,0.21,2.4,0.3,0.06,0.03,0,0.95,0.98,Uncertain
"Cass County, ND",38017,Small metro,"Fargo, ND-MN",Metropolitan,ND,8,181923,0.739,0.239,0.001,1,11269,0.062,0,27,15,0,0,-0.36,,0,42,23,0,0,24697,13576,209,115,0,53,ModerateBurden,,Moderate,Moderate,0.016,947,521,0,0.96,-0.002,-0.3,0,-0.03,0.018,1348,741,0,0.99,8,1,29,3,0.75,0.02,0.55,0.04,0.24,0.02,-0.2,0,-0.02,-0.01,-0.02,-0.01,0.01,-0.01,5,834,138,189,0.8,0.6,1,0.8,88006,0.484,78180,0.43,306,0.025,458,0.003,20,0.001,-0.0152,-0.0028,-0.0008,3282,0.267,1404,0.114,84554,0.6,76755,0.545,19447,0.858,17757,0.783,0.06,0.11,0.12,2.3,0.06,0.03,0.01,0.03,0.14,0.05,Uncertain
"Rogers County, OK",40131,Medium metro,"Tulsa, OK",Metropolitan,OK,6,92459,0.093,0.023,0,0,2267,0.025,0,27,29,0,0,0.23,-1,0,22,24,13,14.1,10572,11434,193,209,0,37,ModerateBurden,,Substantial,Moderate,0.082,319,345,0,1,0.018,-0.02,0,0.01,0.064,327,354,0,0.99,0,0,1,1,0.42,0,0.42,0,0,0,,0,-0.02,0,0.01,0,0,0,2,71,12,14,1,1,1,1,31374,0.339,26276,0.284,49,0.006,237,0.003,37,0.002,0.0021,-0.0003,0.0001,571,0.074,341,0.044,30801,0.433,25934,0.365,11502,0.747,10119,0.657,0.11,0.1,0.17,2.6,0.01,0.05,0.13,0.01,0.28,0.35,Uncertain
"Chemung County, NY",36015,Small metro,"Elmira, NY",Metropolitan,NY,2,83456,1,0.004,0,0,747,0.009,0,27,32,0,0,-0.67,,0.001,81,97,0,0,7745,9280,135,162,0,42,ModerateBurden,,Moderate,Substantial,0.028,1895,2271,1,0.99,-0.015,-0.05,0,0,0.043,1988,2382,1,0.99,7,4,0,0,0.6,0.03,0.53,0.04,0.05,0.01,-0.53,,-0.04,0,-0.1,-0.03,-0.03,0.01,1,174,20,24,1,1,1,1,39020,0.468,34338,0.411,161,0.026,522,0.008,62,0.004,-0.047,-0.0049,-0.0034,1740,0.284,663,0.108,37276,0.567,33673,0.512,12736,0.782,11813,0.725,0.05,0.15,0.2,2.4,0.06,0.03,0,0.01,0.48,0.46,Uncertain
"Calhoun County, TX",48057,Micropolitan,"Port Lavaca, TX",Micropolitan,TX,6,21290,1,0.001,0,0,0,0,0,27,127,0,0,-0.16,-1,0,32,150,1,4.7,2435,11437,25,117,0,7,ModerateBurden,,High,High,0.167,135,634,0,1,0.006,0.12,0,0,0.16,121,568,0,1,1,4,0,0,0.43,0,0.38,0,0,0,-0.77,,0,0,0.13,0,0,0,1,27,6,6,1,1,1,1,,,,,,,,,,,,,,,,,,,,,,,,,,0.19,0.14,0.19,2.8,0.02,0.49,0,0.05,0.86,0.98,Uncertain
"Siskiyou County, CA",6093,Non-core,,,CA,9,43539,,0.001,0,0,0,0,0,27,62,0,0,0.08,-1,0,25,57,4,9.2,2379,5464,33,76,0,21,ModerateBurdenResolving,,Substantial,Substantial,,0,0,,,,,,,,0,0,,,1,2,0,0,0.45,0.02,0.57,0.09,0,0,-0.67,,-0.03,-0.04,-0.14,-0.07,-0.1,0,2,56,8,16,1,1,1,1,18438,0.423,15181,0.349,15,0.005,183,0.005,42,0.004,-0.0077,-0.002,-0.0005,463,0.154,171,0.057,17964,0.516,15008,0.431,8374,0.736,6993,0.615,0.07,0.19,0.26,2.2,0.01,0.13,0.04,0.02,0.72,0.68,Uncertain
"Potter County, TX",48375,Medium metro,"Amarillo, TX",Metropolitan,TX,6,117415,0.443,0.004,0,0,0,0,0,27,23,1,0.9,-0.07,-0.5,0,29,25,2,1.7,17570,14964,457,389,0,16,ModerateBurden,,Moderate,Moderate,0.032,447,381,1,0.99,-0.004,-0.31,0,0.02,0.035,649,553,1,0.97,30,5,7,1,0.83,0.03,0.92,0.12,0.27,0.03,-0.17,-0.3,-0.01,0,-0.02,0.01,0.01,0.01,5,616,93,197,1,0.8,1,1,,,,,,,,,,,,,,,,,,,,,,,,,,0.22,0.2,0.13,2.6,0.1,0.39,0,0.06,0.92,0.47,Uncertain
"Washington County, RI",44009,Large fringe metro,"Providence-Warwick, RI-MA",Metropolitan,RI,1,125577,0.077,0.119,0,1,14321,0.114,0,27,22,1,0.8,,,0,0,0,0,0,10059,8010,171,136,0,69,ModerateBurden,,Moderate,Low,0.004,2802,2231,1,1,-0.002,-0.28,1,0,0.006,3879,3089,0,1,0,0,0,0,0.77,0,0.82,0,0.03,0,,,0.02,0,0.04,0,0,0,2,165,16,33,1,1,1,1,78884,0.628,72407,0.577,211,0.026,893,0.008,106,0.004,-0.0513,-0.0018,-0.0007,4095,0.505,2241,0.276,74784,0.71,70165,0.666,23809,0.883,24950,0.925,0.03,0.09,0.21,2.4,0.01,0.03,0.01,0.02,0.09,0.09,Uncertain
"Box Elder County, UT",49003,Medium metro,"Ogden-Clearfield, UT",Metropolitan,UT,8,56046,0.082,0.017,0,0,0,0,0,27,48,2,3.6,0,1,0,27,48,1,1.8,5524,9856,57,102,0,17,ModerateBurden,,Moderate,Moderate,0.043,237,423,0,0.96,-0.012,-0.39,-1,-0.02,0.054,389,694,1,0.99,9,17,0,0,0.17,0.03,,,0,0,8,-1,0,0.03,,,0,0,2,52,0,15,1,1,1,1,20142,0.359,14975,0.267,62,0.01,212,0.005,20,0.003,-0.0031,-0.0016,-0.0003,913,0.15,500,0.082,19226,0.498,14475,0.375,6125,0.828,4423,0.598,0.07,0.09,0.13,3,0,0.1,0.01,0.01,0.16,0.13,Uncertain
"Delta County, CO",8029,Non-core,,,CO,8,31162,,0.005,0,0,0,0,0,27,87,1,3.2,0.59,0,0,17,55,1,3.2,2801,8989,64,205,0,14,ModerateBurden,,Substantial,Substantial,0.025,640,2054,1,0.99,0.015,-0.12,0,-0.01,0.01,724,2323,1,1,3,6,0,0,0.38,0.04,0.6,0.02,0.03,0,2,,0.03,0.01,0.26,-0.1,0.01,0,1,49,6,10,1,1,1,1,7018,0.225,7650,0.245,32,0.014,113,0.005,16,0.002,0.0013,-0.0015,-0.0024,177,0.078,89,0.039,6835,0.273,7561,0.302,2518,0.301,3512,0.42,0.1,0.18,0.27,2.4,0.01,0.15,0.01,0.01,0.69,0.43,Likely Decreasing
"Valencia County, NM",35061,Medium metro,"Albuquerque, NM",Metropolitan,NM,6,76688,0.084,0.037,0,0,0,0,0,27,35,1,1.3,0.23,-0.5,0,22,29,2,2.6,6833,8910,117,153,0,22,ModerateBurden,,Moderate,Moderate,0.013,1389,1811,1,0.95,0,-0.04,-1,-0.01,0.013,1440,1878,2,0.97,,,,,,,,,,,,,,,,,,,,,,,,,,,26279,0.343,24972,0.326,197,0.031,473,0.008,72,0.005,-0.0094,-0.0011,-0.0007,1485,0.232,635,0.099,24794,0.422,24337,0.414,7189,0.514,8399,0.601,0.09,0.19,0.18,2.7,0.01,0.61,0.04,0.01,0.9,0.62,Uncertain
"Carolina Municipio, PR",72031,,"San Juan-Bayamón-Caguas, PR",Metropolitan,PR,2,,,,,0,0,0,0,27,18,0,0,-0.18,,0,33,22,0,0,8611,5858,0,0,0,,,,Moderate,Moderate,0.019,1715,1167,,,-0.003,-0.42,,,0.022,2949,2006,,,2,1,0,0,0.62,0.02,0.92,0,0.35,0.02,,-1,-0.01,0,-0.04,0,-0.03,-0.01,1,240,8,16,1,1,1,1,69729,0.474,50703,0.345,313,0.03,1811,0.015,291,0.009,-0.0243,-0.0115,-0.0112,2750,0.263,760,0.073,66953,0.555,49941,0.414,18849,0.554,15388,0.452,0.08,0.29,,,,,,,,,
"Cass County, IN",18017,Micropolitan,"Logansport, IN",Micropolitan,IN,5,37689,1,0.006,0,0,0,0,0,27,72,1,2.7,-0.29,0,0,38,101,1,2.7,5978,15861,108,287,0,9,ModerateBurdenResolving,,High,High,0.145,373,990,2,0.38,0.08,-0.31,0,-0.47,0.065,542,1438,2,0.85,1,4,0,0,0.51,0.03,0.37,0,0,0,-0.75,,-0.03,-0.1,-0.06,0,-0.01,0,1,25,5,14,1,1,1,1,12467,0.331,10801,0.287,37,0.012,96,0.003,15,0.002,0.0049,-0.005,-0.0029,352,0.115,160,0.052,12114,0.417,10641,0.366,4830,0.701,4563,0.662,0.11,0.15,0.18,2.5,0.02,0.16,0,0.02,0.72,0.62,Uncertain
"Sheridan County, WY",56033,Micropolitan,"Sheridan, WY",Micropolitan,WY,8,30485,1,0.053,0,0,0,0,0,27,89,0,0,0.93,,0,14,46,0,0,3234,10608,31,102,0,0,ModerateBurden,,Substantial,Moderate,0.045,237,777,1,0.93,0.004,-0.17,0,-0.04,0.041,286,938,1,0.98,12,16,0,0,0.6,0.02,0.48,0,0.11,0,1,,0.06,0.02,0.25,0,0.11,0,2,75,11,8,1,0.5,1,1,12234,0.401,10927,0.358,59,0.026,126,0.005,27,0.004,0.0065,-0.0001,0.0003,287,0.125,128,0.056,11947,0.497,10799,0.449,5346,0.809,5036,0.762,0.1,0.06,0.22,2.2,0.01,0.04,0.01,0.01,0.09,0.06,Uncertain
"Lincoln County, WV",54043,Medium metro,"Charleston, WV",Metropolitan,WV,3,20409,0.079,0.011,0,0,0,0,0,27,132,0,0,1.08,-1,0,13,64,1,4.9,1567,7678,23,113,0,6,ModerateBurden,,High,Substantial,0.049,224,1098,1,0.9,-0.047,-0.2,0,-0.06,0.096,281,1377,1,0.96,,,,,,,,,,,,,,,,,,,,,,,,,,,3437,0.168,2566,0.126,28,0.018,38,0.002,5,0.001,-0.0277,-0.0048,-0.001,240,0.151,54,0.034,3195,0.201,2511,0.158,1207,0.296,1088,0.267,0.08,0.25,0.2,2.7,0,0.01,0,0,0.61,0.41,Uncertain
"Macon County, IL",17115,Small metro,"Decatur, IL",Metropolitan,IL,5,104009,1,0.008,0,0,1976,0.019,0,27,26,1,1,-0.56,-0.75,0.001,62,60,4,3.8,10960,10538,209,201,0,26,ModerateBurden,,Moderate,Substantial,0.009,1576,1515,1,0.99,-0.022,-0.32,0,0,0.031,2304,2215,1,0.98,14,4,0,0,0.58,0.02,0.45,0.05,0.24,0.03,-0.22,,-0.01,-0.02,-0.05,-0.06,0.02,-0.01,2,370,50,37,1,1,1,1,43637,0.42,33520,0.322,132,0.017,617,0.008,92,0.004,-0.0062,-0.004,-0.002,1034,0.134,381,0.049,42529,0.526,33129,0.409,17020,0.803,13831,0.653,0.05,0.16,0.2,2.3,0.18,0.02,0,0.01,0.6,0.52,Uncertain
"Dubuque County, IA",19061,Small metro,"Dubuque, IA",Metropolitan,IA,7,97311,1,0.031,0,0,4588,0.047,0,26,27,0,0,0,,0,26,27,0,0,13477,13849,209,215,0,48,ModerateBurden,,Moderate,Moderate,0.025,1145,1177,0,1,-0.017,-0.18,0,0,0.042,1394,1433,0,1,5,2,4,1,0.47,0.02,0.62,0,0.04,0,-0.17,3,-0.02,0,0.08,0,0.01,0,3,321,36,79,1,1,1,1,52759,0.542,48798,0.501,94,0.013,268,0.004,18,0.001,-0.0212,-0.0028,-0.0017,2052,0.276,968,0.13,50706,0.674,47830,0.636,16856,0.946,16346,0.917,0.04,0.12,0.18,2.4,0.04,0.03,0,0.01,0.23,0.21,Uncertain
"Randall County, TX",48381,Medium metro,"Amarillo, TX",Metropolitan,TX,6,137713,0.52,0.005,0,1,6113,0.044,0,26,19,0,0,-0.3,-1,0,37,27,2,1.5,16939,12300,287,208,0,22,ModerateBurden,,Moderate,Moderate,0.004,373,271,0,1,-0.046,-0.21,-1,0.05,0.05,471,342,1,0.95,,,,,,,,,,,,,,,,,,,,,,,,,,,,,,,,,,,,,,,,,,,,,,,,,,,,0.11,0.09,0.16,2.6,0.03,0.23,0,0.02,0.22,0.29,Uncertain
"Highlands County, FL",12055,Small metro,"Sebring-Avon Park, FL",Metropolitan,FL,4,106221,1,0.005,0,0,0,0,0,26,24,0,0,-0.32,-1,0,38,36,3,2.8,8793,8278,366,345,0,37,ModerateBurden,,Moderate,Moderate,0.018,1176,1107,,,-0.018,-0.21,,,0.036,1489,1402,,,8,3,4,1,0.66,0.04,0.6,0.06,0.08,0,-0.43,-0.2,-0.01,-0.01,0.08,-0.01,-0.03,0,2,305,46,59,1,1,1,1,47868,0.451,35470,0.334,67,0.011,503,0.006,115,0.003,0.0028,-0.0009,-0.0005,383,0.062,148,0.024,47478,0.537,35321,0.4,30175,0.788,22879,0.598,0.13,0.19,0.36,2.4,0.1,0.21,0,0.01,0.87,0.85,Uncertain
"Hunterdon County, NJ",34019,Large fringe metro,"New York-Newark-Jersey City, NY-NJ-PA",Metropolitan,NJ,2,124371,0.006,0.014,0,0,0,0,0,26,21,0,0,0,-1,0,26,21,1,0.8,9810,7888,176,142,0,56,ModerateBurden,,Moderate,Moderate,0.012,2190,1761,0,1,0.001,-0.27,0,0,0.012,3012,2422,0,1,3,1,0,0,0.57,0.01,0.45,0.06,0.08,0.03,-0.25,,-0.06,0,-0.11,0,-0.03,0,1,201,16,33,1,1,1,1,81750,0.657,63165,0.508,399,0.041,1226,0.012,121,0.005,-0.0175,-0.0025,-0.0022,3344,0.345,1305,0.134,78405,0.779,61859,0.615,21373,0.887,17697,0.735,0.03,0.05,0.19,2.6,0.02,0.07,0,0.04,0.03,0.06,Uncertain
"Wilson County, TX",48493,Large fringe metro,"San Antonio-New Braunfels, TX",Metropolitan,TX,6,51070,0.02,0.002,0,0,0,0,0,26,51,0,0,-0.19,-1,0,32,63,1,2,4621,9048,69,135,0,7,ModerateBurden,,High,Substantial,0.1,331,648,1,1,0.052,-0.25,0,0,0.048,439,860,1,1,0,0,0,0,0.12,0,0,0,0,0,,,0,0,0,0,0,0,1,57,4,11,1,1,1,1,,,,,,,,,,,,,,,,,,,,,,,,,,0.14,0.1,0.16,3,0.01,0.4,0,0,0.44,0.58,Uncertain
"Grafton County, NH",33009,Micropolitan,"Lebanon, NH-VT",Micropolitan,NH,1,89886,0.414,0.066,0,1,10814,0.12,0,26,29,0,0,0.24,,0,21,23,0,0,4060,4517,26,29,0,41,ModerateBurden,,Moderate,Moderate,0.002,5178,5761,,,-0.001,-0.34,,,0.003,7895,8783,,,3,0,23,4,0.7,0.01,0.59,0.02,0.17,0.01,-0.67,0.21,-0.01,-0.01,-0.01,-0.02,0,-0.01,5,600,87,153,1,1,1,1,61365,0.683,53474,0.595,98,0.019,485,0.006,100,0.005,-0.2859,0.0064,0.0052,2982,0.568,1343,0.256,58352,0.772,52118,0.69,18340,0.956,16777,0.875,0.08,0.1,0.21,2.4,0.01,0.03,0,0.04,0.19,0.02,Likely Decreasing
"Hardee County, FL",12049,Micropolitan,"Wauchula, FL",Micropolitan,FL,4,26937,1,0.001,0,0,0,0,0,26,97,0,0,0.53,,0,17,63,0,0,3286,12199,45,167,0,33,ModerateBurden,,Substantial,Substantial,0.07,280,1039,,,-0.02,0.01,,,0.091,278,1032,,,0,0,0,0,0.7,0,,,,,-1,,0.02,-0.01,,,,,1,35,0,0,1,1,1,1,7550,0.28,5892,0.219,12,0.005,108,0.005,22,0.005,-0.0137,-0.003,-0.0006,115,0.049,36,0.015,7435,0.37,5856,0.292,3077,0.655,2788,0.594,0.12,0.27,0.17,3.2,0.07,0.44,0,0.01,0.98,0.95,Likely Decreasing
"Dougherty County, GA",13095,Small metro,"Albany, GA",Metropolitan,GA,4,87956,0.599,0.008,0,0,4367,0.05,0,26,30,3,3.4,-0.13,,0,30,34,0,0,7666,8716,308,350,0,32,ModerateBurden,,Moderate,Moderate,0.034,462,525,0,0.92,-0.027,-0.2,0,0.01,0.062,575,654,0,0.91,6,2,0,0,0.93,0.05,0.84,0.24,0.22,0.03,-0.45,,-0.04,-0.02,0.08,-0.02,-0.02,0,1,350,50,142,1,1,1,1,9768,0.111,9830,0.112,145,0.021,527,0.008,54,0.004,0.0099,0.0007,-0.0007,474,0.07,204,0.03,9294,0.138,9626,0.143,1706,0.118,1950,0.134,0.17,0.29,0.16,2.5,0.7,0.03,0,0.01,0.95,0.8,Uncertain
"Blount County, TN",47009,Medium metro,"Knoxville, TN",Metropolitan,TN,4,133088,0.153,0.019,0,0,1102,0.008,0,26,20,0,0,2.25,,0,8,6,0,0,15643,11754,196,147,0,37,ModerateBurden,,Moderate,Low,0.041,447,336,1,0.98,0.002,-0.37,0,-0.02,0.039,705,530,1,0.99,5,2,0,0,0.54,0.02,0.64,0.07,0.39,0.01,-0.17,,-0.07,-0.01,0.05,-0.02,0.16,-0.03,1,276,24,21,1,1,1,1,53016,0.398,44709,0.336,108,0.011,427,0.004,60,0.002,-0.0045,-0.0025,-0.0007,1215,0.125,497,0.051,51787,0.486,44210,0.415,20700,0.756,18755,0.685,0.09,0.12,0.21,2.5,0.03,0.04,0,0.01,0.25,0.48,Uncertain
"Jefferson Davis Parish, LA",22053,Non-core,"Jennings, LA",Micropolitan,LA,6,31368,1,0.007,0,0,0,0,0,26,83,0,0,4.2,,0,5,16,0,0,3227,10288,97,309,0,0,ModerateBurden,,Substantial,Moderate,0.004,320,1020,1,0.98,-0.026,0.57,0,-0.01,0.029,204,650,1,0.98,4,11,0,0,0.8,0.07,0.94,0.26,0.1,0.08,,-1,-0.01,0.05,0.03,0.06,-0.02,-0.03,1,37,5,9,1,1,1,1,7119,0.227,6192,0.197,13,0.005,72,0.003,13,0.002,-0.0007,-0.0011,-0.0015,74,0.027,26,0.01,7045,0.301,6166,0.264,3096,0.59,2806,0.535,0.09,0.19,0.17,2.7,0.16,0.03,0.01,0,0.81,0.83,Uncertain
"Jefferson County, OR",41031,Non-core,,,OR,10,24658,,0.006,0,0,0,0,0,26,105,0,0,-0.38,-1,0,42,170,1,4.1,2338,9482,38,154,0,6,ModerateBurden,,High,High,0.07,294,1192,0,1,-0.032,-0.21,-1,0.01,0.102,372,1509,1,0.99,0,0,0,0,0.59,0.01,,,0,0,,,-0.01,0.01,,,0,0,1,25,0,3,1,1,1,1,11797,0.478,10154,0.412,37,0.02,141,0.007,19,0.004,-0.0107,-0.0032,-0.0029,466,0.249,201,0.107,11313,0.598,9953,0.526,3876,0.793,3631,0.743,0.1,0.2,0.2,2.8,0.01,0.2,0.15,0.01,0.91,0.82,Uncertain
"Okeechobee County, FL",12093,Micropolitan,"Okeechobee, FL",Micropolitan,FL,4,42168,1,0.002,0,0,0,0,0,26,62,0,0,0.13,,0,23,55,0,0,4188,9932,89,211,0,8,ModerateBurdenResolving,,Substantial,Substantial,0.07,550,1304,,,0.011,-0.05,,,0.059,577,1368,,,3,3,2,2,0.37,0.03,0.88,0.2,0.06,0.04,-0.25,1,-0.06,-0.01,-0.11,-0.13,-0.01,0.01,1,100,8,23,1,1,1,1,14508,0.344,12081,0.286,52,0.017,198,0.006,28,0.003,0.0093,-0.0008,-0.002,194,0.065,70,0.023,14314,0.431,12011,0.362,7207,0.85,6401,0.755,0.18,0.23,0.2,2.7,0.08,0.26,0.01,0.01,0.95,0.93,Uncertain
"Knox County, KY",21121,Micropolitan,"London, KY",Micropolitan,KY,4,31145,0.21,0.007,0,0,1016,0.033,0,26,83,6,19.3,5.5,5,0,4,13,1,3.2,3368,10814,44,141,0,0,ModerateBurden,,Substantial,Moderate,0.055,235,755,0,0.96,-0.011,-0.08,0,-0.03,0.066,256,822,0,1,3,1,0,0,0.54,0.02,0.58,0.04,0.17,0,-0.25,,-0.06,-0.02,-0.09,-0.09,-0.06,-0.04,3,204,20,34,1,1,1,1,8273,0.266,7227,0.232,13,0.005,74,0.003,12,0.002,-0.002,-0.0028,-0.0007,105,0.042,38,0.015,8168,0.341,7189,0.3,2975,0.539,2791,0.505,0.07,0.33,0.18,2.5,0.01,0.01,0,0,0.83,0.9,Uncertain
"Lowndes County, MS",28087,Micropolitan,"Columbus, MS",Micropolitan,MS,4,58595,1,0.02,0,0,2109,0.036,0,26,44,0,0,0.73,-1,0,15,26,1,1.7,6472,11045,149,254,0,18,ModerateBurden,,Moderate,Moderate,0.055,197,336,0,1,0.035,-0.4,0,0,0.02,326,556,0,1,0,0,0,0,0.36,0.01,0.8,0,0.36,0,,,-0.03,0,-0.07,-0.04,0.03,-0.03,1,298,16,24,1,1,1,1,20748,0.354,16417,0.28,87,0.019,378,0.008,47,0.005,0.0141,0.005,0.0033,323,0.07,118,0.026,20424,0.457,16299,0.364,7333,0.769,6496,0.681,0.13,0.22,0.16,2.5,0.44,0.02,0,0.01,0.8,0.24,Uncertain
"Rankin County, MS",28121,Medium metro,"Jackson, MS",Metropolitan,MS,4,155271,0.261,0.052,0,0,0,0,0,26,17,1,0.6,-0.5,-0.67,0,52,33,3,1.9,13819,8900,282,182,0,6,ModerateBurden,,Moderate,Moderate,0.022,277,178,0,1,-0.015,-0.21,0,0,0.038,351,226,0,1,1,1,0,0,0.4,0.01,0.54,0.03,0.05,0,,,0,0,-0.1,0,0,0,4,190,37,33,1,1,1,1,56602,0.365,45516,0.293,201,0.016,834,0.007,94,0.004,0.0087,0.0043,0.0023,1098,0.086,460,0.036,55501,0.463,45053,0.376,18399,0.756,16105,0.662,0.09,0.08,0.16,2.6,0.21,0.03,0,0.01,0.31,0.3,Uncertain
"Barry County, MO",29009,Non-core,,,MO,7,35789,,0.006,0,0,0,0,0,26,73,0,0,1.17,,0,12,34,0,0,2945,8229,47,131,0,0,ModerateBurden,,Substantial,Moderate,0.078,189,528,1,0.99,0.043,-0.13,0,0,0.035,218,609,1,1,0,0,0,0,0.45,0.05,,,0,0,-1,-1,-0.04,0.02,,,0,0,2,33,0,7,1,1,1,1,11464,0.32,9592,0.268,17,0.006,104,0.004,22,0.003,0,-0.0016,0.0003,137,0.048,57,0.02,11326,0.41,9535,0.345,5083,0.676,4535,0.603,0.16,0.21,0.21,2.7,0,0.1,0.01,0.02,0.71,0.71,Uncertain
"Franklin County, MO",29071,Large fringe metro,"St. Louis, MO-IL",Metropolitan,MO,7,103967,0.037,0.017,0,0,0,0,0,26,25,1,1,0.37,,0,19,18,0,0,10761,10350,185,178,0,15,ModerateBurden,,Moderate,Moderate,0.025,1053,1013,0,0.98,-0.004,-0.15,0,-0.02,0.028,1237,1190,0,1,3,2,31,22,0.63,0.02,0.8,0.15,0.08,0.03,0.51,0.07,-0.04,0,0.04,0.03,-0.05,-0.02,1,139,19,34,1,1,1,1,43594,0.419,36052,0.347,123,0.015,435,0.005,52,0.003,-0.0056,-0.0024,-0.0023,1015,0.123,335,0.041,42577,0.53,35717,0.444,16095,0.859,13734,0.733,0.08,0.11,0.18,2.5,0.01,0.02,0,0.01,0.15,0.58,Uncertain
"Lawrence County, IN",18093,Micropolitan,"Bedford, IN",Micropolitan,IN,5,45370,1,0.007,0,0,0,0,0,26,57,0,0,-0.19,-1,0,32,71,1,2.2,4706,10372,121,267,0,18,ModerateBurdenResolving,,Substantial,Substantial,0.071,255,562,1,0.98,-0.005,-0.35,0,0.02,0.077,395,871,1,0.96,7,10,0,0,0.39,0.06,0.26,0.05,0,0,1.44,,0.01,0.02,0.02,-0.01,0,0,2,72,20,7,1,1,1,1,17301,0.381,15060,0.332,59,0.016,201,0.006,20,0.002,0.0077,-0.0032,-0.0012,369,0.102,132,0.036,16930,0.474,14927,0.418,6957,0.745,6539,0.7,0.08,0.12,0.21,2.4,0,0.02,0,0.01,0.28,0.51,Uncertain
"Henry County, IN",18065,Micropolitan,"New Castle, IN",Micropolitan,IN,5,47972,1,0.007,0,0,0,0,0,26,54,1,2.1,0,0,0,26,54,1,2.1,5880,12257,107,223,0,14,ModerateBurden,,Substantial,Substantial,0.038,499,1040,0,0.99,-0.014,-0.27,0,0.15,0.052,686,1430,0,0.84,1,1,0,0,0.51,0.02,0.58,0.04,0,0,-0.67,,0.06,-0.03,0.02,-0.08,0,0,1,71,30,9,1,1,1,1,19634,0.409,17170,0.358,56,0.015,177,0.005,23,0.002,0.003,-0.0127,-0.0026,419,0.115,185,0.051,19215,0.503,16985,0.444,7437,0.803,7108,0.767,0.08,0.15,0.19,2.4,0.03,0.02,0,0,0.38,0.32,Uncertain
"Beaufort County, NC",37013,Micropolitan,"Washington, NC",Micropolitan,NC,4,46994,1,0.004,0,0,0,0,0,26,55,2,4.3,0.08,,0,24,51,0,0,4720,10044,97,206,0,8,ModerateBurden,,Substantial,Substantial,0.041,368,783,1,0.95,-0.024,-0.49,0,-0.05,0.065,725,1543,1,1,2,3,0,0,0.78,0.03,0.77,0.09,0.06,0.06,0,,-0.05,-0.03,-0.01,-0.04,-0.02,-0.02,1,63,11,18,1,1,1,1,19718,0.42,17424,0.371,21,0.006,129,0.003,11,0.001,-0.0049,-0.0014,-0.0013,239,0.069,123,0.036,19473,0.517,17299,0.459,9252,0.802,8521,0.739,0.1,0.19,0.25,2.4,0.24,0.08,0,0,0.72,0.77,Uncertain
"Branch County, MI",26023,Micropolitan,"Coldwater, MI",Micropolitan,MI,5,43517,1,0.004,0,0,0,0,0,26,60,0,0,-0.04,,0,27,62,0,0,4829,11097,96,221,0,40,ModerateBurden,,Substantial,Substantial,0.033,497,1142,0,0.97,-0.023,-0.3,0,-0.01,0.056,711,1634,0,0.98,3,3,4,5,0.26,0.02,0.34,0.04,0,0,0.5,0.33,-0.04,0,-0.21,0.03,0,0,1,88,10,3,1,1,1,1,15450,0.355,13996,0.322,12,0.003,134,0.004,14,0.002,-0.0028,-0.0019,-0.0021,286,0.081,186,0.053,15164,0.452,13810,0.412,6015,0.74,5643,0.694,0.11,0.15,0.19,2.5,0.02,0.05,0,0.01,0.63,0.52,Uncertain
"Greene County, NC",37079,Non-core,,,NC,4,21069,,0.002,0,0,0,0,0,26,123,3,14.2,1,,0,13,62,0,0,2398,11382,47,223,0,22,ModerateBurden,,High,Substantial,0.045,445,2112,1,0.99,0.007,-0.03,0,-0.01,0.038,461,2188,1,1,,,,,,,,,,,,,,,,,,,,,,,,,,,6803,0.323,5525,0.262,8,0.005,119,0.007,8,0.002,-0.0034,0.0013,-0.0014,98,0.066,48,0.032,6704,0.397,5476,0.324,2233,0.622,1755,0.489,0.17,0.26,0.17,2.6,0.36,0.16,0.01,0,0.99,0.97,Likely Decreasing
"Eddy County, NM",35015,Micropolitan,"Carlsbad-Artesia, NM",Micropolitan,NM,6,58460,1,0.028,0,0,0,0,0,26,44,1,1.7,2.25,-0.5,0,8,14,2,3.4,6902,11806,140,239,0,29,ModerateBurden,,Moderate,Moderate,0.013,783,1339,1,0.9,-0.004,0.16,-1,-0.09,0.017,673,1151,2,1,0,0,13,11,0.25,0,0.36,0,0.13,0,,0.86,0.03,-0.01,0.04,-0.06,0.04,-0.04,2,114,12,11,1,1,1,1,13910,0.238,12932,0.221,56,0.011,281,0.007,42,0.005,-0.0391,-0.0043,-0.0021,485,0.097,125,0.025,13423,0.313,12807,0.298,3182,0.373,3886,0.455,0.1,0.15,0.15,2.7,0.01,0.51,0.01,0.01,0.7,0.64,Uncertain
"Russell County, AL",1113,Medium metro,"Columbus, GA-AL",Metropolitan,AL,4,57961,0.181,0.012,0,0,0,0,0,26,45,1,1.7,0.44,0,0,18,31,1,1.7,4531,7817,41,71,0,14,ModerateBurden,,Moderate,Moderate,0.024,297,512,2,0.91,-0.023,-0.02,0,-0.04,0.047,303,523,2,0.95,0,0,0,0,0.47,0,0.52,0,0,0,,,-0.01,0,-0.17,0,0,0,1,36,8,5,1,1,1,1,15427,0.266,12442,0.215,4,0.001,115,0.003,14,0.002,0,-0.0006,-0.0017,185,0.042,73,0.016,15242,0.347,12369,0.281,6028,0.702,5169,0.602,0.13,0.21,0.15,2.5,0.45,0.06,0,0.01,0.91,0.93,Uncertain
"Franklin County, NC",37069,Large fringe metro,"Raleigh-Cary, NC",Metropolitan,NC,4,69685,0.05,0.007,0,0,0,0,0,26,37,1,1.4,1,,0,13,19,0,0,7039,10101,52,75,0,36,ModerateBurden,,Moderate,Moderate,0.031,787,1129,0,1,-0.012,-0.2,0,0,0.043,982,1409,0,1,,,,,,,,,,,,,,,,,,,,,,,,,,,26210,0.376,20631,0.296,64,0.012,274,0.005,27,0.002,-0.0031,-0.0008,-0.0005,858,0.157,423,0.078,25327,0.465,20204,0.371,8944,0.749,7472,0.626,0.11,0.14,0.17,2.6,0.25,0.09,0.01,0.01,0.64,0.85,Uncertain
"Schenectady County, NY",36093,Medium metro,"Albany-Schenectady-Troy, NY",Metropolitan,NY,2,155299,0.176,0.008,0,0,2195,0.014,0,26,17,2,1.3,-0.54,1,0,57,37,1,0.6,13180,8487,204,131,0,55,ModerateBurden,,Moderate,Moderate,0.009,3351,2158,1,0.96,-0.01,-0.15,0,-0.02,0.019,3963,2552,1,0.98,5,1,0,0,0.7,0.01,0.84,0.06,0.26,0.03,-0.55,,0.02,0,0,-0.01,0.02,-0.01,2,431,36,56,1,1,1,1,88481,0.57,77908,0.502,385,0.034,1070,0.009,133,0.005,-0.0173,-0.0046,-0.0023,4634,0.405,2252,0.197,83839,0.688,75654,0.621,24067,0.893,22596,0.839,0.05,0.11,0.17,2.8,0.11,0.07,0.01,0.05,0.39,0.45,Uncertain
"Rensselaer County, NY",36083,Medium metro,"Albany-Schenectady-Troy, NY",Metropolitan,NY,2,158714,0.18,0.008,0,1,9585,0.06,0,26,16,1,0.6,0.37,,0,19,12,0,0,11215,7066,142,89,0,52,ModerateBurden,,Moderate,Moderate,0.008,3263,2056,1,0.97,0.002,-0.13,0,0,0.005,3737,2355,1,0.98,0,0,0,0,0.87,0,0.63,0,0.25,0,-1,,-0.01,-0.01,-0.24,-0.05,0,-0.01,2,190,20,78,1,1,1,1,91671,0.578,81285,0.512,261,0.025,1031,0.008,126,0.005,-0.0253,-0.006,-0.0082,4120,0.393,2315,0.221,87524,0.683,78968,0.617,24483,0.881,22638,0.814,0.04,0.12,0.18,2.4,0.07,0.05,0,0.03,0.34,0.37,Uncertain
"Hendry County, FL",12051,Micropolitan,"Clewiston, FL",Micropolitan,FL,4,42022,1,0.002,0,0,0,0,0,25,59,1,2.4,0.04,0,0,24,57,1,2.4,4882,11618,87,207,0,33,ModerateBurden,,Substantial,High,0.077,207,493,,,-0.026,-0.22,,,0.103,265,631,,,0,0,0,0,0.27,0.02,0,0,0,0,-1,,0.01,-0.06,0,0,0,0,1,25,3,5,1,1,1,1,14084,0.335,11184,0.266,87,0.023,305,0.01,26,0.004,0.0157,0.0014,-0.0016,242,0.064,55,0.015,13838,0.449,11129,0.361,4576,0.792,4071,0.704,0.26,0.27,0.14,3.2,0.11,0.55,0.01,0.01,0.99,1,Likely Decreasing
"Lafayette County, MS",28071,Micropolitan,"Oxford, MS",Micropolitan,MS,4,54019,1,0.018,0,1,19864,0.368,0,25,46,1,1.9,0.92,,0,13,24,0,0,6283,11631,120,222,0,11,ModerateBurden,,Moderate,Moderate,0.016,186,344,1,1,-0.013,-0.34,1,0,0.029,280,518,0,1,5,2,0,0,0.66,0.05,0.96,0.16,0.22,0.05,-0.17,,0.06,0.02,0.21,0.09,-0.02,0,1,247,14,19,1,1,1,1,23236,0.43,18597,0.344,87,0.026,254,0.006,21,0.003,0.0112,0.0031,0.0007,547,0.161,227,0.067,22687,0.515,18369,0.417,5765,0.799,5095,0.707,0.09,0.24,0.13,2.5,0.23,0.03,0,0.02,0.51,0.18,Uncertain
"Noble County, IN",18113,Micropolitan,"Kendallville, IN",Micropolitan,IN,5,47744,1,0.007,0,0,0,0,0,25,52,0,0,-0.04,-1,0,26,54,1,2.1,5771,12087,85,178,0,32,ModerateBurden,,Substantial,Substantial,0.039,332,695,2,0.77,-0.011,-0.39,0,-0.01,0.05,547,1146,2,0.79,1,3,0,0,0.37,0.01,0.57,0,0,0,0,-1,-0.12,-0.04,0.18,-0.04,0,0,1,31,4,2,1,1,1,1,14583,0.305,12742,0.267,33,0.008,125,0.003,19,0.002,-0.0038,-0.0041,-0.0003,302,0.076,102,0.026,14281,0.395,12640,0.35,5696,0.722,5447,0.691,0.08,0.07,0.17,2.6,0.01,0.11,0,0.01,0.47,0.71,Uncertain
"Starr County, TX",48427,Micropolitan,"Rio Grande City-Roma, TX",Micropolitan,TX,6,64633,1,0.002,0,0,0,0,0,25,39,3,4.6,1.08,,0,12,19,0,0,9497,14694,301,466,0,0,ModerateBurden,,Moderate,Moderate,0.069,344,532,1,0.97,0.042,-0.14,0,-0.02,0.027,400,619,1,0.99,3,11,0,0,0.78,0.03,,,0,0,-0.58,,0.09,0.01,,,0,0,1,27,0,26,1,1,1,1,,,,,,,,,,,,,,,,,,,,,,,,,,0.33,0.35,0.11,3.9,0,0.96,0,0,0.98,0.99,Uncertain
"Craven County, NC",37049,Small metro,"New Bern, NC",Metropolitan,NC,4,102139,0.822,0.01,0,0,0,0,0,25,24,1,1,0.56,0,0,16,16,1,1,9431,9233,128,125,0,17,ModerateBurden,,Moderate,Moderate,0.01,861,843,1,0.97,-0.007,-0.35,0,0.01,0.017,1330,1302,1,0.96,14,5,0,0,0.63,0.02,0.6,0,0.05,0,2.5,,-0.09,0.01,-0.12,-0.01,-0.03,-0.01,1,309,23,56,1,1,1,1,42613,0.417,37883,0.371,139,0.02,289,0.004,33,0.002,-0.0037,-0.0004,-0.0001,1059,0.151,499,0.071,41462,0.516,37374,0.465,17128,0.852,16241,0.808,0.11,0.16,0.2,2.4,0.21,0.08,0,0.03,0.81,0.66,Uncertain
"Ector County, TX",48135,Small metro,"Odessa, TX",Metropolitan,TX,6,166223,1,0.006,0.001,0,2148,0.013,0,25,15,0,0,-0.29,-1,0,35,21,2,1.2,17439,10491,377,227,0,29,ModerateBurden,,Moderate,High,0.047,436,262,1,0.99,-0.107,0.18,0,0.12,0.154,370,223,1,0.88,5,1,0,0,0.66,0.02,0.57,0.04,0.17,0.01,-0.58,,-0.01,-0.01,-0.17,-0.07,0,-0.01,3,446,52,220,1,1,1,1,,,,,,,,,,,,,,,,,,,,,,,,,,0.21,0.12,0.1,3,0.04,0.63,0,0.01,0.79,0.64,Uncertain
"Pulaski County, MO",29169,Micropolitan,"Fort Leonard Wood, MO",Micropolitan,MO,7,52607,1,0.009,0,0,0,0,0,25,48,3,5.7,1.27,,0,11,21,0,0,3534,6718,55,105,0,0,ModerateBurden,,Moderate,Moderate,0.075,218,414,0,1,0.051,-0.2,0,0,0.024,273,519,0,1,,,,,,,,,,,,,,,,,,,,,,,,,,,15893,0.302,12598,0.239,55,0.016,624,0.015,12,0.003,-0.0073,0.0019,-0.0038,392,0.115,154,0.045,15499,0.376,12444,0.302,3672,0.765,3236,0.675,0.1,0.16,0.09,2.9,0.11,0.12,0.01,0.03,0.65,0.82,Uncertain
"Darlington County, SC",45031,Small metro,"Florence, SC",Metropolitan,SC,4,66618,0.325,0.013,0,0,1145,0.017,0,25,38,2,3,-0.42,-0.33,0,43,65,3,4.5,8584,12885,180,270,0,27,ModerateBurden,,Moderate,Substantial,0.017,565,848,1,0.98,-0.015,-0.14,0,-0.01,0.032,660,991,1,1,1,1,0,0,0.57,0.03,0.85,0.17,0.25,0.14,,,0.04,-0.01,-0.04,-0.04,-0.1,-0.05,2,89,12,12,1,1,1,1,24765,0.372,21107,0.317,60,0.012,369,0.007,79,0.006,0.0046,-0.0002,0.0028,407,0.078,188,0.036,24333,0.468,20913,0.403,10200,0.785,9140,0.704,0.11,0.22,0.2,2.5,0.41,0.02,0,0,0.93,0.9,Likely Decreasing
"Lafayette County, MO",29107,Large fringe metro,"Kansas City, MO-KS",Metropolitan,MO,7,32708,0.015,0.005,0,0,0,0,0,25,76,0,0,0.09,,0,23,70,0,0,3153,9640,57,174,0,5,ModerateBurden,,Substantial,Substantial,0.045,214,654,0,1,-0.006,-0.3,0,0.01,0.051,307,939,0,0.99,0,0,0,0,0.26,0,1,0,0,0,,-1,-0.08,0,0,0,0,0,1,25,1,4,1,1,1,1,11426,0.349,10010,0.306,32,0.012,107,0.004,24,0.004,-0.0052,-0.0015,0.0008,250,0.093,113,0.042,11175,0.444,9896,0.393,4372,0.706,4082,0.659,0.08,0.13,0.19,2.5,0.02,0.03,0,0.01,0.39,0.7,Uncertain
"Florence County, SC",45041,Small metro,"Florence, SC",Metropolitan,SC,4,138293,0.675,0.027,0,0,3053,0.022,0,25,18,1,0.7,-0.39,-0.5,0,41,30,2,1.4,17907,12949,421,304,0,36,ModerateBurden,,Moderate,Moderate,0.021,1390,1005,1,0.99,-0.009,-0.26,0,0,0.03,1872,1354,1,0.99,15,2,8,1,0.84,0.03,0.79,0.07,0.45,0.03,0.25,1,-0.03,0,-0.02,0.01,-0.05,-0.01,4,784,112,109,1,1,1,1,55376,0.4,47799,0.346,128,0.011,795,0.008,132,0.005,-0.0042,-0.0005,0.0002,1373,0.12,662,0.058,53936,0.51,47119,0.445,20072,0.834,18436,0.766,0.1,0.19,0.17,2.6,0.43,0.03,0,0.02,0.9,0.37,Uncertain
"Hot Spring County, AR",5059,Micropolitan,"Malvern, AR",Micropolitan,AR,6,33771,1,0.011,0,0,0,0,0,25,74,0,0,-0.11,,0,28,83,0,0,5212,15433,74,219,0,0,ModerateBurden,,Substantial,Substantial,0.016,521,1543,0,0.99,-0.077,2.95,0,0,0.093,132,391,0,1,2,8,7,27,0.6,0.03,,,0.21,0,1,0.17,-0.02,0.02,,,0.21,0,1,26,0,8,1,1,1,1,10169,0.301,8705,0.258,19,0.007,119,0.004,7,0.001,-0.0095,-0.0002,-0.0021,199,0.076,89,0.034,9964,0.372,8616,0.321,4094,0.627,3694,0.566,0.08,0.18,0.19,2.5,0.11,0.04,0.01,0,0.82,0.75,Uncertain
"Clark County, KY",21049,Medium metro,"Lexington-Fayette, KY",Metropolitan,KY,4,36263,0.07,0.008,0,0,0,0,0,25,69,1,2.8,-0.17,-0.5,0,30,83,2,5.5,2997,8265,32,88,0,27,ModerateBurden,,Substantial,Substantial,0.021,458,1263,0,0.99,0.003,-0.22,0,0,0.018,584,1610,0,1,3,4,0,0,0.36,0.01,0.42,0.02,0.21,0,0.5,,-0.01,0,0.01,0.02,-0.03,0,1,79,20,9,1,1,1,1,16551,0.456,13643,0.376,33,0.012,227,0.008,31,0.005,-0.0897,-0.0037,-0.0009,589,0.215,145,0.053,15961,0.566,13498,0.478,5073,0.768,4570,0.691,0.06,0.16,0.18,2.5,0.05,0.03,0,0.01,0.61,0.59,Uncertain
"Colbert County, AL",1033,Small metro,"Florence-Muscle Shoals, AL",Metropolitan,AL,4,55241,0.373,0.011,0,0,0,0,0,25,45,2,3.6,1.5,,0,10,18,0,0,6372,11535,139,252,0,35,ModerateBurden,,Moderate,High,0.062,160,290,0,0.97,-0.056,-0.19,0,-0.02,0.118,197,357,0,0.99,9,3,1,0,0.52,0.04,0.75,0.46,0.44,0.3,0.8,0,0,0.01,0.02,0.18,0.06,0.19,2,287,18,10,1,1,1,1,19851,0.359,16693,0.302,,,35,0.001,7,0.001,0,-0.0004,0.0001,142,0.036,51,0.013,19708,0.451,16642,0.381,8352,0.755,7318,0.661,0.08,0.16,0.2,2.5,0.16,0.03,0.01,0.01,0.43,0.59,Uncertain
"Southeast Fairbanks Census Area, AK",2240,Non-core,,,AK,10,6893,,0.009,0,0,0,0,0,25,363,0,0,0.47,,0,17,247,0,0,753,10924,5,73,0,0,ModerateBurden,,High,High,0.074,144,2089,0,1,-0.056,-0.11,0,0,0.13,161,2336,0,1,,,,,,,,,,,,,,,,,,,,,,,,,,,1752,0.254,1476,0.214,18,0.035,16,0.003,2,0.002,0.029,0.0023,0.0019,37,0.071,12,0.023,1714,0.331,1464,0.283,650,0.603,604,0.56,0.16,0.11,0.16,3,0.02,0.07,0.11,0.02,0.58,0.34,Uncertain
"St. Bernard Parish, LA",22087,Large fringe metro,"New Orleans-Metairie, LA",Metropolitan,LA,6,47244,0.037,0.01,0,0,0,0,0,25,53,2,4.2,1.5,,0,10,21,0,0,4093,8664,54,114,0,0,ModerateBurden,,Substantial,Moderate,0.022,1717,3634,0,1,0.019,-0.26,0,0,0.004,2324,4919,0,1,4,6,0,0,0.42,0.03,0.34,0,0,0,-0.2,,0.09,0.01,-0.01,0,-0.02,0,1,66,16,16,1,1,1,1,14774,0.313,13004,0.275,34,0.008,180,0.005,13,0.002,-0.0054,-0.0017,-0.0016,358,0.088,163,0.04,14416,0.415,12841,0.37,4015,0.709,3823,0.675,0.11,0.2,0.12,3,0.23,0.1,0.01,0.02,0.77,0.64,Uncertain
"Clinton County, MI",26037,Medium metro,"Lansing-East Lansing, MI",Metropolitan,MI,5,79595,0.145,0.008,0,0,0,0,0,24,30,1,1.3,-0.4,-0.5,0,40,50,2,2.5,7602,9551,90,113,0,48,ModerateBurden,,Moderate,Substantial,0.031,595,748,1,0.99,-0.01,-0.09,0,0,0.041,652,819,1,0.99,10,56,0,0,0.67,0.09,,,,,,,0.1,0.09,,,,,1,18,0,0,1,1,1,1,36409,0.457,33819,0.425,24,0.004,213,0.003,23,0.002,-0.0043,-0.0021,-0.0008,1064,0.165,1138,0.176,35343,0.57,32680,0.527,10562,0.76,10244,0.737,0.04,0.09,0.17,2.6,0.02,0.05,0,0.02,0.04,0.44,Uncertain
"Grand Traverse County, MI",26055,Micropolitan,"Traverse City, MI",Micropolitan,MI,5,93088,0.618,0.009,0,0,1381,0.015,0,24,26,1,1.1,-0.08,,0,26,28,0,0,6464,6944,97,104,0,45,ModerateBurden,,Moderate,Moderate,0.024,678,728,0,0.99,-0.023,-0.21,0,0,0.047,858,922,0,0.99,5,1,0,0,0.77,0.01,0.85,0.05,0.33,0.08,-0.62,,0.01,-0.02,0.02,-0.04,-0.04,-0.03,1,438,90,34,1,1,1,1,53253,0.572,48793,0.524,60,0.009,272,0.004,35,0.002,-0.0034,-0.0038,-0.0012,1972,0.301,1411,0.215,51278,0.688,47381,0.636,17350,0.898,16328,0.845,0.07,0.1,0.21,2.4,0.01,0.03,0.01,0.01,0.18,0.21,Uncertain
"Olmsted County, MN",27109,Small metro,"Rochester, MN",Metropolitan,MN,5,158293,0.713,0.028,0,0,515,0.003,0,24,15,0,0,0.14,-1,0,21,13,1,0.6,13373,8448,102,64,0,39,ModerateBurden,,Moderate,Moderate,0.01,4133,2611,0,0.99,0.001,0.05,0,0,0.01,3941,2490,0,1,6,0,34,3,0.74,0.01,0.62,0.02,0.21,0.01,-0.4,-0.03,-0.03,0,-0.03,0,-0.04,0,2,1305,165,219,1,1,1,1,99289,0.627,87316,0.552,232,0.018,510,0.004,43,0.002,-0.0338,-0.0026,-0.0011,6381,0.493,3266,0.253,92535,0.774,83968,0.702,22563,0.894,21530,0.853,0.04,0.09,0.16,2.5,0.07,0.05,0,0.06,0.26,0.04,Uncertain
"Frio County, TX",48163,Non-core,"Pearsall, TX",Micropolitan,TX,6,20306,1,0.001,0,0,0,0,0,24,118,0,0,-0.25,,0,32,158,0,0,2953,14542,52,256,0,1,ModerateBurden,,High,High,0.052,140,689,1,1,-0.024,-0.62,1,0,0.076,369,1817,0,1,1,3,0,0,0.26,0,,,0,0,,,0.09,0,,,0,0,1,37,0,7,1,1,1,1,,,,,,,,,,,,,,,,,,,,,,,,,,0.22,0.2,0.12,3.4,0.03,0.8,0,0.02,0.99,0.99,Uncertain
"Anderson County, TN",47001,Medium metro,"Knoxville, TN",Metropolitan,TN,4,76978,0.089,0.011,0,0,0,0,0,24,31,1,1.3,,,0,0,0,0,0,8846,11492,173,225,0,37,ModerateBurden,,High,Moderate,0.121,170,221,1,1,0.068,-0.47,0,0.01,0.053,322,418,1,0.99,8,5,0,0,0.7,0.03,0.8,0.02,0.3,0,1,,-0.08,0,0.01,-0.03,0.06,0,1,175,25,34,1,1,1,1,33114,0.43,27962,0.363,49,0.008,245,0.004,36,0.002,-0.0078,-0.0029,-0.0013,847,0.144,398,0.068,32257,0.532,27562,0.454,12305,0.789,11167,0.716,0.09,0.16,0.2,2.4,0.04,0.03,0,0.01,0.61,0.51,Uncertain
"Lynchburg city, VA",51680,Medium metro,"Lynchburg, VA",Metropolitan,VA,3,82168,0.312,0.01,0,1,45126,0.549,0,24,29,1,1.2,,,0,0,0,0,0,7824,9522,154,187,0,21,ModerateBurden,,Moderate,Moderate,0.033,413,503,1,0.99,-0.046,-0.38,0,0.05,0.079,664,808,1,0.94,10,2,8,1,0.61,0.02,0.78,0.05,0.37,0.03,-0.28,7.02,-0.03,0,-0.03,0.01,0.06,0,2,579,61,80,1,1,1,1,644,0.008,470,0.006,4,0.001,9,0,1,0,0.0008,-0.0001,0.0001,13,0.003,5,0.001,631,0.01,465,0.007,103,0.009,82,0.007,0.09,0.22,0.14,2.5,0.28,0.05,0,0.03,0.74,0.26,Uncertain
"Kendall County, IL",17093,Large fringe metro,"Chicago-Naperville-Elgin, IL-IN-WI",Metropolitan,IL,5,128990,0.014,0.01,0,0,0,0,0,24,19,2,1.6,-0.58,,0,57,44,0,0,13258,10278,98,76,0,39,ModerateBurden,,Moderate,Moderate,0.016,1464,1135,0,0.99,-0.006,-0.25,0,0.01,0.022,1945,1508,0,0.98,,,,,,,,,,,,,,,,,,,,,,,,,,,73017,0.566,50117,0.389,477,0.036,996,0.011,78,,-0.0165,-0.0064,0,5370,0.402,2096,0.157,67366,0.726,47987,0.517,14321,0.999,10508,0.76,0.04,0.05,0.11,3.1,0.07,0.2,0,0.03,0.14,0.18,Uncertain
"Montgomery County, IN",18107,Micropolitan,"Crawfordsville, IN",Micropolitan,IN,5,38338,1,0.006,0,0,881,0.023,0,24,63,0,0,1.18,,0,11,29,0,0,4309,11240,89,232,0,0,ModerateBurden,,Substantial,Moderate,0.033,233,608,1,0.99,-0.001,-0.33,0,0.03,0.034,347,905,1,0.96,1,5,7,32,0.8,0.06,0.63,0,0,0,0,-0.3,0.01,0.03,0.06,-0.03,0,0,1,22,5,8,1,1,1,1,13496,0.352,11516,0.3,40,0.013,158,0.005,20,0.003,-0.0003,-0.0016,0,336,0.11,160,0.052,13160,0.444,11356,0.383,5213,0.743,4917,0.7,0.09,0.1,0.18,2.4,0.01,0.05,0,0.01,0.37,0.57,Uncertain
"Vernon Parish, LA",22115,Micropolitan,"Fort Polk South, LA",Micropolitan,LA,6,47429,1,0.01,0,0,0,0,0,24,51,0,0,1.67,-1,0,9,19,1,2.1,3176,6696,104,219,0,8,ModerateBurden,,Substantial,Moderate,0.033,159,335,0,0.98,0.006,-0.34,0,-0.01,0.027,241,508,0,0.99,8,13,0,0,0.53,0,0.55,0.03,0.05,0,,,-0.19,0,-0.33,0.02,0.01,0,1,62,14,12,1,1,1,1,13847,0.292,10370,0.219,24,0.007,357,0.01,21,0.003,0.0006,-0.0021,0.0012,144,0.044,52,0.016,13703,0.383,10318,0.289,3954,0.657,3497,0.581,0.09,0.18,0.13,2.7,0.14,0.09,0.01,0.02,0.74,0.47,Uncertain
"Iroquois County, IL",17075,Non-core,,,IL,5,27114,,0.002,0,0,0,0,0,24,89,0,0,-0.23,-1,0,31,114,1,3.7,3112,11477,67,247,0,18,ModerateBurden,,Substantial,High,0.052,289,1066,0,0.99,-0.04,-0.43,0,-0.01,0.091,511,1885,0,1,3,12,0,0,0.3,0.02,0,0,0.1,0,0.5,,0.08,0.01,-0.1,0,0.1,0,1,25,6,6,1,1,1,1,10430,0.385,8664,0.32,34,0.016,134,0.006,18,0.003,-0.0047,-0.0031,-0.0028,250,0.116,104,0.048,10174,0.479,8560,0.403,4560,0.764,3916,0.656,0.06,0.14,0.22,2.4,0.01,0.07,0,0.01,0.34,0.65,Likely Decreasing
"Albany County, WY",56001,Micropolitan,"Laramie, WY",Micropolitan,WY,8,38880,1,0.067,0,1,9955,0.256,0,24,62,0,0,-0.14,-1,0,28,72,3,7.7,4540,11677,15,39,0,17,ModerateBurdenResolving,,Substantial,Substantial,0.025,397,1021,2,0.91,-0.05,-0.16,0,0.04,0.076,471,1211,2,0.88,1,1,0,0,0.29,0.04,0.33,0.33,0.12,0.12,-0.86,-1,0.01,-0.02,-0.03,0,0.12,0.12,1,89,6,12,1,1,1,1,17449,0.449,14641,0.377,87,0.043,297,0.009,33,0.007,0.0305,0.0032,0.004,586,0.293,165,0.082,16863,0.517,14476,0.444,3942,0.83,3660,0.77,0.07,0.23,0.12,2.2,0.02,0.1,0.01,0.04,0.25,0.03,Likely Decreasing
"Johnson County, MO",29101,Micropolitan,"Warrensburg, MO",Micropolitan,MO,7,54062,1,0.009,0,1,8009,0.148,0,24,44,1,1.8,1.18,,0,11,20,0,0,4831,8936,57,105,0,0,ModerateBurden,,Moderate,Moderate,0.039,337,623,0,0.99,0.009,-0.22,0,-0.01,0.03,431,797,0,1,5,14,0,0,0.84,0.02,0.83,0,0,0,-0.48,,-0.03,-0.02,-0.08,-0.11,0,0,1,35,5,3,1,1,1,1,15885,0.294,13337,0.247,59,0.016,168,0.004,12,0.002,0.0025,-0.0032,-0.0001,366,0.1,158,0.043,15519,0.366,13179,0.311,4419,0.634,4071,0.584,0.09,0.16,0.13,2.5,0.05,0.05,0.01,0.02,0.35,0.66,Uncertain
"Pottawattamie County, IA",19155,Medium metro,"Omaha-Council Bluffs, NE-IA",Metropolitan,IA,7,93206,0.098,0.03,0,0,0,0,0,24,26,2,2.1,3.8,1,0,5,5,1,1.1,11200,12016,173,186,0,52,ModerateBurden,,Moderate,Low,0.044,518,556,1,0.99,0.018,-0.26,0,-0.01,0.026,697,748,1,1,1,1,4,2,0.8,0.01,0.62,0.02,0.09,0,-0.67,,0.04,-0.02,0.1,-0.05,0.01,0,2,200,28,61,1,1,1,1,41767,0.448,37013,0.397,177,0.023,417,0.006,45,0.003,-0.0106,-0.0026,-0.001,1963,0.26,949,0.126,39804,0.558,36064,0.505,13491,0.806,12834,0.767,0.06,0.11,0.18,2.5,0.02,0.08,0,0.01,0.46,0.18,Uncertain
"Fayette County, GA",13113,Large fringe metro,"Atlanta-Sandy Springs-Alpharetta, GA",Metropolitan,GA,4,114421,0.019,0.011,0,0,0,0,0,24,21,2,1.7,-0.27,0,0,33,29,2,1.7,9088,7943,176,154,0,29,ModerateBurden,,Moderate,Moderate,0.002,2906,2540,0,0.99,-0.003,-0.13,0,0.01,0.005,3323,2904,0,0.98,9,4,0,0,0.7,0.05,0.8,0.05,0.4,0,-0.31,-1,-0.02,-0.01,-0.08,-0.1,-0.02,-0.01,1,244,44,72,1,1,1,1,30529,0.267,27246,0.238,404,0.036,925,0.01,109,0.005,0.0206,0.0004,-0.0002,1049,0.094,528,0.047,29475,0.335,26717,0.303,10579,0.493,9656,0.45,0.07,0.06,0.19,2.8,0.25,0.07,0,0.05,0.06,0.11,Uncertain
"Wharton County, TX",48481,Micropolitan,"El Campo, TX",Micropolitan,TX,6,41556,1,0.001,0,0,0,0,0,24,58,0,0,0.71,,0,14,34,0,0,4224,10165,116,279,0,14,ModerateBurden,,High,Substantial,0.101,297,715,0,0.97,0.02,-0.04,0,0,0.081,309,744,0,0.97,2,3,0,0,0.25,0.01,0.38,0,0.07,0,-0.54,-1,-0.04,-0.04,0.05,-0.17,0.02,0,1,58,4,16,1,1,1,1,,,,,,,,,,,,,,,,,,,,,,,,,,0.18,0.18,0.17,2.7,0.13,0.43,0,0,0.88,0.95,Uncertain
"Stark County, ND",38089,Micropolitan,"Dickinson, ND",Micropolitan,ND,8,31489,0.971,0.041,0,0,902,0.029,0,24,76,0,0,-0.04,,0,25,79,0,0,4926,15644,51,162,0,19,ModerateBurden,,Substantial,Substantial,0.039,482,1531,0,1,0.008,-0.19,0,0,0.031,595,1890,0,1,0,0,0,0,0.46,0.06,0.46,0,0,0,-1,,-0.06,-0.02,0.04,0,0,0,1,25,4,11,1,1,1,1,9286,0.295,7699,0.244,20,0.008,73,0.003,7,0.002,0,-0.001,-0.0014,161,0.064,80,0.032,9115,0.397,7617,0.332,3285,0.751,2775,0.635,0.09,0.09,0.14,2.5,0.03,0.06,0.01,0.01,0.21,0.08,Uncertain
"Sullivan County, NY",36105,Non-core,,,NY,2,75432,,0.004,0,0,215,0.003,0,24,32,0,0,-0.33,-1,0,36,48,2,2.7,6661,8830,74,98,0,50,ModerateBurden,,Moderate,Moderate,0.021,1744,2312,1,0.98,-0.003,-0.15,0,-0.01,0.024,2053,2722,1,0.99,3,3,0,0,0.79,0.03,0.23,0.08,0.06,0.02,2,,0.08,0.01,-0.08,0.05,0,0.01,2,102,19,33,1,1,1,1,34608,0.459,30168,0.4,126,0.023,681,0.011,117,0.008,0.0124,0.0013,0.0012,1194,0.218,497,0.091,33408,0.561,29667,0.498,10796,0.741,9896,0.679,0.06,0.15,0.19,2.6,0.08,0.17,0,0.02,0.79,0.86,Uncertain
"Putnam County, NY",36079,Large fringe metro,"New York-Newark-Jersey City, NY-NJ-PA",Metropolitan,NY,2,98320,0.005,0.005,0,0,0,0,0,24,24,1,1,0.71,,0,14,14,0,0,10599,10780,92,94,0,56,ModerateBurden,,Moderate,Moderate,0.013,1951,1984,0,0.98,0.006,-0.21,-1,-0.01,0.007,2485,2527,1,0.99,2,2,0,0,0.52,0,0.43,0.01,0.01,0,1,-1,0,0,0.06,0.01,-0.05,0,1,127,10,29,1,1,1,1,56998,0.58,50109,0.51,252,0.033,658,0.008,81,0.005,-0.019,-0.0043,-0.0016,2636,0.35,1159,0.154,54359,0.686,48948,0.618,14663,0.827,13540,0.764,0.05,0.05,0.18,2.8,0.03,0.16,0,0.02,0.08,0.21,Uncertain
"Cortland County, NY",36023,Micropolitan,"Cortland, NY",Micropolitan,NY,2,47581,1,0.002,0,1,6391,0.134,0,24,50,2,4.2,-0.56,,0,54,113,0,0,3911,8220,62,130,0,10,ModerateBurdenResolving,,Substantial,High,0.018,1859,3907,1,0.99,-0.01,0.03,0,0,0.028,1804,3791,1,0.99,7,13,0,0,0.88,0.1,0.42,0.15,0.01,0,0.75,,0.1,0.03,0.01,0.08,0.01,0,1,52,12,11,1,1,1,1,23050,0.484,20307,0.427,72,0.022,279,0.007,38,0.005,-0.0025,-0.0048,-0.0017,1103,0.34,427,0.132,21947,0.571,19880,0.517,6720,0.836,6263,0.779,0.04,0.15,0.17,2.5,0.02,0.03,0,0.01,0.35,0.27,Uncertain
"Sussex County, NJ",34037,Large fringe metro,"New York-Newark-Jersey City, NY-NJ-PA",Metropolitan,NJ,2,140488,0.007,0.016,0,0,0,0,0,24,17,2,1.4,-0.29,,0,34,24,0,0,14004,9968,304,216,0,57,ModerateBurden,,Moderate,Moderate,0.02,1919,1366,0,1,0.002,-0.26,0,0,0.018,2593,1846,0,1,2,1,2,1,0.73,0.01,0.5,0.06,0.17,0.04,0,-0.71,0.04,-0.01,0.16,0.01,0.07,0.01,1,185,17,23,1,1,1,1,81876,0.583,66475,0.473,253,0.024,1120,0.01,117,0.005,-0.0202,-0.0041,-0.0019,2695,0.254,959,0.09,79167,0.699,65516,0.579,21771,0.863,18925,0.75,0.05,0.05,0.18,2.6,0.02,0.09,0,0.02,0.02,0.18,Uncertain
"Somerset County, NJ",34035,Large fringe metro,"New York-Newark-Jersey City, NY-NJ-PA",Metropolitan,NJ,2,328934,0.017,0.037,0.001,0,63,0,0,24,7,3,0.9,-0.51,-0.25,0,49,15,4,1.2,30048,9135,845,257,0,60,LowBurden,,Low,Moderate,0.008,5390,1639,0,1,-0.005,-0.27,0,0,0.013,7337,2231,0,1,3,1,0,0,0.76,0.01,0.41,0.02,0.24,0.04,-0.67,,-0.02,-0.01,0.04,0,-0.03,0,2,424,46,25,1,1,1,1,219459,0.667,170539,0.518,1480,0.054,3249,0.013,300,0.006,-0.0271,-0.0048,-0.0021,11150,0.405,3909,0.142,208291,0.807,166628,0.645,47749,0.898,40387,0.759,0.05,0.05,0.16,2.8,0.1,0.15,0,0.19,0.1,0.08,Uncertain
"Merrimack County, NH",33013,Micropolitan,"Concord, NH",Micropolitan,NH,1,151391,1,0.111,0,1,32809,0.217,0,24,16,0,0,-0.33,-1,0,36,24,1,0.7,9632,6362,116,77,0,48,ModerateBurden,,Moderate,Moderate,0.013,1201,793,,,-0.006,-0.29,,,0.019,1698,1122,,,0,0,0,0,0.8,0.01,0.81,0,0.2,0,,,0.05,-0.01,0,-0.08,0.02,-0.01,3,284,19,49,1,1,1,1,93457,0.617,82329,0.544,276,0.026,694,0.006,89,,-0.166,0.0057,0,4111,0.386,2137,0.201,89272,0.727,80166,0.653,28873,0.999,26816,0.948,0.06,0.07,0.19,2.5,0.02,0.02,0,0.02,0.15,0.03,Uncertain
"Sumter County, FL",12119,Small metro,"The Villages, FL",Metropolitan,FL,4,132420,1,0.006,0,0,0,0,0,24,18,3,2.3,-0.23,0.5,0,31,23,2,1.5,9511,7182,284,214,0,66,ModerateBurden,,Moderate,Moderate,0.034,976,737,,,-0.015,-0.24,,,0.049,1279,966,,,0,0,0,0,0.82,0.01,0.79,0.04,0.29,0.02,-1,,-0.03,-0.01,0.04,-0.03,0.03,0.02,3,290,32,33,1,1,1,1,97340,0.735,85369,0.645,34,0.011,472,0.004,172,0.002,-0.0041,-0.0018,-0.0014,339,0.107,115,0.036,96960,0.788,85247,0.693,73336,0.952,66166,0.859,0.06,0.09,0.58,2,0.07,0.06,0,0.01,0.24,0.36,Uncertain
"Uinta County, WY",56041,Micropolitan,"Evanston, WY",Micropolitan,WY,8,20226,1,0.035,0,0,0,0,0,24,119,0,0,0.71,,0,14,69,0,0,2290,11322,13,64,0,0,ModerateBurden,,High,Substantial,0.046,238,1177,0,1,-0.006,0.05,-1,0.03,0.051,226,1117,1,0.97,0,0,0,0,0.07,0,0.1,0.05,0,0,-1,,-0.06,-0.02,-0.29,-0.29,0,0,1,44,3,21,1,1,1,1,6543,0.323,5638,0.279,80,0.039,125,0.009,22,0.007,0.035,0.0027,0.0033,130,0.063,25,0.012,6412,0.443,5613,0.388,2266,0.749,2071,0.685,0.12,0.13,0.15,2.6,0.01,0.09,0.01,0,0.45,0.12,Likely Decreasing
"Kosciusko County, IN",18085,Micropolitan,"Warsaw, IN",Micropolitan,IN,5,79456,1,0.012,0,0,1490,0.019,0,24,30,2,2.5,-0.41,,0,41,52,0,0,9591,12071,119,150,0,34,ModerateBurden,,Moderate,Substantial,0.042,217,273,1,0.95,-0.055,-0.38,0,-0.03,0.098,351,442,1,0.97,1,1,0,0,0.6,0.01,1,0.11,0.04,0.01,-0.67,,-0.07,-0.01,0.12,0.05,-0.14,0,1,72,9,15,1,1,1,1,25327,0.319,22221,0.28,65,0.01,261,0.004,56,0.004,0.0002,-0.0022,0.0008,551,0.086,244,0.038,24776,0.409,21977,0.362,9519,0.694,8945,0.652,0.11,0.1,0.17,2.5,0.01,0.08,0,0.02,0.46,0.4,Uncertain
"Rockingham County, VA",51165,Small metro,"Harrisonburg, VA",Metropolitan,VA,3,81948,0.607,0.01,0,0,1850,0.023,0,24,29,1,1.2,-0.11,0,0,27,33,1,1.2,6838,8344,109,133,0,40,ModerateBurden,,Moderate,Moderate,0.023,375,458,1,1,-0.034,-0.18,0,0,0.057,460,561,1,1,,,,,,,,,,,,,,,,,,,,,,,,,,,9827,0.12,8568,0.105,53,0.008,129,0.002,20,0.001,0.0019,-0.0001,-0.0006,430,0.068,236,0.037,9377,0.146,8329,0.13,3415,0.214,3170,0.198,0.11,0.1,0.19,2.5,0.02,0.07,0,0.01,0.32,0.48,Likely Decreasing
"Bradley County, AR",5011,Non-core,,,AR,6,10763,,0.004,0,0,0,0,0,24,223,0,0,0.5,,0,16,149,0,0,1435,13333,32,297,0,0,ModerateBurden,,High,High,0.215,39,362,0,0.97,0.04,1.17,0,-0.03,0.175,18,167,0,1,4,16,0,0,0.6,0,,,0,0,1,,0.16,-0.01,,,0,0,1,25,0,4,1,1,1,1,4342,0.403,3683,0.342,6,0.007,46,0.006,7,0.003,-0.0113,-0.0022,-0.0019,55,0.062,28,0.032,4285,0.524,3655,0.447,1659,0.801,1452,0.701,0.11,0.23,0.19,2.4,0.27,0.16,0,0,0.98,0.97,Uncertain
"Greene County, PA",42059,Non-core,,,PA,3,36233,,0.003,0,0,1365,0.038,0,24,66,0,0,-0.33,,0,36,99,0,0,3319,9160,40,110,0,3,ModerateBurden,,Substantial,Substantial,0.032,380,1049,1,0.98,-0.023,-0.12,0,-0.02,0.055,432,1192,1,0.99,1,8,2,17,0.68,0.05,,,0,0,0,-0.5,-0.19,-0.05,,,0,0,1,12,0,5,1,1,1,1,15110,0.417,12347,0.341,24,0.01,193,0.007,30,0.004,-0.0029,-0.0018,-0.0009,191,0.08,96,0.04,14917,0.511,12249,0.419,5877,0.838,4752,0.678,0.05,0.14,0.19,2.4,0.04,0.02,0,0,0.44,0.35,Likely Decreasing
"Perry County, PA",42099,Medium metro,"Harrisburg-Carlisle, PA",Metropolitan,PA,3,46272,0.08,0.004,0,0,0,0,0,24,52,0,0,0.6,,0,15,32,0,0,3839,8297,100,216,0,44,ModerateBurden,,Substantial,Moderate,0.054,223,482,1,0.98,0.005,-0.29,0,0,0.049,312,674,1,0.98,,,,,,,,,,,,,,,,,,,,,,,,,,,21555,0.466,15570,0.336,49,0.014,371,0.01,71,,-0.0097,-0.0049,0,389,0.114,123,0.036,21163,0.581,15445,0.424,9271,0.999,6628,0.753,0.09,0.08,0.19,2.5,0.01,0.02,0,0,0.11,0.58,Uncertain
"Montgomery County, KY",21173,Micropolitan,"Mount Sterling, KY",Micropolitan,KY,4,28157,0.597,0.006,0,0,0,0,0,23,82,0,0,0.21,,0,19,67,0,0,2825,10033,30,107,0,22,ModerateBurden,,Substantial,Substantial,0.014,283,1005,0,1,-0.035,-0.31,0,0,0.049,408,1449,0,1,1,2,0,0,0.32,0.02,0.82,0.11,0,0,-0.8,,-0.04,0,-0.04,0.11,0,0,1,57,4,17,1,1,1,1,10604,0.377,9166,0.326,28,0.013,102,0.005,13,0.003,-0.0225,-0.0046,-0.0017,373,0.168,86,0.039,10230,0.474,9079,0.421,3400,0.74,3175,0.691,0.07,0.21,0.16,2.6,0.02,0.03,0,0,0.8,0.78,Uncertain
"Polk County, TX",48373,Non-core,,,TX,6,51353,,0.002,0,0,0,0,0,23,45,0,0,,-1,0,0,0,4,7.8,3388,6597,120,234,0,19,ModerateBurden,,Moderate,Low,0.048,334,650,1,0.99,0,-0.54,0,0,0.048,724,1410,1,0.99,2,8,0,0,0.63,0.02,0.71,0.11,0.15,0,1.13,,-0.13,-0.09,-0.11,-0.37,-0.01,0,1,24,5,20,1,1,1,1,,,,,,,,,,,,,,,,,,,,,,,,,,0.18,0.17,0.19,2.5,0.1,0.16,0.02,0.01,0.91,0.74,Uncertain
"Johnson County, IA",19103,Small metro,"Iowa City, IA",Metropolitan,IA,7,151140,0.873,0.048,0,1,26432,0.175,0,23,15,0,0,-0.26,-1,0,31,21,1,0.7,14594,9656,85,56,0,42,ModerateBurden,,Moderate,Moderate,0.016,1544,1022,0,1,-0.009,-0.19,0,0,0.025,1895,1254,0,0.99,10,1,11,1,0.91,0.01,0.87,0.02,0.46,0.01,-0.09,-0.15,0,0,0,0.01,-0.08,0.01,3,987,121,171,1,0.67,1,1,93136,0.616,84577,0.56,217,0.023,554,0.005,38,0.002,-0.0211,-0.0028,0.0001,5216,0.544,2789,0.291,87918,0.726,81788,0.675,17902,0.964,17347,0.934,0.06,0.18,0.12,2.4,0.07,0.06,0,0.06,0.27,0.21,Uncertain
"Monroe County, FL",12087,Micropolitan,"Key West, FL",Micropolitan,FL,4,74228,1,0.003,0,0,371,0.005,0,23,31,2,2.7,1.09,,0,11,15,0,0,7114,9584,52,70,0,60,ModerateBurden,,Moderate,Moderate,0.033,907,1222,,,0.004,-0.08,,,0.028,984,1326,,,2,2,0,0,0.39,0.01,0.54,0,0.02,0,0,,0.01,0,0.12,0,0.01,0,3,128,13,23,1,1,1,1,47094,0.634,36983,0.498,97,0.027,682,0.011,65,,0.0084,-0.0079,0,615,0.172,232,0.065,46465,0.738,36749,0.584,17898,0.999,15573,0.883,0.18,0.12,0.24,2.4,0.06,0.25,0,0.01,0.46,0.74,Uncertain
"Tom Green County, TX",48451,Small metro,"San Angelo, TX",Metropolitan,TX,6,119200,0.977,0.004,0,1,6264,0.053,0,23,19,2,1.7,0.77,,0,13,11,0,0,16913,14189,271,227,0,25,ModerateBurden,,Moderate,Moderate,0.021,233,195,0,0.99,0.01,-0.15,0,0,0.011,273,229,0,0.99,4,1,0,0,0.41,0.01,0.49,0.09,0.09,0.03,-0.2,,0.01,0,0,0,-0.01,0,2,626,43,136,0.5,0.5,1,0.5,,,,,,,,,,,,,,,,,,,,,,,,,,0.15,0.14,0.16,2.6,0.04,0.41,0,0.01,0.66,0.48,Uncertain
"Ohio County, WV",54069,Small metro,"Wheeling, WV-OH",Metropolitan,WV,3,41411,0.298,0.023,0,0,2945,0.071,0,23,56,0,0,0.53,,0,15,36,0,0,4298,10379,86,208,0,48,ModerateBurden,,Substantial,Moderate,0.014,663,1601,2,0.98,-0.029,-0.4,0,0.06,0.043,1103,2664,2,0.92,3,1,0,0,0.69,0.02,0.37,0,0.16,0,-0.73,-1,0,-0.01,-0.09,0,-0.03,0,1,223,30,30,1,1,1,1,3769,0.091,2237,0.054,17,0.006,137,0.004,27,0.003,-0.0095,-0.0033,-0.0008,312,0.114,54,0.02,3455,0.103,2182,0.065,1056,0.115,784,0.085,0.05,0.14,0.22,2.3,0.04,0.01,0,0.01,0.31,0.2,Uncertain
"Magoffin County, KY",21153,Non-core,,,KY,4,12161,,0.003,0,0,0,0,0,23,189,1,8.2,2.29,0,0,7,58,1,8.2,1033,8494,17,140,0,0,ModerateBurden,,High,Substantial,0,85,699,1,0.97,-0.01,-0.21,1,0,0.01,108,888,0,0.97,,,,,,,,,,,,,,,,,,,,,,,,,,,4294,0.353,3736,0.307,12,0.013,33,0.003,2,0.001,0,-0.0006,-0.0009,108,0.113,56,0.059,4186,0.443,3680,0.389,1497,0.692,1351,0.625,0.05,0.28,0.18,2.5,0,0.01,0,0,0.81,0.91,Uncertain
"Caroline County, VA",51033,Large fringe metro,,,VA,3,30725,,0.004,0,0,0,0,0,23,75,0,0,0.05,,0,22,72,0,0,2668,8683,38,124,0,38,ModerateBurden,,Substantial,Substantial,0.026,190,618,1,0.96,0.002,-0.21,0,-0.04,0.025,240,781,1,1,,,,,,,,,,,,,,,,,,,,,,,,,,,2865,0.093,2461,0.08,10,0.004,28,0.001,4,0.001,-0.0009,-0.0009,-0.0013,61,0.027,22,0.01,2800,0.118,2439,0.103,1113,0.214,996,0.191,0.07,0.08,0.17,2.6,0.27,0.05,0.01,0.01,0.35,0.62,Uncertain
"Miami County, IN",18103,Micropolitan,"Peru, IN",Micropolitan,IN,5,35516,1,0.005,0,0,0,0,0,23,65,0,0,0.1,,0,21,59,0,0,3908,11003,68,191,0,27,ModerateBurden,,High,Substantial,0.102,222,625,1,0.85,0.009,0.12,-1,0.17,0.093,198,557,2,0.68,8,23,0,0,0.53,0.07,0.54,0,0,0,1,,0.04,0.02,-0.04,0,0,0,1,35,4,14,1,1,1,1,11048,0.311,9294,0.262,22,0.008,158,0.006,14,0.002,-0.0025,-0.0006,-0.0016,164,0.059,51,0.018,10884,0.389,9243,0.33,4259,0.666,4022,0.629,0.1,0.16,0.18,2.5,0.05,0.03,0.01,0.01,0.59,0.49,Likely Decreasing
"Minnehaha County, SD",46099,Small metro,"Sioux Falls, SD",Metropolitan,SD,8,193134,0.72,0.218,0.001,0,2912,0.015,0,23,12,3,1.6,-0.26,,0,31,16,0,0,31719,16423,363,188,0,52,ModerateBurden,,Moderate,Moderate,0.051,1079,559,0,1,-0.025,-0.3,0,0,0.076,1539,797,0,1,4,0,52,4,0.62,0.01,0.54,0.02,0.29,0.02,-0.43,-0.22,0,0,0.03,-0.02,-0.04,0,8,1202,137,209,1,0.88,1,1,87677,0.454,82575,0.428,439,0.029,806,0.006,46,0.002,-0.0044,0,-0.0004,4223,0.283,1823,0.122,83449,0.578,80751,0.559,18680,0.717,20751,0.797,0.07,0.11,0.13,2.4,0.06,0.05,0.02,0.02,0.36,0.1,Uncertain
"Boone County, AR",5009,Micropolitan,"Harrison, AR",Micropolitan,AR,6,37432,0.828,0.012,0,0,0,0,0,23,61,0,0,0.77,,0,13,35,0,0,3894,10403,80,214,0,0,ModerateBurden,,Substantial,Moderate,0.069,164,438,0,1,0.027,1.52,0,0,0.042,65,174,0,1,1,2,0,0,0.67,0.04,0.35,0,0.1,0,-0.67,,0.15,0.02,0.1,0,0.05,0,1,64,24,13,1,1,1,1,10238,0.274,8290,0.221,11,0.004,82,0.003,12,0.002,-0.0172,-0.0019,-0.0011,221,0.075,104,0.035,10012,0.347,8186,0.283,4737,0.604,4067,0.519,0.07,0.15,0.21,2.5,0,0.03,0.01,0.01,0.44,0.23,Likely Decreasing
"Howell County, MO",29091,Micropolitan,"West Plains, MO",Micropolitan,MO,7,40117,1,0.007,0,0,0,0,0,23,57,0,0,0.92,,0,12,30,0,0,3548,8844,45,112,0,0,ModerateBurden,,Substantial,Moderate,0.034,208,518,1,0.99,-0.002,-0.11,0,-0.01,0.036,234,583,1,1,2,2,3,3,0.61,0.01,0.83,0.08,0.01,0.01,-0.02,-0.51,0,0,0.05,0.07,0.01,0.01,2,109,12,46,1,1,1,1,8396,0.209,6516,0.162,19,0.006,86,0.003,16,0.002,-0.0015,-0.002,-0.0025,113,0.035,40,0.012,8281,0.271,6476,0.212,3931,0.488,3076,0.382,0.13,0.22,0.2,2.5,0.01,0.02,0.01,0.01,0.67,0.32,Likely Decreasing
"Pasquotank County, NC",37139,Micropolitan,"Elizabeth City, NC",Micropolitan,NC,4,39824,0.747,0.004,0,0,1600,0.04,0,23,58,1,2.5,1.88,,0,8,20,0,0,3436,8628,84,211,0,23,ModerateBurden,,Substantial,Substantial,0.095,258,648,1,0.98,0.009,-0.13,0,0,0.085,296,743,1,0.98,4,3,19,17,0.48,0.03,0.41,0.05,0.34,0.02,,0.73,-0.02,0.02,0.03,0.04,0,0.02,1,115,16,37,1,1,1,1,14762,0.371,11190,0.281,40,0.014,145,0.005,18,0.003,0.0024,-0.002,-0.0003,115,0.039,24,0.008,14638,0.471,11164,0.359,5766,0.843,4608,0.674,0.13,0.16,0.17,2.5,0.36,0.06,0,0.01,0.77,0.72,Likely Decreasing
"Chatham County, NC",37037,Medium metro,"Durham-Chapel Hill, NC",Metropolitan,NC,4,74470,0.116,0.007,0,0,0,0,0,23,31,0,0,0,-1,0,23,31,1,1.3,4745,6372,89,120,0,5,ModerateBurden,,Moderate,Moderate,0.027,523,702,1,0.99,-0.005,-0.24,0,0,0.032,688,924,1,0.99,1,4,5,20,0.65,0.01,0.75,0,0,0,,0.67,-0.08,-0.01,-0.11,-0.11,0,0,1,25,4,6,1,1,1,1,35766,0.48,29716,0.399,59,0.011,164,0.003,17,0.001,-0.0092,-0.0024,-0.0006,1171,0.211,537,0.097,34545,0.579,29170,0.489,13750,0.738,12447,0.668,0.12,0.12,0.25,2.4,0.12,0.12,0,0.02,0.38,0.58,Uncertain
"Oswego County, NY",36075,Medium metro,"Syracuse, NY",Metropolitan,NY,2,117124,0.181,0.006,0,1,7104,0.061,0,23,20,0,0,-0.47,-1,0,43,37,1,0.9,7601,6490,91,78,0,50,ModerateBurden,,Moderate,Moderate,0.013,1704,1455,1,0.94,-0.003,-0.3,0,-0.05,0.016,2425,2070,1,0.99,1,1,0,0,0.54,0,0.39,0,0.04,0,0,,0.02,0,0.02,0,0.02,0,1,118,17,23,1,1,1,1,55569,0.474,48530,0.414,157,0.018,785,0.008,85,0.004,-0.0344,-0.0057,-0.0056,2458,0.285,891,0.103,53107,0.573,47638,0.514,16057,0.816,15010,0.762,0.05,0.18,0.17,2.5,0.01,0.03,0,0.01,0.65,0.57,Uncertain
"Jefferson County, NY",36045,Small metro,"Watertown-Fort Drum, NY",Metropolitan,NY,2,109834,1,0.006,0,0,0,0,0,23,21,0,0,-0.49,,0,45,41,0,0,6101,5555,68,62,0,17,ModerateBurden,,Moderate,Moderate,0.012,1122,1022,1,0.95,-0.012,-0.19,0,0.02,0.024,1384,1260,1,0.93,5,3,0,0,0.58,0.01,0.45,0,0.01,0,-0.58,,-0.02,0,0.07,0,0,0,3,194,6,34,1,1,1,1,59428,0.541,51313,0.467,276,0.036,1028,0.012,73,0.005,-0.0498,-0.0052,0.0003,2273,0.3,805,0.106,57155,0.685,50508,0.605,13893,0.89,13323,0.853,0.06,0.15,0.14,2.5,0.06,0.08,0,0.02,0.65,0.78,Uncertain
"Warren County, NJ",34041,Medium metro,"Allentown-Bethlehem-Easton, PA-NJ",Metropolitan,NJ,2,105267,0.125,0.012,0,0,1118,0.011,0,23,22,1,0.9,-0.36,,0,36,34,0,0,9984,9484,237,225,0,49,ModerateBurden,,Moderate,Moderate,0.017,1691,1606,0,1,0.002,-0.23,0,0,0.015,2182,2073,0,1,5,3,0,0,0.55,0.02,0.46,0,0.05,0,1.5,-1,0.01,0.01,0.08,0,0.04,0,2,190,26,35,1,1,1,1,67190,0.638,54106,0.514,305,0.038,1164,0.014,162,0.008,-0.0163,-0.0034,-0.0014,2722,0.342,1145,0.144,64465,0.759,52961,0.624,19074,0.968,17073,0.866,0.06,0.08,0.19,2.5,0.05,0.1,0,0.03,0.22,0.18,Uncertain
"Cape May County, NJ",34009,Small metro,"Ocean City, NJ",Metropolitan,NJ,2,92039,1,0.01,0,0,0,0,0,23,25,1,1.1,-0.26,,0,31,34,0,0,9201,9997,208,226,0,60,ModerateBurden,,Moderate,Moderate,0.014,1327,1442,0,1,0.003,-0.31,0,0,0.011,1921,2087,0,1,4,3,1,1,0.69,0.03,0.46,0.01,0.18,0.04,0.33,,0.07,0.02,-0.1,0.01,0.05,0.04,1,125,16,12,1,1,1,1,58338,0.634,51593,0.561,123,0.022,539,0.007,74,0.003,-0.013,-0.004,-0.0007,1147,0.206,510,0.092,57190,0.752,51080,0.671,22652,0.9,20990,0.834,0.06,0.11,0.27,2.3,0.04,0.08,0,0.01,0.34,0.27,Uncertain
"Vigo County, IN",18167,Small metro,"Terre Haute, IN",Metropolitan,IN,5,107038,0.574,0.016,0,1,12565,0.117,0,23,21,1,0.9,0.15,-0.5,0,20,19,2,1.9,12572,11745,253,236,0,41,ModerateBurden,,Moderate,Moderate,0.028,808,755,1,0.87,-0.003,-0.19,0,-0.06,0.031,1001,935,1,0.93,3,1,2,0,0.64,0.01,0.55,0.05,0.12,0.02,-0.25,-0.71,-0.06,-0.01,-0.08,-0.02,-0.06,-0.02,2,468,54,74,1,1,1,1,41914,0.392,36845,0.344,153,0.021,430,0.005,46,0.003,-0.0154,-0.0013,-0.0003,1231,0.17,470,0.065,40682,0.477,36375,0.427,13625,0.762,13080,0.732,0.08,0.19,0.17,2.4,0.07,0.03,0,0.02,0.73,0.29,Uncertain
"Holmes County, OH",39075,Non-core,,,OH,5,43960,,0.004,0,0,0,0,0,23,52,0,0,0.1,,0,21,48,0,0,2687,6112,101,230,0,0,ModerateBurden,,Substantial,Substantial,0.073,237,539,1,0.99,-0.01,-0.03,0,0,0.082,245,557,1,0.98,1,2,0,0,0.31,0.03,0.21,0.04,0,0,-0.88,,-0.06,-0.08,-0.57,-0.14,0,0,1,47,4,6,1,1,1,1,5717,0.13,5661,0.129,12,0.003,44,0.001,9,0.001,-0.0006,-0.0018,-0.0018,110,0.023,73,0.016,5607,0.184,5588,0.183,2717,0.441,2718,0.442,0.4,0.11,0.14,3.4,0,0.01,0,0,0.44,0.28,Likely Decreasing
"Crawford County, AR",5033,Medium metro,"Fort Smith, AR-OK",Metropolitan,AR,6,63257,0.253,0.021,0,0,0,0,0,23,36,0,0,0.28,,0,18,28,0,0,7151,11305,119,188,0,0,ModerateBurden,,Moderate,Moderate,0.048,97,153,0,0.94,0.033,4.11,0,-0.01,0.015,19,30,0,0.96,0,0,0,0,0.51,0,,,0,0,,,-0.12,0,,,0,0,1,7,0,6,1,1,1,1,17706,0.28,15049,0.238,35,0.006,178,0.004,30,0.003,-0.006,-0.0024,-0.0016,389,0.071,184,0.034,17293,0.361,14859,0.31,6480,0.597,5777,0.532,0.09,0.16,0.17,2.6,0.02,0.08,0.02,0.01,0.61,0.71,Uncertain
"Columbia County, GA",13073,Medium metro,"Augusta-Richmond County, GA-SC",Metropolitan,GA,4,156714,0.257,0.015,0,0,0,0,0,23,15,1,0.6,-0.5,-0.67,0,46,29,3,1.9,17051,10880,210,134,0,30,ModerateBurden,,Moderate,Moderate,0.016,635,405,0,0.95,-0.005,-0.26,0,0.01,0.021,861,549,0,0.93,,,,,,,,,,,,,,,,,,,,,,,,,,,31891,0.203,27684,0.177,450,0.032,869,0.007,78,0.004,0.0081,0.0003,-0.0005,1474,0.106,642,0.046,30379,0.259,27041,0.23,8722,0.398,7943,0.363,0.08,0.09,0.14,3.1,0.18,0.07,0,0.04,0.13,0.27,Uncertain
"Franklin County, AL",1059,Non-core,,,AL,4,31362,,0.006,0,0,0,0,0,23,73,1,3.2,2.83,,0,6,19,0,0,4296,13698,83,265,0,0,ModerateBurden,,Substantial,Substantial,0.018,109,348,0,0.99,-0.072,-0.31,0,0.09,0.09,158,504,0,0.9,0,0,0,0,0.51,0,0.26,0,0,0,,,-0.03,0,0.02,0,-0.02,0,2,43,6,6,1,1,1,1,10290,0.328,8336,0.266,,,40,0.002,5,0.001,-0.0004,-0.0014,-0.0002,43,0.016,20,0.008,10247,0.434,8316,0.353,4240,0.789,3603,0.67,0.13,0.2,0.17,2.8,0.04,0.18,0,0,0.84,0.89,Uncertain
"Polk County, WI",55095,Non-core,,,WI,5,43783,,0.008,0,0,0,0,0,23,53,1,2.3,-0.32,,0,34,78,0,0,4818,11004,61,139,0,23,ModerateBurdenResolving,,Substantial,Substantial,0.035,461,1053,1,0.99,-0.016,-0.37,0,0,0.051,729,1665,1,0.99,12,14,0,0,0.4,0.03,0.67,0,0.06,0,0,-1,0.1,0,0.14,0,0.05,0,3,83,3,14,1,1,1,1,18269,0.417,16658,0.38,45,0.013,187,0.005,29,0.003,-0.0216,-0.0016,-0.0024,432,0.126,212,0.062,17836,0.513,16446,0.473,7803,0.836,7479,0.801,0.07,0.1,0.21,2.3,0,0.02,0.01,0.01,0.09,0.28,Uncertain
"Carroll County, VA",51035,Non-core,,,VA,3,29791,,0.003,0,0,0,0,0,23,77,2,6.7,1.88,1,0,8,27,1,3.4,2709,9093,77,258,0,45,ModerateBurden,,High,High,0.207,83,279,1,0.99,0.083,-0.39,0,0.01,0.124,137,460,1,0.98,,,,,,,,,,,,,,,,,,,,,,,,,,,2424,0.081,1956,0.066,1,0.001,22,0.001,3,0,-0.002,0,0,52,0.026,32,0.016,2367,0.097,1924,0.079,1109,0.146,956,0.126,0.12,0.15,0.25,2.4,0.01,0.04,0,0,0.34,0.75,Uncertain
"Dallas County, IA",19049,Medium metro,"Des Moines-West Des Moines, IA",Metropolitan,IA,7,93453,0.134,0.03,0,0,0,0,0,23,25,0,0,0.64,-1,0,14,15,1,1.1,11272,12062,99,106,0,64,ModerateBurden,,Moderate,Moderate,0.027,617,660,1,0.99,0.004,-0.28,0,-0.01,0.022,852,912,1,1,1,8,0,0,0.01,0.01,,,0,0,,,-0.04,0.01,,,0,0,1,12,0,3,1,1,1,1,48702,0.521,43155,0.462,222,0.027,364,0.005,25,0.002,-0.0187,-0.004,-0.0015,2979,0.363,1277,0.156,45722,0.674,41878,0.617,10071,0.887,9570,0.843,0.03,0.06,0.12,2.5,0.03,0.06,0,0.05,0.06,0.16,Likely Decreasing
"Bay County, MI",26017,Small metro,"Bay City, MI",Metropolitan,MI,5,103126,1,0.01,0,0,0,0,0,23,22,2,1.9,-0.08,1,0,25,24,1,1,11229,10889,348,337,0,43,ModerateBurdenResolving,,Moderate,Moderate,0.019,882,855,0,0.99,-0.021,-0.25,0,-0.01,0.041,1175,1139,0,0.99,5,2,0,0,0.81,0.02,0.87,0.04,0.27,0.05,-0.64,,0.04,-0.02,-0.02,0,-0.01,0.01,2,318,32,53,1,1,1,1,48922,0.474,44167,0.428,16,0.002,322,0.004,47,0.002,-0.0017,-0.0028,-0.0019,767,0.101,792,0.104,48154,0.583,43374,0.525,17506,0.809,16547,0.765,0.06,0.16,0.21,2.4,0.02,0.06,0,0.01,0.44,0.41,Uncertain
"Lapeer County, MI",26087,Large fringe metro,"Detroit-Warren-Dearborn, MI",Metropolitan,MI,5,87607,0.02,0.009,0,0,0,0,0,23,26,2,2.3,-0.36,-0.33,0,36,41,3,3.4,9209,10512,201,229,0,48,ModerateBurdenResolving,,Moderate,Moderate,0.014,1709,1951,0,0.97,-0.013,-0.12,0,-0.01,0.026,1936,2210,0,0.99,4,4,2,2,0.53,0.05,0.9,0.43,0.44,0.19,0.33,1,-0.07,-0.02,0,0.12,-0.04,0.02,1,114,10,14,1,1,1,1,33294,0.38,29573,0.338,31,0.004,266,0.004,38,0.002,-0.0046,-0.0031,-0.0019,495,0.072,402,0.058,32798,0.47,29171,0.418,12320,0.745,11428,0.691,0.07,0.1,0.19,2.6,0.01,0.05,0,0.01,0.24,0.42,Uncertain
"Humphreys County, TN",47085,Non-core,,,TN,4,18582,,0.003,0,0,0,0,0,23,124,0,0,0.77,,0,13,70,0,0,1881,10123,28,151,0,6,ModerateBurden,,High,Substantial,0.19,71,382,1,1,0.144,-0.18,0,0.03,0.047,87,468,1,0.97,0,0,9,36,0.18,0.18,,,0,0,,,-0.16,-0.14,,,0,0,1,25,0,4,1,1,1,1,5450,0.293,4496,0.242,6,0.004,42,0.003,6,0.002,-0.0028,-0.0011,-0.0003,65,0.045,16,0.011,5384,0.369,4480,0.307,2538,0.675,2261,0.601,0.1,0.18,0.2,2.6,0.03,0.03,0,0,0.37,0.79,Uncertain
"Sabine Parish, LA",22085,Non-core,,,LA,6,23884,,0.005,0,0,0,0,0,22,92,0,0,,-1,0,0,0,1,4.2,2987,12506,62,260,0,0,ModerateBurden,,Substantial,Low,0.021,151,632,0,1,0.003,-0.36,0,0,0.018,236,988,0,1,0,0,0,0,0.4,0,,,0,0,,,0.02,0,,,0,0,1,12,0,3,1,1,1,1,5850,0.245,5150,0.216,10,0.005,68,0.004,10,0.002,0.0046,0.0004,-0.0002,31,0.016,11,0.006,5818,0.317,5139,0.28,2869,0.567,2669,0.527,0.13,0.19,0.21,2.6,0.17,0.04,0.08,0,0.83,0.83,Uncertain
"Gray County, TX",48179,Micropolitan,"Pampa, TX",Micropolitan,TX,6,21886,0.962,0.001,0,0,0,0,0,22,101,0,0,-0.04,,0,23,105,0,0,2377,10861,57,260,0,0,ModerateBurden,,High,High,0.007,33,151,2,1,0.007,0.22,1,0,0,27,123,1,1,0,0,0,0,0.12,0,0.06,0,0.02,0,,,0,0,-0.19,0,0.02,0,1,119,7,18,1,1,1,1,,,,,,,,,,,,,,,,,,,,,,,,,,0.18,0.16,0.16,2.6,0.05,0.3,0.01,0.01,0.84,0.51,Likely Decreasing
"Halifax County, NC",37083,Micropolitan,"Roanoke Rapids, NC",Micropolitan,NC,4,50010,0.72,0.005,0,0,0,0,0,22,44,0,0,0.38,,0,16,32,0,0,5665,11328,112,224,0,46,ModerateBurden,,Moderate,Moderate,0.048,406,812,1,1,0.007,-0.37,1,0,0.041,641,1282,0,1,6,4,0,0,0.56,0.01,0.3,0.02,0,0,2,,-0.03,0,-0.05,0.02,-0.1,0,1,157,14,9,1,1,1,1,19607,0.392,16432,0.329,24,0.006,150,0.004,32,0.003,-0.0075,-0.003,-0.0012,272,0.071,88,0.023,19321,0.49,16342,0.415,8238,0.771,7372,0.69,0.11,0.25,0.21,2.4,0.53,0.03,0.04,0.01,0.96,0.98,Uncertain
"Burke County, NC",37023,Medium metro,"Hickory-Lenoir-Morganton, NC",Metropolitan,NC,4,90485,0.245,0.009,0,0,0,0,0,22,24,0,0,0.38,-1,0,16,18,5,5.5,10079,11139,159,176,0,24,ModerateBurden,,Moderate,Moderate,0.012,1535,1696,1,0.99,-0.006,-0.24,0,0,0.018,2030,2243,1,1,4,5,0,0,0.82,0.05,0.75,0.17,0.4,0.16,-0.46,,0.03,-0.02,-0.02,-0.03,0.04,0.05,1,81,17,11,1,1,1,1,30189,0.334,27041,0.299,39,0.006,176,0.002,20,0.001,-0.0302,-0.0013,-0.0013,807,0.134,377,0.062,29354,0.397,26657,0.361,11920,0.637,11273,0.602,0.12,0.18,0.21,2.5,0.07,0.06,0,0.03,0.85,0.87,Uncertain
"Wakulla County, FL",12129,Medium metro,"Tallahassee, FL",Metropolitan,FL,4,33739,0.087,0.002,0,0,0,0,0,22,65,0,0,1.75,,0,8,24,0,0,3540,10492,56,166,0,36,ModerateBurden,,Substantial,Moderate,0.052,246,729,,,0.009,-0.18,,,0.042,300,889,,,,,,,,,,,,,,,,,,,,,,,,,,,,,12291,0.364,9479,0.281,25,0.01,151,0.006,17,0.003,-0.0059,0.0001,0.0004,204,0.08,70,0.027,12086,0.452,9409,0.352,4959,0.924,4184,0.78,0.09,0.12,0.16,2.6,0.14,0.04,0.01,0.01,0.4,0.61,Uncertain
"Chisago County, MN",27025,Large fringe metro,"Minneapolis-St. Paul-Bloomington, MN-WI",Metropolitan,MN,5,56579,0.016,0.01,0,0,0,0,0,22,39,0,0,-0.46,-1,0,41,72,1,1.8,6170,10905,52,92,0,20,ModerateBurdenResolving,,Moderate,Substantial,0.044,1796,3174,0,1,-0.011,-0.23,-1,0,0.056,2336,4129,1,1,2,5,0,0,0.66,0.04,0.63,0.05,0,0,-0.5,,-0.08,-0.03,-0.13,-0.13,0,0,1,44,6,6,1,1,1,1,25866,0.457,22448,0.397,84,0.019,260,0.006,35,0.004,-0.0059,-0.0025,-0.0018,845,0.186,348,0.077,24979,0.571,22093,0.505,8436,0.944,7777,0.87,0.04,0.06,0.16,2.6,0.01,0.02,0.01,0.01,0.06,0.08,Uncertain
"Chaves County, NM",35005,Micropolitan,"Roswell, NM",Micropolitan,NM,6,64615,1,0.031,0,0,0,0,0,22,34,0,0,0.47,,0,15,23,0,0,9035,13983,169,262,0,32,ModerateBurden,,Moderate,Moderate,0.002,559,865,2,0.81,-0.011,0.08,0,-0.07,0.013,518,802,2,0.88,1,1,0,0,0.44,0.02,0.7,0.12,0.04,0,-0.67,,-0.07,0.02,-0.02,0.1,-0.03,0,2,89,12,51,1,1,1,1,15517,0.24,15538,0.24,36,0.006,248,0.005,22,0.002,-0.0152,-0.0021,-0.0016,616,0.102,301,0.05,14901,0.311,15237,0.318,4745,0.455,5768,0.553,0.12,0.21,0.16,2.7,0.01,0.58,0.01,0.01,0.96,0.53,Uncertain
"Nez Perce County, ID",16069,Small metro,"Lewiston, ID-WA",Metropolitan,ID,10,40408,0.641,0.023,0,0,2209,0.055,0,22,54,0,0,0.38,,0,16,40,0,0,3700,9157,54,134,0,25,ModerateBurden,,Substantial,Moderate,0.037,336,832,1,0.99,0.006,-0.33,0,0,0.031,502,1242,1,0.99,4,6,0,0,0.74,0.07,0.88,0.03,0.01,0,-0.32,,-0.09,0,-0.12,-0.19,-0.03,0,1,70,6,25,1,1,1,1,15420,0.382,13976,0.346,4,0.001,421,0.013,202,0.025,-0.0055,0.0038,0.0142,55,0.019,11,0.004,15365,0.484,13965,0.439,6689,0.819,6380,0.781,0.1,0.15,0.2,2.4,0,0.04,0.05,0.01,0.51,0.12,Uncertain
"Orange County, TX",48361,Medium metro,"Beaumont-Port Arthur, TX",Metropolitan,TX,6,83396,0.212,0.003,0,0,0,0,0,22,26,3,3.6,-0.69,,0.001,70,84,0,0,8732,10471,152,182,0,17,ModerateBurden,,Moderate,Substantial,0.038,322,386,1,0.99,-0.047,-0.24,0,0,0.085,424,508,1,0.99,,,,,,,,,,,,,,,,,,,,,,,,,,,,,,,,,,,,,,,,,,,,,,,,,,,,0.15,0.14,0.16,2.6,0.09,0.08,0.01,0.01,0.58,0.61,Uncertain
"Greene County, TN",47059,Micropolitan,"Greeneville, TN",Micropolitan,TN,4,69069,1,0.01,0,0,1472,0.021,0,22,32,1,1.4,0.83,0,0,12,17,1,1.4,7988,11565,159,230,0,50,ModerateBurden,,Moderate,Moderate,0.046,341,494,1,0.99,0.017,-0.39,0,0,0.029,561,812,1,1,2,2,0,0,0.43,0.01,0.97,0,0.27,0,1,-1,0.05,0.01,0.11,-0.01,0.07,0,1,124,10,10,1,1,1,1,24213,0.351,20598,0.298,20,0.004,144,0.003,32,0.002,-0.0072,-0.0015,-0.0008,463,0.092,173,0.034,23749,0.426,20425,0.366,10763,0.706,9861,0.646,0.1,0.17,0.22,2.4,0.02,0.03,0,0.01,0.54,0.35,Uncertain
"Belknap County, NH",33001,Micropolitan,"Laconia, NH",Micropolitan,NH,1,61303,1,0.045,0,0,0,0,0,22,36,0,0,-0.21,,0,28,46,0,0,4128,6734,100,163,0,40,ModerateBurden,,Moderate,Moderate,0.033,627,1023,,,0.002,-0.2,,,0.031,780,1272,,,0,0,1,1,0.49,0,0.62,0.02,0,0,-1,-0.5,-0.05,-0.04,0.01,-0.37,-0.03,0,1,68,6,9,1,1,1,1,33750,0.551,29781,0.486,64,0.015,222,0.004,30,0.002,-0.0939,0.0044,0.0021,1217,0.29,569,0.136,32519,0.649,29207,0.583,12227,0.875,11153,0.798,0.08,0.09,0.23,2.4,0.01,0.02,0,0.01,0.08,0.03,Likely Decreasing
"Williamson County, IL",17199,Small metro,"Carbondale-Marion, IL",Metropolitan,IL,5,66597,0.491,0.005,0,0,0,0,0,22,33,0,0,-0.41,-1,0,37,56,2,3,7546,11331,134,201,0,25,ModerateBurden,,Moderate,Substantial,0.021,1135,1704,0,1,-0.002,-0.14,0,0,0.023,1318,1979,0,1,2,1,2,1,0.46,0.02,0.45,0.06,0.12,0.01,-0.82,-0.33,-0.04,-0.01,-0.06,-0.02,-0.02,-0.02,3,294,34,40,1,0.67,1,1,29840,0.448,22036,0.331,68,0.014,328,0.006,37,0.003,-0.0057,-0.0019,-0.0017,716,0.146,270,0.055,29089,0.558,21763,0.417,11084,0.855,8273,0.638,0.06,0.15,0.19,2.4,0.04,0.03,0,0.01,0.48,0.34,Uncertain
"Jefferson County, TX",48245,Medium metro,"Beaumont-Port Arthur, TX",Metropolitan,TX,6,251565,0.641,0.009,0.001,1,6457,0.026,0,22,9,1,0.4,-0.27,-0.5,0,30,12,2,0.8,19799,7870,435,173,0,33,LowBurden,,Low,Moderate,0.031,1267,504,1,0.99,-0.013,-0.4,0,0,0.043,2095,833,1,0.99,11,2,30,4,0.82,0.02,0.86,0.06,0.32,0.02,-0.27,0.06,0,-0.02,-0.04,-0.04,0.01,-0.02,5,689,76,241,1,1,1,1,,,,,,,,,,,,,,,,,,,,,,,,,,0.2,0.18,0.15,2.5,0.33,0.22,0,0.04,0.86,0.58,Uncertain
"Huron County, OH",39077,Micropolitan,"Norwalk, OH",Micropolitan,OH,5,58266,1,0.005,0,0,0,0,0,22,38,0,0,0.69,,0,13,22,0,0,5520,9474,121,208,0,66,ModerateBurden,,Moderate,Moderate,0.019,365,626,1,0.99,0.001,-0.32,0,-0.01,0.018,538,923,1,1,0,0,1,1,0.57,0.01,0.41,0.02,0.15,0,-1,0,0.02,-0.01,0.13,0.02,-0.01,0,2,97,24,26,1,1,1,1,19743,0.339,18798,0.323,57,0.012,224,0.005,25,0.002,-0.0107,-0.0037,-0.003,540,0.109,241,0.049,19203,0.434,18557,0.419,7555,0.735,7627,0.742,0.08,0.14,0.18,2.5,0.01,0.07,0,0,0.43,0.44,Uncertain
"Marshall County, WV",54051,Small metro,"Wheeling, WV-OH",Metropolitan,WV,3,30531,0.22,0.017,0,0,0,0,0,22,72,0,0,1.44,,0,9,29,0,0,3528,11555,77,252,0,20,ModerateBurden,,Substantial,Moderate,0.046,286,937,2,0.95,-0.007,-0.46,1,-0.05,0.053,534,1749,1,0.99,2,2,0,0,0.43,0.02,0.65,0.06,0.09,0,-0.6,,0,-0.01,0,-0.08,0,0,1,94,9,5,1,1,1,1,2996,0.098,2247,0.074,10,0.005,56,0.002,5,0.001,-0.013,-0.0023,-0.0013,116,0.056,23,0.011,2877,0.116,2222,0.09,1151,0.164,977,0.139,0.08,0.15,0.23,2.6,0.01,0.01,0,0,0.22,0.17,Likely Decreasing
"Benton County, OR",41003,Small metro,"Corvallis, OR",Metropolitan,OR,10,93053,1,0.022,0,1,22133,0.238,0,22,24,0,0,-0.19,-1,0,27,29,1,1.1,3216,3456,22,24,0,22,ModerateBurden,,Moderate,Moderate,0.013,1012,1088,0,0.99,-0.005,-0.47,0,0.01,0.019,1901,2043,0,0.98,4,2,19,9,0.69,0.03,0.71,0,0.12,0.01,-0.5,1.1,0.01,-0.02,-0.12,-0.07,-0.05,0,1,217,12,32,1,1,1,1,59355,0.638,53778,0.578,96,0.017,463,0.006,32,0.002,-0.0095,-0.0025,-0.0012,2954,0.532,1838,0.331,56220,0.72,51884,0.665,14182,0.907,13595,0.869,0.06,0.19,0.17,2.4,0.01,0.08,0.01,0.07,0.35,0.34,Uncertain
"Josephine County, OR",41033,Small metro,"Grants Pass, OR",Metropolitan,OR,10,87487,1,0.021,0,0,0,0,0,22,25,0,0,-0.57,-1,0,51,58,1,1.1,3501,4002,72,82,0,66,ModerateBurden,,Moderate,Substantial,0.013,290,331,1,1,-0.008,-0.56,0,0.01,0.021,665,760,1,0.99,1,1,6,4,0.65,0,0.56,0,0.08,0,-0.67,-0.26,0.03,-0.02,0.07,-0.08,-0.05,-0.11,1,154,24,9,1,1,1,1,34011,0.389,29724,0.34,73,0.012,475,0.007,79,0.003,-0.0118,-0.0016,-0.0014,1004,0.17,462,0.078,32968,0.468,29260,0.416,16074,0.697,14836,0.643,0.08,0.19,0.26,2.3,0,0.08,0.01,0.01,0.66,0.44,Uncertain
"Hopkins County, KY",21107,Micropolitan,"Madisonville, KY",Micropolitan,KY,4,44686,1,0.01,0,0,0,0,0,22,49,0,0,0.1,,0,20,45,0,0,4576,10240,146,327,0,28,ModerateBurden,,Moderate,Moderate,0.036,319,714,0,0.94,0.01,-0.59,-1,-0.05,0.026,781,1748,1,1,183,78,0,0,0.43,0.02,0.38,0.03,0.34,0.05,-0.01,,0,-0.01,0,-0.01,0.02,0,2,235,56,30,1,1,1,1,17089,0.382,15075,0.337,18,0.005,186,0.005,32,0.004,-0.0083,-0.0029,-0.0001,439,0.125,133,0.038,16649,0.482,14942,0.432,6605,0.778,6254,0.736,0.08,0.18,0.19,2.4,0.07,0.02,0,0.01,0.55,0.39,Likely Decreasing
"Gadsden County, FL",12039,Medium metro,"Tallahassee, FL",Metropolitan,FL,4,45660,0.118,0.002,0,0,0,0,0,22,48,0,0,1,,0,11,24,0,0,5787,12674,99,217,0,17,ModerateBurden,,Moderate,Moderate,0.056,407,891,,,0.025,-0.15,,,0.031,481,1053,,,0,0,0,0,0.05,0,,,,,,,-0.03,0,,,,,1,58,0,0,1,1,1,1,19555,0.428,16365,0.358,92,0.028,241,0.007,21,0.002,0.006,-0.0022,-0.0018,345,0.104,96,0.029,19202,0.536,16268,0.454,7216,0.845,6602,0.773,0.15,0.25,0.19,2.5,0.55,0.11,0,0.01,0.99,0.97,Likely Decreasing
"Barry County, MI",26015,Large fringe metro,,,MI,5,61550,,0.006,0,0,0,0,0,22,36,1,1.6,-0.42,,0,38,62,0,0,5939,9649,68,110,0,38,ModerateBurdenResolving,,Moderate,Substantial,0.037,465,755,1,0.95,-0.001,-0.38,1,0,0.038,749,1217,0,0.95,1,4,0,0,0.64,0.01,0.26,0,0.02,0,0,,0.02,-0.02,-0.02,0,0.02,0,1,25,6,9,1,1,1,1,23438,0.381,21560,0.35,17,0.004,152,0.003,30,0.003,-0.0128,-0.002,-0.0009,490,0.101,444,0.092,22948,0.477,21116,0.439,8553,0.735,8046,0.691,0.05,0.09,0.19,2.5,0.01,0.03,0,0.01,0.09,0.31,Uncertain
"Cumberland County, TN",47035,Micropolitan,"Crossville, TN",Micropolitan,TN,4,60520,1,0.009,0,0,0,0,0,22,36,0,0,2.67,-1,0,6,10,5,8.3,6839,11300,138,228,0,40,ModerateBurden,,Moderate,Moderate,0.052,118,195,1,1,-0.002,-0.42,0,0.01,0.054,203,335,1,0.99,3,3,40,41,0.77,0.04,0.95,0.12,0.12,0.08,0.5,0.18,-0.02,-0.05,-0.05,-0.11,-0.08,-0.04,1,97,12,12,1,1,1,1,22607,0.374,19949,0.33,17,0.005,123,0.002,37,0.002,-0.0078,-0.0013,-0.0001,219,0.061,99,0.028,22385,0.447,19849,0.396,13822,0.731,12735,0.674,0.1,0.15,0.31,2.3,0.01,0.03,0,0.01,0.54,0.39,Uncertain
"Venango County, PA",42121,Micropolitan,"Oil City, PA",Micropolitan,PA,3,50668,1,0.004,0,0,0,0,0,22,43,1,2,-0.49,,0,43,85,0,0,4077,8046,97,191,0,15,ModerateBurdenResolving,,Moderate,Substantial,0.024,703,1387,1,0.95,-0.008,-0.33,0,-0.03,0.032,1043,2058,1,0.98,2,2,0,0,0.58,0.02,0.5,0.07,0,0,-0.5,,0.04,-0.01,-0.04,-0.1,-0.05,0,1,128,12,15,1,1,1,1,16601,0.328,15342,0.303,38,0.011,371,0.009,66,0.006,-0.0026,0.0024,0.0016,349,0.1,126,0.036,16251,0.396,15216,0.371,6517,0.557,6879,0.588,0.07,0.14,0.23,2.3,0.01,0.01,0,0,0.42,0.48,Uncertain
"Mercer County, KY",21167,Non-core,,,KY,4,21933,,0.005,0,0,0,0,0,22,100,3,13.7,0.83,2,0,12,55,1,4.6,2621,11950,54,246,0,0,ModerateBurden,,High,Substantial,0.036,152,693,0,0.99,0.016,-0.32,0,-0.01,0.02,223,1017,0,0.99,1,4,0,0,0.39,0.01,0,0,0,0,,,-0.11,0.01,0,0,0,0,1,25,4,1,1,1,1,1,9593,0.437,8192,0.374,17,0.01,146,0.009,39,0.009,-0.012,-0.0006,0.0024,265,0.159,68,0.041,9328,0.547,8124,0.476,3446,0.832,3179,0.768,0.07,0.16,0.19,2.5,0.03,0.03,0,0.01,0.41,0.38,Likely Decreasing
"Douglas County, KS",20045,Small metro,"Lawrence, KS",Metropolitan,KS,7,122259,1,0.042,0,1,24844,0.203,0,22,18,0,0,0.69,,0,13,11,0,0,9364,7659,84,69,0,38,ModerateBurden,,Moderate,Moderate,0.004,640,523,0,0.99,0,-0.51,0,-0.01,0.004,1298,1062,0,0.99,2,1,0,0,0.56,0,0.68,0,0.27,0,1,,-0.02,0,-0.11,0,-0.09,0,1,137,24,19,1,1,1,1,72668,0.594,54038,0.442,255,0.034,407,0.004,33,,-0.1029,-0.0042,0,3201,0.431,1430,0.192,69457,0.693,52607,0.525,24332,0.999,13699,0.874,0.08,0.19,0.13,2.4,0.04,0.07,0.02,0.05,0.22,0.24,Uncertain
"Pulaski County, KY",21199,Micropolitan,"Somerset, KY",Micropolitan,KY,4,64979,1,0.015,0,0,0,0,0,22,34,5,7.7,-0.21,1.5,0,28,43,2,3.1,6592,10145,109,168,0,13,ModerateBurdenResolving,,Moderate,Moderate,0.008,549,845,1,1,-0.005,-0.2,0,0,0.014,683,1051,1,1,12,4,0,0,0.36,0.01,0.91,0.08,0.29,0,1.4,,-0.04,0,0.1,-0.04,0.03,0,1,295,35,28,1,1,1,1,24246,0.373,19987,0.308,62,0.012,273,0.005,58,0.005,-0.0092,-0.0042,-0.0011,588,0.115,148,0.029,23656,0.468,19839,0.393,9081,0.736,8004,0.649,0.06,0.24,0.19,2.5,0.01,0.03,0,0.01,0.74,0.55,Uncertain
"Putnam County, WV",54079,Medium metro,"Huntington-Ashland, WV-KY-OH",Metropolitan,WV,3,56450,0.159,0.031,0,0,0,0,0,22,39,0,0,0.69,,0,13,23,0,0,5298,9385,93,165,0,27,ModerateBurdenResolving,,Moderate,Moderate,0.027,555,983,1,0.98,-0.01,-0.32,0,0.02,0.037,813,1440,1,0.96,,,,,,,,,,,,,,,,,,,,,,,,,,,9659,0.171,6670,0.118,46,0.01,178,0.004,24,0.002,-0.0052,-0.0053,-0.0022,512,0.111,150,0.033,9142,0.207,6518,0.148,3311,0.31,2747,0.257,0.05,0.09,0.19,2.6,0.01,0.01,0,0.01,0.04,0.04,Uncertain
"Coryell County, TX",48099,Medium metro,"Killeen-Temple, TX",Metropolitan,TX,6,75951,0.165,0.003,0,0,0,0,0,22,29,0,0,6.33,,0,3,4,0,0,7322,9640,86,113,0,32,ModerateBurden,,Moderate,Low,0.008,711,936,1,1,-0.002,-0.4,1,0,0.009,1192,1569,0,0.99,0,0,0,0,1,0,1,0,0,0,,,0,0,0,0,0,0,1,6,2,12,1,1,1,1,,,,,,,,,,,,,,,,,,,,,,,,,,0.1,0.14,0.11,2.7,0.16,0.19,0.01,0.02,0.78,0.56,Uncertain
"Monroe County, TN",47123,Non-core,,,TN,4,46545,,0.007,0,0,244,0.005,0,22,47,0,0,1.44,-1,0,9,19,1,2.1,5942,12766,97,208,0,37,ModerateBurden,,Moderate,Moderate,0.04,94,202,0,1,-0.027,-0.44,-1,0.01,0.067,168,361,1,0.99,0,0,1,2,0.55,0,0.71,0,0,0,-1,,-0.04,0,0,-0.02,-0.1,-0.05,1,60,7,6,1,1,1,1,14642,0.315,12727,0.273,10,0.003,135,0.004,25,0.003,-0.0023,-0.001,-0.0004,121,0.034,58,0.016,14520,0.395,12669,0.344,6810,0.682,6253,0.627,0.11,0.19,0.21,2.6,0.02,0.05,0,0,0.65,0.95,Likely Decreasing
"Escambia County, AL",1053,Non-core,"Atmore, AL",Micropolitan,AL,4,36633,1,0.007,0,0,0,0,0,22,60,2,5.5,1.44,,0,9,25,0,0,3990,10892,79,216,0,0,ModerateBurden,,Substantial,Moderate,0.062,76,207,1,0.76,0.041,-0.44,0,-0.24,0.021,135,369,1,1,2,2,0,0,0.28,0.01,0.24,0,0,0,,,-0.07,0.01,-0.22,0,-0.02,0,2,92,14,8,1,1,1,1,9402,0.257,7209,0.197,,,38,0.001,6,0.001,0,-0.0007,-0.0006,18,0.006,11,0.004,9384,0.33,7198,0.253,4781,0.715,3652,0.546,0.15,0.24,0.18,2.6,0.31,0.03,0.04,0,0.86,0.68,Uncertain
"Barbour County, WV",54001,Non-core,,,WV,3,16441,,0.009,0,0,859,0.052,0,22,134,3,18.2,1.2,,0,10,61,0,0,1506,9160,31,189,0,17,ModerateBurden,,High,Substantial,0.059,207,1259,1,0.97,0.002,-0.14,0,0.04,0.058,242,1472,1,0.94,0,0,0,0,0.25,0,,,0.33,0,,,0.11,0,,,0,0,1,20,0,3,1,1,1,1,1133,0.069,524,0.032,10,0.009,61,0.005,16,0.005,-0.0561,-0.0027,0,139,0.118,17,0.014,994,0.075,507,0.038,335,0.099,219,0.064,0.05,0.23,0.21,2.5,0.01,0.01,0.01,0,0.65,0.37,Uncertain
"Island County, WA",53029,Micropolitan,"Oak Harbor, WA",Micropolitan,WA,10,85141,1,0.011,0,0,0,0,0,22,26,0,0,0.69,,0,13,15,0,0,1801,2115,30,35,0,26,ModerateBurden,,Moderate,Moderate,0.015,748,879,,,0.005,-0.22,,,0.01,956,1123,,,0,0,0,0,0.36,0,0.23,0,0,0,-1,-1,0,0,-0.04,0,0,0,1,40,8,3,1,1,1,1,46780,0.549,38168,0.448,111,0.024,816,0.012,106,0.005,-0.0098,-0.002,-0.0014,1665,0.362,572,0.124,45112,0.647,37595,0.539,18611,0.867,16870,0.786,0.05,0.09,0.25,2.3,0.03,0.08,0.01,0.05,0.19,0.16,Uncertain
"Portsmouth city, VA",51740,Large fringe metro,"Virginia Beach-Norfolk-Newport News, VA-NC",Metropolitan,VA,3,94398,0.053,0.011,0,0,0,0,0,21,22,2,2.1,-0.38,,0,34,36,0,0,9150,9693,201,213,0,50,ModerateBurden,,Moderate,Moderate,0.028,846,896,1,0.97,-0.014,-0.12,0,-0.02,0.042,960,1017,1,0.99,1,0,3,1,0.58,0.03,0.46,0.1,0.14,0.04,-0.5,0.5,-0.08,0,-0.08,0,0.01,0.01,1,232,34,70,1,1,1,1,57538,0.61,51342,0.544,106,0.016,623,0.009,88,0.006,-0.0074,-0.0035,0.0009,928,0.144,351,0.054,56579,0.779,50986,0.702,11707,0.819,10589,0.741,0.11,0.17,0.15,2.5,0.53,0.05,0,0.01,0.8,0.64,Uncertain
"Bastrop County, TX",48021,Large fringe metro,"Austin-Round Rock-Georgetown, TX",Metropolitan,TX,6,88723,0.04,0.003,0,0,0,0,0,21,24,3,3.4,-0.36,2,0,33,37,1,1.1,9630,10854,99,112,0,33,ModerateBurden,,Moderate,Moderate,0.018,1114,1256,0,1,-0.014,-0.3,0,0,0.032,1582,1783,0,1,0,0,0,0,0.3,0,,,0,0,,,-0.2,0,,,0,0,2,17,0,2,1,1,1,1,,,,,,,,,,,,,,,,,,,,,,,,,,0.16,0.1,0.16,3.2,0.07,0.4,0,0.01,0.75,0.78,Uncertain
"Dodge County, WI",55027,Micropolitan,"Beaver Dam, WI",Micropolitan,WI,5,87839,1,0.015,0,0,0,0,0,21,24,3,3.4,-0.54,-0.5,0,46,52,6,6.8,12929,14719,195,222,0,33,ModerateBurden,,Moderate,Substantial,0.015,1512,1721,1,1,-0.005,-0.25,0,0,0.019,2022,2302,1,1,4,4,4,4,0.56,0.01,0.08,0,0,0,3,-0.43,0.01,0,-0.19,0,-0.06,0,3,92,11,18,1,1,1,1,35679,0.406,31860,0.363,104,0.016,388,0.005,35,0.002,-0.0134,-0.0025,-0.0018,1054,0.163,402,0.062,34625,0.49,31458,0.445,13041,0.815,12520,0.783,0.04,0.09,0.18,2.4,0.03,0.05,0,0.01,0.2,0.24,Uncertain
"Tioga County, NY",36107,Small metro,"Binghamton, NY",Metropolitan,NY,2,48203,0.202,0.002,0,0,0,0,0,21,44,1,2.1,-0.38,,0,34,71,0,0,3815,7914,63,131,0,41,ModerateBurdenResolving,,Moderate,Substantial,0.026,1038,2153,0,0.99,-0.009,-0.14,0,0,0.035,1214,2519,0,1,,,,,,,,,,,,,,,,,,,,,,,,,,,23693,0.492,20556,0.426,69,0.018,325,0.008,53,0.005,-0.0115,-0.0036,-0.0009,999,0.267,525,0.141,22693,0.593,20031,0.524,7904,0.783,7280,0.721,0.04,0.1,0.21,2.4,0.01,0.02,0,0.01,0.2,0.33,Uncertain
"Mifflin County, PA",42087,Micropolitan,"Lewistown, PA",Micropolitan,PA,3,46138,1,0.004,0,0,0,0,0,21,46,0,0,-0.12,,0,24,52,0,0,5410,11726,178,386,0,27,ModerateBurden,,Moderate,Substantial,0.022,597,1294,1,0.96,-0.01,-0.03,0,0,0.032,618,1339,1,0.97,4,3,17,15,0.71,0.05,0.64,0.11,0.19,0.01,-0.47,0.12,0.08,-0.02,-0.13,-0.09,-0.13,-0.04,1,117,10,15,1,1,1,1,18944,0.411,16443,0.356,30,0.009,388,0.011,113,0.011,-0.0078,-0.0009,0.0025,364,0.105,160,0.046,18579,0.517,16283,0.454,8449,0.83,7638,0.75,0.13,0.14,0.22,2.4,0.01,0.02,0,0.01,0.47,0.5,Likely Decreasing
"Carter County, OK",40019,Micropolitan,"Ardmore, OK",Micropolitan,OK,6,48111,0.824,0.012,0,0,0,0,0,21,44,0,0,2,-1,0,7,15,14,29.1,6170,12825,125,260,0,0,ModerateBurden,,Moderate,Moderate,0.055,277,576,0,0.99,0.022,-0.11,0,-0.01,0.033,311,646,0,0.99,2,1,42,27,0.6,0.02,0.4,0.05,0.04,0,-0.51,-0.05,0.02,0,-0.09,0.05,-0.04,-0.01,2,158,13,35,1,1,1,1,16727,0.348,13210,0.275,46,0.011,203,0.006,24,0.003,0.0029,0.0009,0.0004,304,0.074,128,0.031,16423,0.455,13082,0.362,6140,0.741,5096,0.615,0.15,0.17,0.17,2.6,0.06,0.08,0.09,0.01,0.79,0.5,Likely Decreasing
"Hawkins County, TN",47073,Medium metro,"Kingsport-Bristol, TN-VA",Metropolitan,TN,4,56786,0.185,0.008,0,0,0,0,0,21,37,2,3.5,-0.53,,0,45,79,0,0,6298,11091,112,197,0,24,ModerateBurden,,High,High,0.13,192,338,1,1,-0.023,-0.37,0,0,0.154,303,534,1,1,0,0,0,0,0.13,0.01,,,0.1,0,,,-0.01,0.01,,,0.05,0,1,26,0,3,1,0,1,1,18862,0.332,15947,0.281,16,0.004,206,0.005,44,0.004,-0.0088,-0.0013,-0.0005,296,0.07,105,0.025,18566,0.406,15841,0.347,8317,0.676,7508,0.61,0.09,0.19,0.22,2.4,0.01,0.02,0,0.01,0.71,0.74,Uncertain
"Henry County, TN",47079,Micropolitan,"Paris, TN",Micropolitan,TN,4,32345,1,0.005,0,0,0,0,0,21,65,0,0,0.62,,0,13,40,0,0,3260,10079,76,235,0,23,ModerateBurden,,High,High,0.128,72,223,1,1,-0.013,-0.47,0,0.04,0.142,136,420,1,0.96,3,5,0,0,0.69,0.05,0.75,0.18,0,0,0,,-0.05,-0.01,0,0.09,-0.08,-0.08,1,59,8,7,1,1,1,1,11120,0.344,9720,0.301,12,0.005,85,0.003,19,0.002,-0.0008,-0.0006,0.0008,115,0.048,49,0.02,11004,0.427,9671,0.375,5418,0.705,5009,0.652,0.09,0.2,0.24,2.4,0.07,0.03,0,0.01,0.63,0.32,Uncertain
"Rice County, MN",27131,Micropolitan,"Faribault-Northfield, MN",Micropolitan,MN,5,66972,1,0.012,0,0,5100,0.076,0,21,31,1,1.5,0.24,,0,17,25,0,0,8172,12202,109,163,0,43,ModerateBurden,,Moderate,Moderate,0.023,1514,2261,1,0.99,0.003,-0.44,0,-0.01,0.019,2682,4005,1,1,0,0,1,6,0.9,0.02,,,0,0,,,0.03,-0.04,,,0,0,1,17,0,5,1,1,1,1,35397,0.529,31011,0.463,144,0.029,299,0.006,28,0.003,-0.0154,-0.003,-0.0009,1834,0.366,898,0.179,33465,0.638,30093,0.574,10100,0.954,9636,0.911,0.04,0.11,0.16,2.5,0.06,0.08,0,0.02,0.39,0.25,Uncertain
"Panola County, MS",28107,Non-core,,,MS,4,34192,,0.011,0,0,0,0,0,21,61,1,2.9,2.5,0,0,6,18,1,2.9,4652,13606,110,322,0,22,ModerateBurden,,Substantial,Moderate,0.025,129,377,1,0.99,-0.01,-0.28,0,0,0.035,178,521,1,0.99,0,0,0,0,0.42,0,0,0,0,0,-1,,-0.04,-0.02,0,0,0,0,1,65,3,6,1,1,1,1,10599,0.31,8393,0.245,32,0.011,222,0.009,22,0.004,0.0082,0.006,0.0018,126,0.045,41,0.015,10473,0.406,8352,0.324,4088,0.732,3573,0.64,0.13,0.21,0.16,2.7,0.5,0.02,0,0,0.89,0.86,Likely Decreasing
"Clay County, NC",37043,Non-core,,,NC,4,11231,,0.001,0,0,0,0,0,21,187,0,0,20,,0,1,9,0,0,815,7257,18,160,0,14,ModerateBurden,,High,Low,0,31,276,1,1,-0.031,-0.77,0,0,0.031,133,1184,1,1,,,,,,,,,,,,,,,,,,,,,,,,,,,3679,0.328,2717,0.242,,,20,0.002,9,0.003,-0.0014,-0.0009,0.0003,9,0.013,2,0.003,3669,0.392,2715,0.29,2240,0.626,1639,0.458,0.15,0.16,0.32,2.1,0.01,0.04,0.01,0,0.22,0.75,Uncertain
"Grand County, UT",49019,Non-core,,,UT,8,9754,,0.003,0,0,0,0,0,21,215,0,0,0.62,-1,0,13,133,1,10.3,1023,10488,4,41,0,28,ModerateBurden,,High,High,0.094,113,1158,0,0.97,0.018,-0.23,0,-0.03,0.076,147,1507,0,1,1,6,0,0,0.47,0.05,,,0,0,0,,0.05,0.03,,,0,0,1,17,0,6,1,1,1,1,5651,0.579,3723,0.382,8,0.011,45,0.006,5,0.003,0.0057,-0.0017,0.0005,201,0.286,63,0.09,5448,0.712,3660,0.478,1567,0.829,953,0.504,0.16,0.08,0.19,2.4,0.01,0.11,0.04,0.01,0.52,0.32,Uncertain
"Yadkin County, NC",37197,Medium metro,"Winston-Salem, NC",Metropolitan,NC,4,37667,0.056,0.004,0,0,0,0,0,21,56,3,8,0.11,2,0,19,50,1,2.7,4118,10933,54,143,0,22,ModerateBurden,,Substantial,Substantial,0.027,298,791,0,1,-0.008,-0.33,-1,0,0.035,445,1181,1,1,,,,,,,,,,,,,,,,,,,,,,,,,,,13039,0.346,11744,0.312,22,0.008,98,0.003,12,0.002,0.0018,-0.0019,-0.0026,243,0.087,158,0.056,12791,0.428,11583,0.388,5424,0.703,5106,0.662,0.12,0.15,0.2,2.4,0.03,0.12,0,0,0.64,0.83,Uncertain
"Graham County, NC",37075,Non-core,,,NC,4,8441,,0.001,0,0,0,0,0,21,249,0,0,1.1,,0,10,118,0,0,636,7535,12,142,0,0,ModerateBurden,,High,High,0.032,146,1730,0.5,0.97,0.002,-0.15,-1.5,0,0.031,171,2026,2,0.97,,,,,,,,,,,,,,,,,,,,,,,,,,,2910,0.345,2556,0.303,1,0.002,18,0.003,2,0.001,-0.0046,-0.0035,-0.0034,16,0.025,7,0.011,2894,0.428,2549,0.377,1377,0.666,1270,0.614,0.17,0.18,0.24,2.6,0,0.04,0.07,0.01,0.63,0.7,Likely Decreasing
"Pacific County, WA",53049,Non-core,,,WA,10,22471,,0.003,0,0,0,0,0,21,93,0,0,0.4,,0,15,67,0,0,986,4388,11,49,0,19,ModerateBurden,,Substantial,Substantial,0.035,137,610,,,0.001,-0.39,,,0.034,226,1006,,,0,0,0,0,0.23,0,,,0,0,-1,,-0.17,-0.01,,,0,0,2,22,0,9,1,1,1,1,10600,0.472,9206,0.41,21,0.017,202,0.011,33,0.005,-0.0115,-0.0063,-0.0011,339,0.279,150,0.123,10260,0.539,9056,0.476,5303,0.733,4926,0.681,0.07,0.17,0.32,2.3,0.01,0.1,0.02,0.02,0.74,0.77,Uncertain
"Ogle County, IL",17141,Micropolitan,"Rochelle, IL",Micropolitan,IL,5,50643,1,0.004,0,0,0,0,0,21,41,0,0,-0.12,,0,24,47,0,0,6191,12225,83,164,0,48,ModerateBurden,,Moderate,Moderate,0.023,379,748,0,1,0.002,-0.36,0,0,0.021,588,1161,0,1,0,0,0,0,0.36,0.08,0,0,0,0,,,0.11,0.08,0,0,0,0,1,13,3,6,1,1,1,1,24207,0.478,18499,0.365,188,0.045,314,0.008,33,0.003,0.0232,-0.0033,-0.0031,1032,0.249,499,0.121,23137,0.588,17996,0.457,8156,0.84,6701,0.69,0.05,0.1,0.19,2.4,0.01,0.11,0,0.01,0.29,0.47,Likely Decreasing
"Carson City, NV",32510,Small metro,"Carson City, NV",Metropolitan,NV,9,55916,1,0.018,0,0,0,0,0,21,38,1,1.8,-0.05,,0,22,39,0,0,6560,11732,124,222,0,61,ModerateBurden,,Moderate,Moderate,0.023,275,492,1,0.96,-0.039,-0.19,0,-0.03,0.062,338,604,1,0.99,5,3,8,4,0.72,0.02,0.9,0,0.07,0.03,1.5,-0.43,-0.03,0.01,-0.03,-0.03,0.01,0.02,2,188,18,29,1,1,1,1,28611,0.512,25214,0.451,79,0.021,356,0.008,44,0.004,-0.0227,-0.0028,-0.002,743,0.194,245,0.064,27868,0.625,24969,0.56,10536,0.91,9785,0.846,0.11,0.14,0.21,2.3,0.02,0.25,0.02,0.02,0.84,0.49,Uncertain
"St. Helena Parish, LA",22091,Medium metro,"Baton Rouge, LA",Metropolitan,LA,6,10132,0.012,0.002,0,0,0,0,0,21,207,0,0,1.33,-1,0,9,89,1,9.9,972,9593,12,118,0,0,ModerateBurden,,High,High,0,47,464,1,1,-0.106,-0.28,0,0,0.106,65,642,1,1,0,0,0,0,0.16,0,,,0,0,,,-0.05,0,,,0,0,1,27,0,7,1,1,1,1,2012,0.199,1755,0.173,6,0.008,20,0.002,2,0.001,0,-0.0015,-0.0029,34,0.046,10,0.014,1978,0.246,1745,0.217,831,0.397,781,0.374,0.12,0.21,0.21,2.6,0.52,0.02,0,0,0.9,0.96,Uncertain
"Calaveras County, CA",6009,Non-core,,,CA,9,45905,,0.001,0,0,0,0,0,21,46,0,0,0.4,,0,15,33,0,0,2195,4782,56,122,0,0,ModerateBurden,,Moderate,Moderate,,0,0,,,,,,,,0,0,,,0,0,2,5,0.15,0,0.07,0,0.04,0.02,,,-0.03,0,-0.11,0,0.04,0.02,1,42,12,8,1,1,1,1,22857,0.498,15957,0.348,25,0.009,166,0.004,33,0.003,-0.0064,-0.0036,-0.0029,456,0.161,178,0.063,22371,0.588,15774,0.414,10322,0.802,7974,0.62,0.05,0.12,0.28,2.6,0.01,0.13,0.01,0.02,0.24,0.42,Uncertain
"Wayne County, IN",18177,Micropolitan,"Richmond, IN",Micropolitan,IN,5,65884,1,0.01,0,0,1088,0.017,0,21,32,0,0,0.17,-1,0,18,27,2,3,7142,10840,201,305,0,24,ModerateBurden,,Moderate,Moderate,0.008,429,651,1,1,-0.005,-0.33,0,0.04,0.014,639,970,1,0.96,0,0,12,5,0.79,0.01,0.53,0,0.06,0,,-0.59,-0.02,-0.01,0,-0.09,-0.04,-0.02,1,231,30,50,1,1,1,1,24509,0.372,22000,0.334,78,0.016,235,0.005,32,0.002,0.001,-0.0014,-0.0019,611,0.122,303,0.06,23893,0.465,21696,0.422,9817,0.763,9402,0.73,0.12,0.16,0.2,2.4,0.05,0.03,0,0.01,0.71,0.43,Uncertain
"Grundy County, MO",29079,Non-core,,,MO,7,9850,,0.002,0,0,0,0,0,21,213,0,0,-0.09,,0,23,234,0,0,1054,10701,34,345,0,0,ModerateBurden,,High,High,0.159,109,1107,1,1,-0.004,0.11,0,0,0.163,98,995,1,1,3,30,0,0,0.83,0.1,,,0,0,,,-0.07,0.1,,,0,0,1,10,0,5,1,1,1,1,2679,0.272,2368,0.24,10,0.014,37,0.005,3,0.001,0,-0.0023,-0.0023,42,0.057,16,0.022,2636,0.352,2352,0.314,1305,0.592,1216,0.552,0.16,0.16,0.22,2.4,0.01,0.02,0,0.01,0.62,0.76,Likely Decreasing
"Moore County, NC",37125,Micropolitan,"Pinehurst-Southern Pines, NC",Micropolitan,NC,4,100880,1,0.01,0,0,0,0,0,21,21,2,2,0.05,,0,20,20,0,0,8989,8911,192,190,0,30,ModerateBurden,,Moderate,Moderate,0.034,598,593,1,0.99,0,-0.33,0,-0.01,0.033,896,888,1,1,5,1,1,0,0.79,0,0.64,0.1,0.29,0.13,-0.72,,-0.04,0,-0.05,-0.04,0.01,0.02,1,392,46,34,1,1,1,1,47701,0.473,40792,0.404,120,0.017,240,0.003,29,0.001,-0.0153,-0.0032,-0.0014,1677,0.235,913,0.128,45965,0.579,39864,0.503,20744,0.857,18991,0.785,0.09,0.13,0.24,2.4,0.12,0.07,0.01,0.01,0.36,0.66,Uncertain
"Bonneville County, ID",16019,Small metro,"Idaho Falls, ID",Metropolitan,ID,10,119062,0.786,0.067,0,0,0,0,0,21,18,2,1.7,-0.28,1,0,29,24,1,0.8,15004,12602,172,144,0,73,ModerateBurden,,Moderate,Moderate,0.009,331,278,0,0.98,-0.046,-0.27,0,0,0.055,455,382,0,0.98,7,2,1,0,0.56,0.01,0.42,0.07,0.08,0.03,1.33,-0.5,-0.02,-0.01,-0.11,-0.05,-0.05,-0.02,3,431,39,88,1,1,1,1,43327,0.364,37772,0.317,1,0,484,0.006,43,0.003,-0.0001,-0.0034,-0.0019,15,0.001,5,0,43312,0.522,37767,0.455,13114,0.814,12138,0.753,0.09,0.12,0.14,2.8,0.01,0.13,0.01,0.01,0.36,0.08,Uncertain
"Shelby County, OH",39149,Micropolitan,"Sidney, OH",Micropolitan,OH,5,48590,1,0.004,0,0,0,0,0,21,43,0,0,1.33,,0,9,19,0,0,4750,9776,94,193,0,31,ModerateBurden,,Moderate,Moderate,0.02,258,531,1,0.97,-0.002,-0.35,0,-0.03,0.021,399,821,1,1,3,5,0,0,0.42,0.02,0.53,0.02,0,0,2,,-0.04,0.01,0.14,0.02,0,0,1,63,7,21,1,1,1,1,13530,0.278,12675,0.261,42,0.01,145,0.004,14,0.002,-0.0005,-0.0029,-0.001,258,0.06,128,0.03,13272,0.362,12547,0.343,5480,0.662,5317,0.643,0.04,0.09,0.17,2.6,0.02,0.02,0,0.01,0.19,0.46,Likely Decreasing
"Floyd County, KY",21071,Non-core,,,KY,4,35589,,0.008,0,0,0,0,0,21,59,1,2.8,3.2,,0,5,14,0,0,3481,9781,70,197,0,52,ModerateBurden,,Substantial,Moderate,0.042,330,927,0,0.98,0.032,-0.13,0,-0.02,0.01,379,1065,0,0.99,16,11,0,0,0.68,0.02,0.94,0.02,0.08,0,3,-1,-0.06,0.01,-0.06,0.02,-0.08,0,3,152,16,28,1,1,1,1,14595,0.41,12238,0.344,31,0.011,318,0.011,121,0.018,-0.013,0.0036,0.0137,288,0.107,102,0.038,14306,0.515,12135,0.437,4835,0.721,4258,0.635,0.07,0.32,0.19,2.4,0.01,0.01,0,0,0.85,0.6,Uncertain
"Jackson Parish, LA",22049,Non-core,,,LA,6,15744,,0.003,0,0,0,0,0,21,133,1,6.4,1.1,,0,10,64,0,0,2033,12913,51,324,0,15,ModerateBurden,,High,Substantial,0.013,82,521,0,0.99,-0.012,-0.19,0,0,0.025,101,642,0,0.99,1,7,0,0,0.31,0.04,,,,,-0.5,,-0.14,-0.04,,,,,1,14,0,0,1,1,1,1,4250,0.27,3772,0.24,3,0.002,54,0.004,14,0.004,0,-0.0087,0.0006,21,0.017,5,0.004,4229,0.343,3767,0.305,1832,0.566,1691,0.522,0.12,0.26,0.21,2.4,0.28,0.02,0,0,0.94,0.88,Uncertain
"Unallocated, NM",35000,,,,NM,6,,,,,,,,0,21,,0,,-0.82,,0.001,116,,0,,4280,,0,,0,,,,,,0,12,,,,0,0.71,,,0,7,,,,,,,,,,,,,,,,,,,,,,,,,,,,,,352576,,199765,,106,,564,,107,,,,,1780,,449,,350748,,199306,,137930,,66268,,,,,,,,,,,,
"Pike County, KY",21195,Non-core,,,KY,4,57876,,0.013,0,0,1869,0.032,0,20,35,1,1.7,-0.31,-0.67,0,29,50,3,5.2,5659,9778,103,178,0,21,ModerateBurden,,Moderate,Substantial,0.042,424,733,0,0.97,-0.032,-0.31,0,-0.01,0.074,612,1057,0,0.98,11,3,12,3,0.5,0.04,0.71,0.07,0.29,0.07,-0.39,0.09,0,-0.01,-0.02,-0.03,-0.03,0.01,2,405,63,63,1,1,1,1,22851,0.395,19989,0.345,37,0.009,422,0.009,164,0.015,-0.0059,0.0049,0.0132,506,0.119,243,0.057,22343,0.487,19745,0.43,7575,0.674,6897,0.613,0.06,0.26,0.19,2.3,0.01,0.01,0,0.01,0.79,0.25,Uncertain
"Jessamine County, KY",21113,Medium metro,"Lexington-Fayette, KY",Metropolitan,KY,4,54115,0.105,0.012,0,0,1969,0.036,0,20,37,2,3.7,-0.2,1,0,25,46,1,1.8,4765,8805,67,124,0,19,ModerateBurden,,Moderate,Moderate,0.031,702,1297,0,0.99,-0.008,-0.34,0,0,0.039,1067,1972,0,0.99,,,,,,,,,,,,,,,,,,,,,,,,,,,24613,0.455,20039,0.37,104,0.024,385,0.009,97,0.012,-0.0271,-0.0008,0.0074,1019,0.234,315,0.072,23593,0.572,19724,0.478,6844,0.815,5921,0.705,0.07,0.18,0.16,2.7,0.05,0.04,0,0.01,0.52,0.65,Uncertain
"Bonner County, ID",16017,Micropolitan,"Sandpoint, ID",Micropolitan,ID,10,45739,1,0.026,0,0,0,0,0,20,44,0,0,0.05,,0,19,42,0,0,3326,7272,42,92,0,3,ModerateBurden,,Moderate,Moderate,0.036,351,767,0,1,0.006,-0.26,0,0,0.03,477,1043,0,1,0,0,0,0,0.74,0.13,0.48,0.26,0,0,-1,,-0.03,0,-0.14,-0.07,-0.24,-0.19,1,25,6,3,1,1,1,1,15428,0.337,13701,0.3,3,0.001,122,0.003,36,0.003,-0.0009,-0.0024,-0.0014,13,0.004,1,0,15415,0.42,13700,0.373,7557,0.651,7017,0.604,0.12,0.15,0.25,2.4,0,0.03,0.01,0.01,0.24,0.16,Uncertain
"Buchanan County, MO",29021,Small metro,"St. Joseph, MO-KS",Metropolitan,MO,7,87364,0.698,0.014,0,0,3673,0.042,0,20,23,0,0,-0.17,-1,0,24,27,1,1.1,9408,10769,145,166,0,14,ModerateBurden,,Moderate,Moderate,0.011,833,953,1,1,-0.023,-0.28,0,0,0.034,1151,1317,1,1,7,3,0,0,0.97,0.03,0.69,0.03,0.19,0.01,0.38,,0,0,0.14,0.01,0.03,0,2,258,21,44,1,1,1,1,25087,0.287,21654,0.248,69,0.01,251,0.004,15,0.001,-0.0027,-0.0012,-0.0013,466,0.071,167,0.025,24620,0.363,21487,0.317,8107,0.555,7365,0.504,0.1,0.17,0.17,2.5,0.06,0.07,0,0.01,0.72,0.52,Uncertain
"Lyon County, NV",32019,Micropolitan,"Fernley, NV",Micropolitan,NV,9,57510,1,0.019,0,0,0,0,0,20,35,0,0,0.54,,0,13,23,0,0,3255,5660,65,113,0,34,ModerateBurden,,Moderate,Moderate,0.038,246,428,1,0.98,-0.021,-0.25,0,0,0.06,330,574,1,0.98,0,0,0,0,0.09,0,,,,,,,0.06,0,,,,,1,14,0,0,1,1,1,1,17325,0.301,14985,0.261,27,0.006,196,0.004,30,0.002,-0.0226,-0.0063,-0.0023,329,0.077,82,0.019,16996,0.376,14903,0.33,6934,0.569,6353,0.521,0.09,0.12,0.21,2.6,0.01,0.18,0.02,0.01,0.58,0.76,Uncertain
"Windham County, CT",9015,Medium metro,"Worcester, MA-CT",Metropolitan,CT,1,116782,0.123,0.033,0,0,4331,0.037,0,20,17,1,0.9,0.67,,0,12,10,0,0,10900,9334,195,167,0,46,ModerateBurden,,Moderate,Moderate,0.007,1199,1027,1,0.99,0.004,-0.45,0,-0.01,0.004,2199,1883,1,1,2,2,2,2,0.82,0.01,0.13,0,0,0,-0.68,0.95,-0.05,-0.02,-0.03,-0.01,0,0,2,108,17,10,1,1,1,1,60314,0.516,52497,0.45,151,0.018,726,0.008,65,0.003,-0.0387,-0.0044,-0.0009,2660,0.317,1096,0.131,57621,0.614,51392,0.548,17833,0.89,16756,0.836,0.04,0.11,0.17,2.5,0.02,0.12,0,0.01,0.42,0.12,Uncertain
"Christian County, KY",21047,Medium metro,"Clarksville, TN-KY",Metropolitan,KY,4,70461,0.229,0.016,0,0,0,0,0,20,28,3,4.3,0.25,,0,16,23,0,0,7002,9937,107,152,0,45,ModerateBurden,,Moderate,Moderate,0.029,241,342,1,1,0.011,-0.36,0,0.01,0.018,376,534,1,0.99,0,0,0,0,0.43,0.01,0.4,0.03,0.15,0.02,-1,,-0.02,-0.02,-0.07,-0.03,0.1,-0.01,1,116,15,18,1,1,1,1,15977,0.227,13811,0.196,50,0.01,462,0.009,64,0.007,-0.0327,0.0005,0.0009,429,0.083,75,0.015,15546,0.302,13735,0.267,5271,0.587,5370,0.598,0.09,0.21,0.13,2.6,0.21,0.08,0,0.01,0.91,0.45,Uncertain
"Miami County, OH",39109,Medium metro,"Dayton-Kettering, OH",Metropolitan,OH,5,106987,0.132,0.009,0,0,0,0,0,20,19,0,0,-0.53,,0,43,40,0,0,10815,10109,222,208,0,4,ModerateBurden,,Moderate,Moderate,0.022,648,606,1,0.99,-0.028,-0.02,0,0,0.05,659,616,1,1,2,1,12,6,0.42,0.01,0.5,0,0.03,0,-0.5,-0.25,-0.02,-0.01,-0.06,0,-0.01,0,2,212,14,51,1,1,1,1,39348,0.368,36696,0.343,112,0.013,415,0.005,56,0.003,-0.0081,-0.003,-0.0017,1129,0.13,608,0.07,38219,0.464,36088,0.438,15131,0.747,14616,0.722,0.05,0.09,0.19,2.5,0.02,0.02,0,0.02,0.12,0.35,Uncertain
"Braxton County, WV",54007,Non-core,,,WV,3,13957,,0.008,0,0,0,0,0,20,143,0,0,,,0,0,0,0,0,990,7093,3,21,0,13,ModerateBurden,,High,Low,0.094,138,989,1,0.88,0.063,-0.43,0,-0.03,0.03,244,1748,1,0.91,0,0,0,0,0.44,0,,,0,0,-1,,0,-0.02,,,0,0,1,17,0,7,1,1,1,1,1699,0.122,1272,0.091,14,0.015,37,0.003,6,0.002,-0.0055,-0.0042,-0.0015,82,0.09,8,0.009,1617,0.143,1264,0.112,754,0.228,672,0.203,0.05,0.22,0.24,2.5,0.01,0.01,0,0,0.66,0.49,Uncertain
"Greenbrier County, WV",54025,Non-core,,,WV,3,34662,,0.019,0,0,0,0,0,20,58,0,0,1.86,,0,7,20,0,0,2872,8286,61,176,0,33,ModerateBurden,,Substantial,Moderate,0.036,320,923,1,0.95,-0.023,-0.3,1,-0.04,0.058,454,1310,0,0.98,2,3,0,0,0.65,0.03,0.68,0.02,0.08,0,1,,-0.05,-0.01,0.01,-0.15,0.08,0,1,60,12,7,1,1,1,1,11986,0.346,10120,0.292,26,0.011,125,0.004,30,0.004,-0.0133,-0.0034,-0.0023,541,0.231,276,0.118,11434,0.41,9839,0.353,4563,0.561,4160,0.511,0.07,0.18,0.23,2.3,0.03,0.02,0,0.01,0.56,0.46,Uncertain
"Montezuma County, CO",8083,Non-core,,,CO,8,26183,,0.005,0,0,0,0,0,20,76,0,0,-0.31,,0,29,111,0,0,2017,7703,25,95,0,4,ModerateBurden,,Substantial,High,0.052,542,2070,2,1,0.007,0.09,0,0,0.045,498,1902,2,1,3,11,0,0,0.36,0.06,0.71,0.04,0,0,2,,0,-0.02,0,0.04,0,0,1,28,4,8,1,1,1,1,8759,0.335,8160,0.312,38,0.02,122,0.006,28,0.005,-0.0073,0,0.0005,437,0.227,173,0.09,8306,0.405,7985,0.389,1403,0.234,1937,0.323,0.13,0.16,0.23,2.4,0,0.13,0.12,0.01,0.49,0.22,Uncertain
"Harney County, OR",41025,Non-core,,,OR,10,7393,,0.002,0,0,0,0,0,20,271,1,13.5,0.11,,0,18,243,0,0,403,5451,9,122,0,0,ModerateBurden,,High,High,0.08,51,690,0,1,-0.047,-0.16,0,0,0.127,61,825,0,1,3,54,3,54,0.69,0.1,0,0,0,0,0.18,,-0.07,-0.03,-0.67,0,0,0,1,6,1,1,1,1,1,1,2570,0.348,2284,0.309,6,0.012,35,0.006,9,0.005,-0.0081,-0.0008,0.0016,44,0.089,11,0.022,2524,0.427,2273,0.385,1122,0.608,1063,0.576,0.07,0.17,0.25,2.2,0.01,0.05,0.04,0.01,0.71,0.37,Likely Decreasing
"Monroe County, WV",54063,Non-core,,,WV,3,13275,,0.007,0,0,0,0,0,20,151,0,0,0.33,,0,15,113,0,0,1190,8964,17,128,0,0,ModerateBurden,,High,High,0.076,237,1785,0,0.96,-0.022,0.11,0,0.01,0.098,214,1612,0,0.95,,,,,,,,,,,,,,,,,,,,,,,,,,,3390,0.255,3006,0.226,9,0.01,34,0.003,11,0.003,0.0032,-0.0018,0.0015,87,0.094,42,0.045,3303,0.309,2964,0.277,1478,0.438,1388,0.411,0.09,0.16,0.25,2.3,0.01,0.01,0,0,0.47,0.5,Uncertain
"Frederick County, MD",24021,Large fringe metro,"Washington-Arlington-Alexandria, DC-VA-MD-WV",Metropolitan,MD,3,259547,0.041,0.043,0.001,0,3174,0.012,0,20,8,2,0.8,-0.62,-0.85,0,52,20,13,5,19792,7626,340,131,0,48,LowBurden,,Low,Moderate,0.015,2924,1127,1,0.98,-0.001,-0.23,0,-0.01,0.017,3805,1466,1,0.99,12,4,0,0,0.68,0.03,1,0.08,0.25,0,1.4,,0.05,0,0,-0.07,0.05,0,1,296,13,22,1,1,1,1,156927,0.605,134993,0.52,643,0.03,1638,0.008,144,0.004,-0.061,-0.0105,-0.0042,9195,0.435,3981,0.188,147716,0.74,131006,0.656,35266,0.917,32905,0.856,0.05,0.07,0.15,2.7,0.1,0.11,0,0.05,0.16,0.03,Uncertain
"Natchitoches Parish, LA",22069,Micropolitan,"Natchitoches, LA",Micropolitan,LA,6,38158,1,0.008,0,1,6489,0.17,0,20,52,1,2.6,-0.05,0,0,21,55,1,2.6,4134,10834,93,244,0,3,ModerateBurden,,Substantial,Substantial,0.042,474,1242,0,0.99,0.01,0.38,0,-0.01,0.032,344,902,0,1,2,2,0,0,0.41,0.02,0.37,0.06,0,0,-0.5,,0.04,0,0.02,0,-0.01,0,2,102,9,25,1,1,1,1,10789,0.283,9459,0.248,21,0.007,193,0.007,30,0.005,-0.0037,0.0006,0.0009,125,0.042,45,0.015,10664,0.364,9414,0.321,4269,0.654,3983,0.61,0.13,0.34,0.17,2.6,0.41,0.03,0.01,0.01,0.86,0.69,Uncertain
"Clallam County, WA",53009,Micropolitan,"Port Angeles, WA",Micropolitan,WA,10,77331,1,0.01,0,0,0,0,0,20,26,1,1.3,1.5,0,0,8,10,1,1.3,1343,1737,12,16,0,26,ModerateBurden,,Moderate,Moderate,0.016,1229,1589,,,0.004,-0.21,,,0.012,1548,2002,,,0,0,0,0,0.72,0.03,0.69,0.1,0.04,0,,,0.05,0,-0.11,-0.03,0,0,2,83,10,27,1,1,1,1,43759,0.566,39402,0.51,73,0.017,543,0.008,87,0.004,-0.0445,-0.0005,-0.0003,1082,0.248,465,0.107,42675,0.663,38936,0.605,20090,0.853,18712,0.794,0.09,0.16,0.3,2.2,0.01,0.07,0.05,0.02,0.61,0.29,Uncertain
"Pennington County, SD",46103,Small metro,"Rapid City, SD",Metropolitan,SD,8,113775,0.801,0.129,0,0,2066,0.018,0,20,18,1,0.9,-0.44,-0.5,0,36,32,2,1.8,13851,12174,201,177,0,38,ModerateBurden,,Moderate,Moderate,0.024,564,496,0,1,-0.033,-0.18,0,0,0.056,691,607,0,1,7,2,0,0,0.81,0.02,0.94,0.08,0.18,0.01,0,,-0.03,0,-0.04,0,-0.08,-0.01,3,365,31,79,1,1,1,1,33104,0.291,34373,0.302,232,0.027,589,0.007,72,0.003,0.0024,-0.0005,-0.0009,1433,0.169,792,0.093,31671,0.361,33581,0.382,7370,0.35,11384,0.54,0.11,0.13,0.19,2.4,0.01,0.05,0.09,0.01,0.42,0.09,Uncertain
"Carroll County, GA",13045,Large fringe metro,"Atlanta-Sandy Springs-Alpharetta, GA",Metropolitan,GA,4,119992,0.02,0.011,0,1,9339,0.078,0,20,17,1,0.8,-0.31,,0,29,24,0,0,11498,9582,244,203,0,54,ModerateBurden,,Moderate,Moderate,0.035,316,263,0,0.95,0.01,-0.06,0,-0.02,0.024,336,280,0,0.97,9,16,5,9,1.05,0.05,0.77,0.08,0.16,0.03,0.81,0.28,0.01,0.03,-0.01,0.03,0.02,0,2,55,26,62,1,0.5,1,1,18763,0.156,16518,0.138,153,0.015,613,0.007,93,0.006,0.0084,-0.0007,0.001,448,0.045,200,0.02,18303,0.2,16317,0.178,6472,0.39,6092,0.367,0.12,0.19,0.14,2.7,0.19,0.07,0,0.01,0.78,0.86,Uncertain
"Kenai Peninsula Borough, AK",2122,Non-core,,,AK,10,58708,,0.08,0,0,0,0,0,20,34,0,0,1.5,,0,8,14,0,0,4592,7822,22,37,0,39,ModerateBurden,,Moderate,Moderate,0.014,991,1688,0,0.99,0.002,-0.21,0,-0.01,0.012,1249,2127,0,0.99,,,,,,,,,,,,,,,,,,,,,,,,,,,22298,0.38,20161,0.343,62,0.014,193,0.004,26,0.002,-0.0004,-0.0002,0.0002,675,0.151,391,0.087,21583,0.474,19764,0.434,7637,0.709,7271,0.675,0.17,0.12,0.18,2.6,0.01,0.04,0.08,0.02,0.41,0.2,Uncertain
"Washington County, WI",55131,Large fringe metro,"Milwaukee-Waukesha, WI",Metropolitan,WI,5,136034,0.086,0.023,0,0,0,0,0,20,15,9,6.6,-0.53,0.5,0,43,32,6,4.4,16886,12413,183,135,0,50,ModerateBurden,,Moderate,Moderate,0.017,1024,753,1,1,0.001,-0.34,0,0,0.017,1543,1134,1,1,2,1,0,0,0.34,0.01,0.13,0,0.05,0,-0.33,,-0.02,-0.01,-0.02,-0.02,0,0,2,163,52,24,1,1,1,1,62292,0.458,55067,0.405,177,0.016,583,0.005,77,0.003,-0.007,-0.0029,-0.0008,2147,0.196,1014,0.092,60142,0.564,54052,0.507,21403,0.852,20553,0.818,0.04,0.05,0.18,2.5,0.01,0.03,0,0.01,0.01,0.13,Uncertain
"Washington County, OK",40147,Micropolitan,"Bartlesville, OK",Micropolitan,OK,6,51527,1,0.013,0,0,568,0.011,0,19,37,0,0,1.71,-1,0,7,14,7,13.6,5242,10173,118,229,0,0,ModerateBurden,,Moderate,High,0.078,90,175,0,1,-0.03,-0.26,0,0,0.107,122,237,0,1,3,3,0,0,0.74,0.04,0.68,0.12,0.08,0.03,0,-1,0.11,0.02,0.02,0.05,0.03,0.02,1,97,8,39,1,1,1,1,16893,0.328,13110,0.254,43,0.01,132,0.003,22,0.002,-0.0031,-0.0004,0,369,0.088,141,0.034,16523,0.421,12969,0.33,6985,0.686,5609,0.551,0.13,0.14,0.2,2.5,0.02,0.06,0.1,0.02,0.44,0.44,Uncertain
"Carroll County, MD",24013,Large fringe metro,"Baltimore-Columbia-Towson, MD",Metropolitan,MD,3,168447,0.06,0.028,0.001,0,1654,0.01,0,19,11,0,0,0.12,-1,0,17,10,13,7.7,9496,5637,252,150,0,50,ModerateBurden,,Moderate,Moderate,0.008,2418,1435,1,0.95,-0.004,-0.43,0,-0.02,0.012,4218,2504,1,0.98,4,2,6,3,0.91,0.04,0.63,0.03,0.03,0,0.29,-0.35,0.11,-0.02,-0.14,-0.14,-0.01,-0.01,1,173,10,157,1,1,1,1,98761,0.586,86589,0.514,243,0.018,1049,0.008,129,0.004,-0.1073,-0.0095,-0.0047,4776,0.359,1939,0.146,93983,0.712,84650,0.641,27308,0.938,25744,0.884,0.03,0.05,0.17,2.7,0.04,0.04,0,0.02,0.04,0.09,Uncertain
"Wayne County, NY",36117,Large fringe metro,"Rochester, NY",Metropolitan,NY,2,89918,0.084,0.005,0,0,0,0,0,19,21,1,1.1,0.12,,0,17,19,0,0,5764,6410,69,77,0,44,ModerateBurden,,Moderate,Moderate,0.011,2381,2648,1,0.99,0.003,-0.12,0,0,0.009,2716,3021,1,0.99,0,0,0,0,0.35,0.03,0.81,0.19,0.23,0.02,-1,,-0.02,-0.01,-0.06,0.04,0.08,0.02,1,149,9,28,1,1,1,1,44367,0.493,38727,0.431,220,0.033,570,0.008,63,0.004,-0.0121,-0.0053,-0.0054,1804,0.271,763,0.114,42563,0.601,37964,0.536,14167,0.807,13218,0.753,0.05,0.11,0.2,2.4,0.03,0.05,0,0.01,0.34,0.73,Uncertain
"Wise County, TX",48497,Large fringe metro,"Dallas-Fort Worth-Arlington, TX",Metropolitan,TX,6,69984,0.009,0.002,0,0,0,0,0,19,27,2,2.9,-0.47,,0,36,51,0,0,7425,10610,123,176,0,2,ModerateBurden,,Moderate,Substantial,0.053,404,577,0,0.99,0.013,-0.02,-1,-0.01,0.04,414,592,1,0.99,1,1,114,97,0.68,0.02,0.61,0.01,0.1,0,-0.75,0.22,0.02,-0.01,0.15,-0.06,0,0,1,118,20,29,1,1,1,1,,,,,,,,,,,,,,,,,,,,,,,,,,0.18,0.12,0.15,2.9,0.01,0.2,0.01,0.01,0.58,0.52,Uncertain
"Washington County, ME",23029,Non-core,,,ME,1,31379,,0.023,0,0,345,0.011,0,19,61,0,0,-0.32,,0,28,89,0,0,916,2919,16,51,0,0,ModerateBurden,,Substantial,Substantial,0,267,851,0,0.98,-0.05,0.15,0,0.02,0.05,233,743,0,0.95,0,0,0,0,0.41,0,,,0,0,-1,,-0.04,-0.01,,,0,0,2,35,0,8,1,1,1,1,17891,0.57,15830,0.504,83,0.038,507,0.02,72,0.009,-0.0028,0.0123,0.0062,569,0.263,129,0.06,17321,0.68,15700,0.617,6787,0.871,6494,0.833,0.12,0.19,0.25,2.2,0.01,0.03,0.05,0,0.64,0.7,Uncertain
"Van Buren County, AR",5141,Non-core,,,AR,6,16545,,0.005,0,0,0,0,0,19,115,1,6,0.36,,0,14,85,0,0,1356,8196,24,145,0,0,ModerateBurden,,High,High,0.152,34,206,0,0.97,-0.156,3.86,0,0.01,0.308,7,42,0,0.96,0,0,0,0,0.29,0,,,0,0,-1,,0.02,-0.01,,,0,0,1,25,0,8,1,1,1,1,5259,0.318,4615,0.279,3,0.002,57,0.004,5,0.001,-0.0082,-0.0011,-0.0027,60,0.049,30,0.025,5198,0.39,4585,0.344,2752,0.623,2527,0.572,0.1,0.19,0.27,2.4,0.01,0.03,0.01,0,0.72,0.85,Uncertain
"Chippewa County, WI",55017,Small metro,"Eau Claire, WI",Metropolitan,WI,5,64658,0.382,0.011,0,0,0,0,0,19,29,0,0,-0.41,,0,32,49,0,0,7681,11879,96,148,0,18,ModerateBurden,,Moderate,Moderate,0.021,675,1044,0,1,-0.015,-0.23,0,0,0.036,881,1363,0,1,0,0,0,0,0.37,0,,,0,0,,,0.02,0,,,0,0,3,57,0,10,1,1,1,1,29392,0.455,26971,0.417,60,0.012,238,0.005,33,0.003,-0.011,-0.0026,-0.0008,835,0.164,378,0.074,28557,0.565,26593,0.526,10511,0.882,10170,0.853,0.06,0.11,0.18,2.4,0.02,0.02,0,0.01,0.21,0.07,Uncertain
"Jasper County, TX",48241,Non-core,,,TX,6,35529,,0.001,0,0,0,0,0,19,53,0,0,,-1,0,0,0,1,2.8,2514,7076,92,259,0,0,ModerateBurden,,Substantial,Low,0.037,211,594,1,0.98,0.029,0.08,1,0,0.008,196,552,0,0.99,0,0,0,0,0.26,0,0,0,0.1,0,,,0.18,0,0,0,-0.01,0,1,41,6,10,1,1,1,1,,,,,,,,,,,,,,,,,,,,,,,,,,0.17,0.17,0.2,2.8,0.16,0.07,0.01,0.01,0.82,0.7,Uncertain
"Grady County, GA",13131,Non-core,,,GA,4,24633,,0.002,0,0,0,0,0,19,77,0,0,-0.3,-1,0,27,110,2,8.1,2246,9118,62,252,0,4,ModerateBurden,,Substantial,High,0.078,57,231,0,0.95,-0.013,-0.46,0,-0.01,0.091,106,430,0,0.96,4,24,2,12,0.96,0.08,0.25,0.21,0,0,-0.75,-0.5,-0.06,-0.16,0.25,0.21,0,0,1,17,4,4,1,1,1,1,1789,0.073,1649,0.067,40,0.018,143,0.008,28,0.006,0.012,0.0029,0.0004,82,0.038,29,0.013,1707,0.092,1620,0.087,664,0.146,621,0.136,0.18,0.23,0.19,2.7,0.28,0.12,0.01,0,0.93,0.97,Uncertain
"Whitfield County, GA",13313,Small metro,"Dalton, GA",Metropolitan,GA,4,104628,0.723,0.01,0,0,3190,0.03,0,19,18,1,1,-0.3,0,0,27,26,1,1,16973,16222,245,234,0,18,ModerateBurden,,Moderate,Moderate,0.015,1028,983,0,0.97,0.003,0.03,0,0.02,0.012,1002,958,0,0.95,0,0,0,0,0.69,0.04,0.62,0.17,0.1,0.04,,,0.04,-0.03,0.01,-0.03,0,-0.01,1,196,22,60,1,1,1,1,14548,0.139,12466,0.119,159,0.016,548,0.007,52,0.003,0.0042,-0.0012,-0.0012,569,0.059,265,0.027,13976,0.18,12201,0.157,4066,0.27,3753,0.249,0.18,0.18,0.14,2.8,0.04,0.36,0,0.01,0.88,0.65,Uncertain
"Chenango County, NY",36017,Non-core,,,NY,2,47207,,0.002,0,0,0,0,0,19,40,0,0,0.36,,0,14,30,0,0,3488,7389,76,161,0,41,ModerateBurden,,Moderate,Moderate,0.016,1406,2978,1,0.99,0.006,-0.23,0,0,0.009,1828,3872,1,1,2,7,0,0,0.27,0.05,0.26,0.03,0,0,1,,0.03,0.04,0,0.03,0,0,1,28,5,7,1,1,1,1,23044,0.488,20324,0.431,176,0.052,363,0.01,63,0.006,0.0109,-0.0047,-0.0047,795,0.234,295,0.087,22247,0.593,20027,0.534,7885,0.801,7316,0.743,0.05,0.14,0.21,2.3,0.01,0.02,0,0.01,0.56,0.71,Uncertain
"Henderson County, KY",21101,Medium metro,"Evansville, IN-KY",Metropolitan,KY,4,45210,0.143,0.01,0,0,0,0,0,19,42,2,4.4,-0.46,1,0,35,77,1,2.2,4939,10925,78,173,0,15,ModerateBurdenResolving,,Substantial,High,0.084,102,226,1,0.92,-0.142,0.07,0,-0.06,0.226,95,210,1,0.98,5,5,4,4,0.33,0.02,0.51,0.02,0.13,0,0.25,-0.2,-0.04,-0.02,-0.05,-0.07,-0.04,0,1,105,12,6,1,1,1,1,16633,0.368,14202,0.314,22,0.006,204,0.006,58,0.007,-0.003,-0.0006,0.0028,314,0.087,98,0.027,16319,0.467,14104,0.404,6286,0.761,5808,0.703,0.05,0.19,0.18,2.4,0.08,0.03,0,0.01,0.71,0.32,Uncertain
"Miller County, MO",29131,Non-core,,,MO,7,25619,,0.004,0,0,0,0,0,19,74,3,11.7,1.38,,0,8,31,0,0,2571,10036,57,222,0,0,ModerateBurden,,High,Moderate,0.146,111,433,0,1,0.113,-0.17,0,0,0.033,133,519,0,1,,,,,,,,,,,,,,,,,,,,,,,,,,,6025,0.235,5068,0.198,10,0.005,67,0.003,22,0.004,0,-0.0002,0.002,64,0.031,25,0.012,5960,0.304,5042,0.257,2685,0.536,2327,0.464,0.11,0.18,0.2,2.5,0.01,0.02,0.01,0,0.5,0.72,Uncertain
"Laurens County, SC",45059,Medium metro,"Greenville-Anderson, SC",Metropolitan,SC,4,67493,0.073,0.013,0,0,1240,0.018,0,19,28,1,1.5,-0.44,,0,34,50,0,0,7518,11139,171,253,0,34,ModerateBurden,,Moderate,Substantial,0.041,413,612,1,0.99,0.005,-0.3,0,0.02,0.036,586,868,1,0.96,0,0,0,0,0.4,0,0.77,0,0.13,0,-1,,-0.05,-0.01,-0.07,0,0.04,0,1,97,8,11,1,1,1,1,18923,0.28,16825,0.249,20,0.004,231,0.004,34,0.003,-0.0002,-0.0008,-0.0005,249,0.05,134,0.027,18660,0.354,16690,0.317,8316,0.655,7771,0.612,0.12,0.2,0.19,2.5,0.25,0.05,0,0.01,0.92,0.68,Uncertain
"Butler County, KS",20015,Medium metro,"Wichita, KS",Metropolitan,KS,7,66911,0.105,0.023,0,0,0,0,0,19,28,1,1.5,0.9,0,0,10,15,1,1.5,7611,11375,90,135,0,19,ModerateBurden,,Moderate,Moderate,0.023,194,290,1,0.69,-0.009,-0.66,1,-0.3,0.032,569,850,0,0.99,0,0,0,0,0.54,0,0.43,0,0.19,0,,,0.06,0,0.11,0,0.08,0,2,70,12,12,1,1,1,1,24071,0.36,20561,0.307,125,0.02,228,0.005,35,0.003,0.0018,-0.0018,-0.002,801,0.128,335,0.054,23267,0.466,20224,0.405,7596,0.723,6978,0.664,0.08,0.11,0.16,2.6,0.02,0.05,0.01,0.01,0.26,0.31,Uncertain
"Martin County, NC",37117,Non-core,,,NC,4,22440,,0.002,0,0,0,0,0,19,85,1,4.5,8.5,0,0,2,9,1,4.5,2287,10192,45,201,0,0,ModerateBurden,,Substantial,Moderate,0.055,175,780,1,0.99,-0.015,-0.29,0,0,0.07,245,1092,1,1,3,17,0,0,0.54,0.06,0.57,0.12,0,0,,-1,-0.16,0.06,-0.07,0.12,0,0,1,18,6,5,1,1,1,1,16952,0.755,15325,0.683,15,0.01,93,0.005,7,,-0.0228,-0.0052,0,325,0.211,192,0.125,16616,0.927,15131,0.845,6822,0.999,6515,0.999,0.1,0.18,0.24,2.4,0.42,0.04,0,0,0.75,0.95,Uncertain
"Houston County, AL",1069,Small metro,"Dothan, AL",Metropolitan,AL,4,105882,0.709,0.022,0,0,0,0,0,19,18,2,1.9,0,1,0,19,18,1,0.9,10733,10137,287,271,0,12,ModerateBurden,,Moderate,Moderate,0.022,444,419,0,1,-0.029,-0.19,0,0,0.051,546,516,0,0.99,15,2,0,0,0.85,0.02,0.96,0.1,0.3,0.01,0.07,,-0.02,0,-0.04,0.02,-0.06,-0.01,3,609,67,86,1,1,1,1,31594,0.298,26420,0.25,5,0.001,68,0.001,12,0.001,0.0005,-0.0012,-0.0015,241,0.029,104,0.012,31352,0.384,26316,0.323,13271,0.692,11712,0.611,0.1,0.18,0.18,2.6,0.27,0.03,0,0.01,0.68,0.69,Uncertain
"Navajo County, AZ",4017,Micropolitan,"Show Low, AZ",Micropolitan,AZ,9,110924,1,0.015,0,0,0,0,0,19,17,2,1.8,-0.65,-0.33,0,54,49,3,2.7,16463,14842,542,489,0,48,ModerateBurden,,Moderate,Moderate,0.027,633,571,0,1,-0.021,0.19,-1,0.01,0.048,532,480,1,0.99,3,2,0,0,0.51,0.02,0.65,0.08,0.05,0,-0.67,-1,0.08,-0.02,0.03,-0.03,0.01,0,4,184,17,28,1,1,1,1,57331,0.517,46126,0.416,289,0.029,459,0.006,99,0.005,-0.0098,-0.0126,-0.0037,4353,0.432,2097,0.208,52973,0.648,44028,0.538,17059,0.819,14100,0.677,0.14,0.29,0.19,3.1,0.01,0.11,0.44,0.01,1,0.9,Uncertain
"Lamar County, TX",48277,Micropolitan,"Paris, TX",Micropolitan,TX,6,49859,1,0.002,0,0,0,0,0,19,38,0,0,-0.46,,0,35,70,0,0,5900,11833,156,313,0,0,ModerateBurden,,High,High,0.111,131,263,0,0.99,-0.007,-0.19,0,-0.01,0.118,161,323,0,1,6,4,0,0,0.71,0.03,0.59,0.17,0.41,0,0.19,,-0.01,0.02,-0.09,0.09,-0.05,0,1,154,16,32,1,1,1,1,,,,,,,,,,,,,,,,,,,,,,,,,,0.17,0.18,0.2,2.5,0.13,0.08,0.01,0.01,0.84,0.47,Uncertain
"Bayamón Municipio, PR",72021,,"San Juan-Bayamón-Caguas, PR",Metropolitan,PR,2,,,,,0,214,0.001,0,19,11,0,0,-0.59,,0,46,27,0,0,10311,6091,0,0,0,,,,Moderate,Moderate,0.023,1794,1060,,,-0.003,-0.38,,,0.026,2902,1714,,,4,0,44,4,0.57,0.01,0.65,0.06,0.21,0.02,-0.64,0.1,-0.03,-0.01,-0.07,-0.04,-0.04,-0.02,4,1037,75,150,1,1,1,1,95027,0.561,73351,0.433,419,0.035,1885,0.014,217,0.006,-0.0217,-0.0089,-0.0061,4445,0.369,2051,0.17,90560,0.652,71295,0.513,23802,0.624,20725,0.543,0.07,0.35,,,,,,,,,
"Wabash County, IN",18169,Micropolitan,"Wabash, IN",Micropolitan,IN,5,30996,1,0.005,0,0,1459,0.047,0,19,61,0,0,0.36,-1,0,14,45,1,3.2,3603,11624,82,265,0,31,ModerateBurden,,Substantial,Moderate,0.052,113,365,1,0.97,0.003,-0.46,0,0.02,0.049,209,674,1,0.95,2,11,1,6,0.82,0.03,,,0,0,-0.33,0,-0.07,-0.08,,,0,0,1,18,0,2,1,1,1,1,10509,0.339,9242,0.298,24,0.01,97,0.004,13,0.002,-0.0013,-0.0023,-0.0018,154,0.065,57,0.024,10355,0.421,9185,0.373,5029,0.763,4759,0.722,0.08,0.13,0.21,2.3,0.01,0.03,0.01,0.01,0.29,0.49,Uncertain
"Hill County, MT",30041,Non-core,,,MT,8,16484,,0.015,0,0,830,0.05,0,19,115,0,0,3.75,-1,0,4,24,1,6.1,2018,12242,45,273,0,0,ModerateBurden,,High,Moderate,0.22,50,303,1,0.99,0.158,-0.42,0,-0.01,0.061,86,522,1,1,2,8,0,0,0.39,0.03,0.26,0.05,0,0,,,-0.05,-0.01,-0.02,0.05,0,0,1,26,6,5,1,1,1,1,7604,0.461,6258,0.38,47,0.034,176,0.015,12,0.005,0.0132,0.0068,-0.0008,369,0.27,163,0.119,7235,0.608,6095,0.513,2213,0.878,1972,0.783,0.08,0.19,0.15,2.6,0.01,0.04,0.23,0.01,0.7,0.3,Uncertain
"San Jacinto County, TX",48407,Non-core,,,TX,6,28859,,0.001,0,0,0,0,0,19,66,0,0,0.73,-1,0,11,38,1,3.5,1369,4744,39,135,0,28,ModerateBurden,,Substantial,Moderate,0.093,112,388,1,0.96,0.017,-0.35,0,-0.03,0.076,171,593,1,0.99,,,,,,,,,,,,,,,,,,,,,,,,,,,,,,,,,,,,,,,,,,,,,,,,,,,,0.2,0.15,0.22,2.9,0.09,0.14,0.01,0.01,0.69,0.86,Uncertain
"Tompkins County, NY",36109,Small metro,"Ithaca, NY",Metropolitan,NY,2,102180,1,0.005,0,2,29844,0.292,0,19,19,0,0,-0.14,,0,22,22,0,0,4341,4248,52,51,0,13,ModerateBurden,,Moderate,Moderate,0.003,11226,10986,0,0.93,0.001,-0.45,-1,-0.06,0.002,20302,19869,1,0.99,3,2,0,0,0.73,0.01,0.66,0.01,0.02,0,-0.57,-1,0.09,-0.01,0.23,0.01,0.02,0,1,162,16,61,1,1,1,1,69665,0.682,62251,0.609,180,0.035,535,0.006,65,0.004,-0.0199,-0.0025,-0.0008,3183,0.614,1414,0.273,66475,0.762,60833,0.698,14134,0.916,13297,0.862,0.04,0.2,0.15,2.3,0.04,0.05,0,0.1,0.35,0.21,Likely Decreasing
"Whitman County, WA",53075,Micropolitan,"Pullman, WA",Micropolitan,WA,10,50104,1,0.007,0,1,26683,0.533,0,19,38,1,2,0.19,,0,16,32,0,0,4287,8556,50,100,0,51,ModerateBurden,,Moderate,Moderate,0.045,327,653,,,0.025,-0.22,,,0.019,418,834,,,20,22,1,1,0.26,0.04,0.62,0,0,0,1.86,-0.67,-0.07,0.01,0.1,-0.1,0,0,2,89,6,11,1,1,1,1,20069,0.401,16229,0.324,51,0.02,313,0.007,15,0.003,-0.0162,-0.0029,-0.0032,853,0.337,264,0.104,19215,0.451,15965,0.375,4431,0.825,4058,0.755,0.04,0.27,0.11,2.3,0.02,0.07,0.01,0.08,0.51,0.21,Uncertain
"Boone County, WV",54005,Small metro,"Charleston, WV",Metropolitan,WV,3,21457,0.083,0.012,0,0,0,0,0,19,89,0,0,-0.42,,0,33,154,0,0,2163,10081,34,158,0,17,ModerateBurden,,Substantial,High,0.062,287,1338,0,0.96,-0.029,-0.57,-1,0.07,0.091,667,3109,1,0.89,3,12,0,0,0.66,0.03,,,0,0,-0.25,,-0.19,-0.02,,,0,0,1,25,0,5,1,1,1,1,6873,0.32,5589,0.26,8,0.005,44,0.003,9,0.002,-0.0036,-0.0049,-0.0027,332,0.198,161,0.096,6535,0.384,5424,0.319,2591,0.578,2300,0.513,0.05,0.24,0.21,2.5,0.01,0.01,0,0,0.7,0.4,Uncertain
"Upshur County, WV",54097,Non-core,,,WV,3,24176,,0.013,0,0,1266,0.052,0,19,79,0,0,-0.21,,0,24,99,0,0,1946,8049,33,136,0,3,ModerateBurden,,Substantial,Substantial,0.054,418,1729,0,0.99,0.008,-0.14,-2,-0.01,0.046,487,2014,2,1,1,3,13,35,0.6,0.02,0.47,0.1,0,0,0,0.86,0.02,-0.01,-0.06,-0.06,0,0,1,37,7,7,1,1,1,1,1796,0.074,1052,0.044,6,0.003,52,0.003,8,0.002,-0.0092,-0.0045,-0.0034,100,0.058,17,0.01,1696,0.088,1035,0.054,733,0.145,591,0.117,0.08,0.21,0.21,2.5,0.01,0.01,0,0,0.69,0.26,Uncertain
"Prince of Wales-Hyder Census Area, AK",2198,Non-core,,,AK,10,6203,,0.008,0,0,0,0,0,19,306,0,0,3.75,,0,4,64,0,0,169,2724,1,16,0,0,ModerateBurden,,High,Substantial,0.108,78,1257,0,0.99,0.041,-0.08,0,0.03,0.067,85,1370,0,0.96,,,,,,,,,,,,,,,,,,,,,,,,,,,2897,0.467,2341,0.377,9,0.019,156,0.032,49,0.044,0.0021,0.0257,0.0418,184,0.391,52,0.11,2705,0.561,2286,0.474,817,0.726,735,0.653,0.26,0.15,0.18,2.7,0.01,0.04,0.41,0.01,0.77,0.59,Uncertain
"Steuben County, IN",18151,Micropolitan,"Angola, IN",Micropolitan,IN,5,34594,1,0.005,0,0,2184,0.063,0,18,52,0,0,0.38,-1,0,13,38,2,5.8,3966,11464,59,171,0,31,ModerateBurden,,Substantial,Moderate,0.098,150,434,1,0.94,0.043,-0.57,-1,0.04,0.055,350,1012,2,0.9,0,0,0,0,0.58,0,,,0,0,-1,-1,0,-0.05,,,0,0,1,34,0,4,1,1,1,1,13503,0.39,12074,0.349,23,0.009,91,0.003,19,0.003,-0.0016,-0.0016,-0.0001,243,0.096,113,0.045,13260,0.48,11961,0.433,5798,0.799,5540,0.764,0.09,0.11,0.21,2.3,0.01,0.04,0,0.01,0.27,0.25,Uncertain
"Alamosa County, CO",8003,Non-core,,,CO,8,16233,,0.003,0,0,1878,0.116,0,18,111,1,6.2,-0.56,-0.5,0,41,253,2,12.3,1703,10491,34,209,0,10,ModerateBurdenResolving,,High,High,0.029,383,2359,1,1,-0.007,-0.38,0,0,0.036,613,3776,1,1,2,5,0,0,0.62,0.12,0.6,0.38,0,0,-0.6,,0.04,-0.05,-0.21,-0.31,0,0,1,42,6,12,1,1,1,1,4533,0.279,4154,0.256,42,0.034,106,0.009,7,0.003,0.0152,0.0007,-0.0013,334,0.267,117,0.094,4181,0.34,4037,0.328,572,0.254,840,0.373,0.14,0.24,0.14,2.5,0.01,0.48,0.01,0.01,0.95,0.36,Uncertain
"Worcester County, MD",24047,Medium metro,"Salisbury, MD-DE",Metropolitan,MD,3,52276,0.126,0.009,0,0,0,0,0,18,34,0,0,-0.33,-1,0,27,52,7,13.4,3664,7009,106,203,0,0,ModerateBurden,,Moderate,Substantial,0.011,631,1207,1,0.96,-0.001,-0.11,0,-0.03,0.012,709,1356,1,0.98,0,0,0,0,0.71,0,0.75,0,0.31,0,,,0.02,0,0.2,0,0.22,0,1,56,8,10,1,1,1,1,30598,0.585,26767,0.512,37,0.012,307,0.007,40,0.003,-0.0246,-0.0065,-0.0032,727,0.229,386,0.122,29867,0.689,26378,0.608,12750,0.864,11850,0.803,0.06,0.09,0.28,2.3,0.13,0.04,0,0.02,0.28,0.19,Uncertain
"Litchfield County, CT",9005,Micropolitan,"Torrington, CT",Micropolitan,CT,1,180333,1,0.051,0.001,0,0,0,0,18,10,1,0.6,1,,0,9,5,0,0,14610,8102,298,165,0,57,LowBurden,,Moderate,Low,0.002,2422,1343,1,0.99,-0.004,-0.31,0,-0.01,0.006,3515,1949,1,1,1,1,7,4,0.63,0.01,0.24,0,0.18,0,-0.75,0.76,-0.03,0,-0.07,-0.01,0.02,0,2,176,42,19,1,1,1,1,115188,0.639,98915,0.549,1001,0.079,1961,0.013,585,0.015,0.0418,0.0027,0.0108,5615,0.441,2858,0.224,109516,0.74,96036,0.649,35384,0.892,32302,0.815,0.04,0.07,0.22,2.4,0.02,0.07,0,0.02,0.08,0.02,Uncertain
"Webster Parish, LA",22119,Medium metro,"Minden, LA",Micropolitan,LA,6,38340,1,0.008,0,0,0,0,0,18,47,0,0,-0.31,,0,26,68,0,0,4194,10939,113,295,0,4,ModerateBurden,,Moderate,Substantial,0.05,361,942,0,0.98,0.003,-0.19,0,-0.02,0.046,445,1161,0,1,3,3,17,19,0.52,0.02,0.52,0,0,0,2,,0.12,0.01,0.01,0,-0.02,0,2,91,13,12,1,1,1,1,11551,0.301,10006,0.261,10,0.003,118,0.004,20,0.003,0.0014,-0.0005,-0.0001,112,0.039,59,0.02,11438,0.384,9947,0.334,5196,0.67,4785,0.617,0.1,0.26,0.2,2.4,0.34,0.02,0,0,0.88,0.61,Uncertain
"Robertson County, TX",48395,Small metro,"College Station-Bryan, TX",Metropolitan,TX,6,17074,0.064,0.001,0,0,0,0,0,18,105,0,0,0.38,,0,13,76,0,0,2192,12838,43,252,0,0,ModerateBurden,,High,Substantial,0.066,179,1048,1,1,-0.024,-0.18,1,0,0.09,218,1277,0,1,,,,,,,,,,,,,,,,,,,,,,,,,,,,,,,,,,,,,,,,,,,,,,,,,,,,0.15,0.13,0.2,2.6,0.19,0.22,0,0.01,0.75,0.97,Likely Decreasing
"St. John the Baptist Parish, LA",22095,Large fringe metro,"New Orleans-Metairie, LA",Metropolitan,LA,6,42837,0.034,0.009,0,0,0,0,0,18,42,0,0,0.2,-1,0,15,35,1,2.3,3804,8880,141,329,0,8,ModerateBurden,,Moderate,Moderate,0.029,481,1123,0,1,-0.013,0.09,0,0,0.042,442,1032,0,1,,,,,,,,,,,,,,,,,,,,,,,,,,,17210,0.402,14927,0.348,63,0.017,302,0.009,32,0.005,-0.0051,-0.0006,0.0014,418,0.112,170,0.046,16791,0.519,14756,0.456,5148,0.816,4754,0.753,0.11,0.19,0.15,2.8,0.58,0.07,0,0.01,0.75,0.78,Uncertain
"Ford County, IL",17053,Small metro,,,IL,5,12961,,0.001,0,0,0,0,0,18,139,0,0,-0.36,,0,28,216,0,0,1862,14366,48,370,0,5,ModerateBurden,,High,High,0.062,130,1003,0,0.99,0.011,-0.37,0,-0.01,0.051,205,1582,0,1,0,0,0,0,0.5,0.01,0,0,0,0,-1,,-0.06,-0.02,0,0,0,0,1,25,3,5,1,1,1,1,6004,0.463,4587,0.354,63,0.06,87,0.009,10,0.004,0.0486,-0.003,-0.004,238,0.227,93,0.089,5757,0.574,4494,0.448,2282,0.914,1819,0.729,0.06,0.16,0.19,2.2,0.01,0.04,0,0.01,0.31,0.5,Uncertain
"St. Landry Parish, LA",22097,Micropolitan,"Opelousas, LA",Micropolitan,LA,6,82124,1,0.018,0,0,0,0,0,18,22,1,1.2,-0.67,0,0,55,67,1,1.2,9071,11045,260,317,0,26,ModerateBurden,,Moderate,Substantial,0.042,778,947,0,0.99,0.011,-0.08,0,0.01,0.031,847,1031,0,0.97,2,1,1,1,0.63,0.03,0.58,0.19,0.1,0.03,-0.31,,-0.03,0.01,-0.05,0.03,0.02,0.01,3,168,20,33,1,1,1,1,22346,0.272,19315,0.235,62,0.009,315,0.005,37,0.003,-0.0124,-0.0012,-0.0009,501,0.069,195,0.027,21843,0.362,19120,0.317,8338,0.611,7607,0.558,0.12,0.29,0.17,2.7,0.41,0.02,0,0,0.92,0.87,Uncertain
"Warren County, NY",36113,Small metro,"Glens Falls, NY",Metropolitan,NY,2,63944,0.511,0.003,0,0,0,0,0,18,28,0,0,0.12,,0,16,25,0,0,3656,5718,57,89,0,58,ModerateBurden,,Moderate,Moderate,0.01,951,1487,1,0.96,-0.003,-0.29,0,-0.03,0.013,1348,2108,1,0.99,2,1,0,0,0.87,0.02,0.77,0.04,0.03,0,-0.52,,0,-0.01,-0.1,-0.05,0,0,1,187,12,60,1,1,1,1,40936,0.64,36877,0.577,90,0.021,394,0.008,37,0.003,-0.0268,-0.0048,-0.0046,1731,0.407,1006,0.237,39203,0.749,35871,0.685,13304,0.907,12459,0.849,0.05,0.11,0.23,2.3,0.01,0.03,0,0.01,0.17,0.14,Uncertain
"DeSoto County, FL",12027,Micropolitan,"Arcadia, FL",Micropolitan,FL,4,38001,1,0.002,0,0,0,0,0,18,47,0,0,0.2,-1,0,15,39,2,5.3,4444,11694,97,255,0,45,ModerateBurden,,Moderate,Moderate,0.05,493,1297,,,0.018,-0.09,,,0.032,542,1426,,,1,4,0,0,0.6,0.03,0.5,0,0.03,0,,,0,0.03,0.21,0,0.03,0,1,22,8,5,1,1,1,1,14321,0.377,10809,0.284,23,0.009,181,0.006,21,0.002,-0.0088,-0.0048,-0.0025,186,0.074,56,0.022,14126,0.458,10751,0.349,6405,0.748,5378,0.628,0.18,0.28,0.23,2.7,0.12,0.32,0,0,0.96,0.92,Uncertain
"Greene County, OH",39057,Medium metro,"Dayton-Kettering, OH",Metropolitan,OH,5,168937,0.209,0.014,0.001,1,16230,0.096,0,18,11,0,0,-0.38,,0,29,17,0,0,15232,9016,246,146,0,49,ModerateBurden,,Moderate,Moderate,0.017,1034,612,1,0.99,-0.013,-0.09,0,0.01,0.03,1138,674,1,0.99,6,3,0,0,0.68,0.02,0.52,0.02,0.08,0,0.5,,-0.04,0,-0.14,-0.01,-0.02,-0.03,2,191,37,33,1,1,1,1,90144,0.534,77781,0.46,348,0.03,918,0.007,126,0.004,-0.0041,-0.0025,-0.0006,3388,0.288,1827,0.155,86753,0.647,75953,0.566,26260,0.886,24329,0.821,0.04,0.12,0.18,2.4,0.07,0.03,0,0.03,0.21,0.13,Uncertain
"Ripley County, IN",18137,Non-core,,,IN,5,28324,,0.004,0,0,0,0,0,18,64,0,0,0.29,,0,14,49,0,0,3458,12209,70,247,0,5,ModerateBurden,,Substantial,Moderate,0.071,203,717,1,0.98,0,-0.26,0,0.01,0.071,276,974,1,0.97,1,4,0,0,0.83,0.01,0.24,0,0,0,-0.51,,0.06,-0.01,-0.05,0,0,0,1,26,3,14,1,1,1,1,10307,0.364,8871,0.313,10,0.004,76,0.004,12,0.002,-0.0149,-0.002,-0.0004,253,0.104,110,0.045,10053,0.463,8760,0.404,4207,0.811,3951,0.762,0.07,0.12,0.18,2.5,0,0.02,0,0.01,0.38,0.67,Uncertain
"Fayette County, WV",54019,Small metro,"Beckley, WV",Metropolitan,WV,3,42406,0.366,0.024,0,0,0,0,0,18,42,0,0,0.12,-1,0,16,38,2,4.7,3528,8320,79,186,0,52,ModerateBurden,,Moderate,Moderate,0.035,446,1052,1,0.99,-0.042,-0.45,0,0.02,0.078,815,1922,1,0.97,1,2,0,0,0.54,0.02,0.29,0,0,0,0,-1,0.05,0.01,-0.29,0,0,0,2,50,3,6,1,1,1,1,11966,0.282,9303,0.219,57,0.019,201,0.006,37,0.004,-0.0091,-0.005,-0.004,539,0.181,252,0.085,11422,0.339,9049,0.268,4340,0.47,3728,0.404,0.07,0.2,0.22,2.4,0.04,0.01,0,0,0.76,0.35,Uncertain
"Putnam County, TN",47141,Micropolitan,"Cookeville, TN",Micropolitan,TN,4,80245,0.702,0.012,0,1,8290,0.103,0,18,22,0,0,0.5,-1,0,12,15,3,3.7,11493,14322,178,222,0,33,ModerateBurden,,Moderate,Moderate,0.023,197,245,1,1,-0.005,-0.51,0,0.01,0.029,402,501,1,0.99,6,2,0,0,0.86,0.03,0.65,0.07,0.4,0.07,-0.14,,-0.03,0.01,-0.03,0.01,-0.04,0.04,1,312,44,24,1,1,1,1,30236,0.377,25556,0.318,68,0.012,211,0.003,30,0.002,-0.001,-0.0017,-0.0017,584,0.101,214,0.037,29646,0.467,25342,0.399,11394,0.847,10444,0.776,0.09,0.2,0.17,2.4,0.02,0.07,0,0.01,0.62,0.37,Uncertain
"Elbert County, CO",8039,Large fringe metro,"Denver-Aurora-Lakewood, CO",Metropolitan,CO,8,26729,0.009,0.005,0,0,0,0,0,18,67,0,0,-0.36,,0,28,105,0,0,1828,6839,13,49,0,31,ModerateBurden,,Substantial,High,0.033,197,737,1,1,-0.006,-0.08,0,0,0.04,214,801,1,1,,,,,,,,,,,,,,,,,,,,,,,,,,,5447,0.204,5509,0.206,21,0.009,91,0.004,11,0.002,-0.0039,-0.0025,-0.0011,287,0.125,131,0.057,5151,0.245,5375,0.255,1019,0.221,1673,0.364,0.06,0.04,0.17,2.8,0.01,0.08,0.01,0.01,0,0.02,Uncertain
"St. Croix County, WI",55109,Large fringe metro,"Minneapolis-St. Paul-Bloomington, MN-WI",Metropolitan,WI,5,90687,0.025,0.016,0,0,0,0,0,18,20,1,1.1,-0.63,-0.67,0,49,54,3,3.3,9781,10785,67,74,0,33,ModerateBurden,,Moderate,Substantial,0.017,825,910,1,0.99,-0.012,-0.14,0,0,0.028,957,1055,1,1,0,0,0,0,0.26,0.01,,,0,0,-1,,-0.02,-0.01,,,0,0,3,110,0,14,1,1,1,1,36270,0.4,31260,0.345,174,0.021,408,0.006,33,0.002,-0.0249,-0.0027,-0.0013,1784,0.22,782,0.096,34484,0.503,30478,0.445,10778,0.809,10165,0.763,0.04,0.04,0.15,2.6,0.01,0.03,0,0.01,0.01,0.02,Uncertain
"Marathon County, WI",55073,Small metro,"Wausau-Weston, WI",Metropolitan,WI,5,135692,0.831,0.023,0,0,0,0,0,18,13,1,0.7,-0.18,,0,22,16,0,0,16399,12085,226,167,0,42,ModerateBurden,,Moderate,Moderate,0.016,1281,944,1,1,0.004,-0.24,0,0,0.012,1678,1237,1,1,5,1,31,8,0.71,0.02,0.67,0.09,0.22,0.02,-0.38,0.35,-0.02,-0.01,-0.06,-0.03,0,-0.02,2,368,44,71,1,1,1,1,63567,0.468,55747,0.411,233,0.022,827,0.008,80,0.003,-0.01,-0.0038,-0.0019,2557,0.237,1247,0.115,61008,0.581,54500,0.519,20903,0.847,19805,0.802,0.06,0.09,0.18,2.4,0.01,0.03,0,0.06,0.14,0.03,Uncertain
"Lamar County, MS",28073,Small metro,"Hattiesburg, MS",Metropolitan,MS,4,63343,0.375,0.021,0,0,0,0,0,18,28,0,0,0.64,-1,0,11,17,2,3.2,6304,9952,88,139,0,12,ModerateBurden,,Moderate,Moderate,0.013,141,223,1,0.99,-0.023,-0.18,0,-0.01,0.036,173,273,1,1,,,,,,,,,,,,,,,,,,,,,,,,,,,24791,0.391,20638,0.326,98,0.018,361,0.008,27,0.003,0.0111,0.0037,0.0007,543,0.1,216,0.04,24248,0.508,20422,0.428,8364,0.92,7631,0.839,0.12,0.17,0.14,2.7,0.21,0.03,0,0.02,0.53,0.25,Uncertain
"Lake County, CA",6033,Micropolitan,"Clearlake, CA",Micropolitan,CA,9,64386,1,0.002,0,0,0,0,0,18,28,0,0,0.38,-1,0,13,20,2,3.1,3535,5490,45,70,0,26,ModerateBurden,,Moderate,Moderate,,577,896,,,,-0.38,,,0.023,935,1452,,,0,0,2,4,0.56,0.01,0.68,0.02,0,0,,-0.71,-0.13,-0.02,-0.18,-0.12,-0.04,0,2,52,8,16,1,1,1,1,28696,0.446,24546,0.381,146,0.033,375,0.007,58,0.004,0.0173,-0.0005,-0.0001,564,0.126,174,0.039,28107,0.554,24371,0.48,11103,0.748,9954,0.67,0.09,0.21,0.23,2.4,0.02,0.22,0.03,0.01,0.92,0.96,Uncertain
"Sheboygan County, WI",55117,Small metro,"Sheboygan, WI",Metropolitan,WI,5,115340,1,0.02,0,0,894,0.008,0,18,16,1,0.9,-0.58,-0.83,0,43,37,6,5.2,14779,12813,162,140,0,46,ModerateBurden,,Moderate,Moderate,0.015,1027,890,0,1,-0.016,-0.27,-1,0,0.031,1412,1224,1,1,0,0,3,2,0.41,0.01,0.26,0.05,0.08,0,-1,,-0.06,-0.01,-0.16,-0.02,0,-0.03,2,190,19,34,1,1,1,1,55758,0.483,49480,0.429,154,0.017,578,0.006,84,0.004,-0.0047,-0.0026,0.0003,2124,0.231,1055,0.115,53630,0.595,48425,0.537,18542,0.867,17735,0.829,0.05,0.08,0.19,2.4,0.02,0.07,0,0.06,0.22,0.06,Uncertain
"Forrest County, MS",28035,Small metro,"Hattiesburg, MS",Metropolitan,MS,4,74897,0.444,0.025,0,1,14259,0.19,0,18,24,0,0,-0.55,-1,0,40,53,1,1.3,7797,10410,153,204,0,6,ModerateBurden,,Moderate,Substantial,0.008,229,306,1,0.99,-0.012,-0.09,0,0,0.02,253,338,1,1,29,5,0,0,0.73,0.01,0.78,0.04,0.32,0.05,1.23,,-0.03,0,0,-0.01,0.07,0.01,2,612,78,107,1,1,1,1,20678,0.276,16447,0.22,85,0.015,324,0.006,42,0.004,0.0111,0.0036,0.0032,357,0.065,136,0.025,20319,0.353,16310,0.284,6663,0.64,5940,0.57,0.14,0.25,0.14,2.6,0.37,0.03,0,0.01,0.94,0.6,Uncertain
"Des Moines County, IA",19057,Micropolitan,"Burlington, IA-IL",Micropolitan,IA,7,38967,0.854,0.012,0,0,0,0,0,18,46,1,2.6,0.2,0,0,15,38,1,2.6,4664,11969,68,175,0,14,ModerateBurden,,Moderate,Moderate,0.017,654,1678,1,0.99,-0.026,-0.27,0,0.07,0.043,894,2294,1,0.92,4,3,0,0,0.56,0.02,0.64,0.06,0.18,0.02,-0.56,,0.01,-0.02,0.07,-0.01,0.06,0,1,132,10,15,1,1,1,1,15764,0.405,14073,0.361,43,0.014,171,0.006,41,0.005,0.0013,-0.0033,-0.0004,344,0.114,143,0.048,15420,0.511,13930,0.462,6462,0.782,6124,0.741,0.05,0.15,0.21,2.3,0.06,0.03,0,0.01,0.47,0.35,Uncertain
"Buchanan County, VA",51027,Non-core,,,VA,3,21004,,0.002,0,0,0,0,0,18,86,2,9.5,-0.14,,0,21,100,0,0,1491,7099,45,214,0,0,ModerateBurden,,High,High,0.25,35,167,1,0.86,-0.039,-0.4,0,0.1,0.289,58,276,1,0.76,2,12,0,0,0.71,0.03,0.21,0,0,0,,,0.09,0.03,0.01,0,0,0,1,17,2,22,1,1,1,1,6188,0.295,5317,0.253,12,0.009,61,0.004,11,0.002,-0.0007,-0.0009,-0.0021,145,0.107,41,0.03,6040,0.348,5276,0.304,2265,0.468,2017,0.416,0.14,0.28,0.23,2.4,0.03,0.01,0,0,0.75,0.53,Uncertain
"Delaware County, NY",36025,Non-core,,,NY,2,44135,,0.002,0,0,2522,0.057,0,18,41,0,0,1.25,,0,8,18,0,0,2374,5379,37,84,0,57,ModerateBurden,,Moderate,Moderate,0.023,790,1790,1,0.98,0.014,-0.38,0,0.02,0.009,1283,2907,1,0.96,0,0,4,8,0.41,0.02,,,0,0,-1,2.71,0.09,0,,,0,0,3,48,0,18,1,1,1,1,20444,0.463,18226,0.413,58,0.022,265,0.007,61,0.005,-0.0045,-0.0057,-0.0095,538,0.2,270,0.1,19905,0.539,17956,0.486,7700,0.693,7048,0.634,0.06,0.16,0.25,2.3,0.02,0.04,0,0.01,0.63,0.64,Uncertain
"Centre County, PA",42027,Small metro,"State College, PA",Metropolitan,PA,3,162385,1,0.013,0,1,45140,0.278,0,18,11,0,0,-0.78,-1,0.001,80,49,2,1.2,16876,10393,224,138,0,58,ModerateBurden,,Moderate,Moderate,0.022,1259,775,1,0.99,-0.003,-0.29,1,0,0.025,1779,1096,0,0.99,13,8,1,1,0.71,0.06,0.56,0.1,0.06,0.04,0.44,,-0.05,-0.02,0.06,0.01,-0.06,0,1,156,12,25,1,1,1,1,85586,0.527,72490,0.446,190,0.022,948,0.007,134,0.006,-0.0115,-0.0037,-0.0009,3411,0.4,2240,0.263,82167,0.594,70247,0.508,22517,0.933,19982,0.828,0.05,0.18,0.15,2.5,0.04,0.03,0,0.06,0.29,0.11,Uncertain
"Owen County, IN",18119,Small metro,"Bloomington, IN",Metropolitan,IN,5,20799,0.123,0.003,0,0,0,0,0,18,87,1,4.8,-0.25,,0,24,115,0,0,2101,10101,57,274,0,13,ModerateBurden,,Substantial,High,0.067,287,1380,1,0.98,0.007,-0.25,0,0.02,0.059,384,1846,1,0.96,,,,,,,,,,,,,,,,,,,,,,,,,,,6973,0.335,6141,0.295,19,0.012,78,0.005,12,0.003,-0.0094,-0.0035,0,180,0.112,72,0.045,6793,0.412,6069,0.368,2775,0.669,2624,0.633,0.11,0.16,0.2,2.4,0.01,0.01,0,0.01,0.35,0.64,Uncertain
"Reno County, KS",20155,Micropolitan,"Hutchinson, KS",Micropolitan,KS,7,61998,1,0.021,0,0,0,0,0,18,29,0,0,2.6,,0,5,8,0,0,8570,13823,139,224,0,33,ModerateBurden,,Moderate,Low,0.053,174,281,1,0.99,0.036,-0.8,1,0.01,0.017,854,1377,0,0.99,3,2,0,0,0.25,0.02,0.23,0.03,0.07,0,0.5,,-0.01,0.01,-0.17,-0.02,-0.07,0,2,200,18,14,1,1,1,1,24148,0.389,21859,0.353,62,0.012,203,0.004,24,0.002,-0.0026,-0.0013,-0.001,492,0.098,215,0.043,23655,0.491,21644,0.449,9501,0.756,9027,0.718,0.09,0.13,0.2,2.4,0.03,0.1,0.01,0.01,0.59,0.22,Uncertain
"Grant County, NM",35017,Micropolitan,"Silver City, NM",Micropolitan,NM,6,26998,1,0.013,0,0,1483,0.055,0,18,67,0,0,5,-1,0,3,11,1,3.7,1738,6438,41,152,0,0,ModerateBurden,,Substantial,Moderate,0.02,525,1945,2,0.99,0.009,-0.03,0,0,0.011,542,2008,2,1,2,12,1,6,0.56,0.09,0.4,0.21,0.05,0,0.8,-0.7,-0.03,0.06,-0.06,0.18,0.03,0,1,17,6,12,1,1,1,1,10683,0.396,11587,0.429,63,0.035,121,0.006,22,0.003,-0.0188,-0.002,-0.0001,513,0.283,185,0.102,10169,0.467,11402,0.524,4091,0.53,5302,0.687,0.04,0.22,0.29,2.3,0.01,0.5,0.01,0.01,0.93,0.76,Uncertain
"Chautauqua County, NY",36013,Micropolitan,"Jamestown-Dunkirk-Fredonia, NY",Micropolitan,NY,2,126903,1,0.007,0,0,4465,0.035,0,18,14,0,0,-0.6,-1,0,45,35,2,1.6,8936,7042,143,113,0,43,ModerateBurden,,Moderate,Moderate,0.012,2068,1630,1,0.98,-0.008,-0.11,0,-0.02,0.02,2336,1841,1,1,0,0,0,0,0.92,0.03,0.59,0.03,0.03,0,-1,,0.06,0,0.07,-0.05,-0.03,-0.01,3,154,21,27,1,1,1,1,60204,0.474,52286,0.412,218,0.024,742,0.007,108,0.004,-0.0362,-0.004,-0.001,2401,0.267,914,0.102,57802,0.571,51372,0.507,20957,0.797,19188,0.73,0.06,0.19,0.21,2.4,0.02,0.08,0,0.01,0.72,0.79,Uncertain
"Malheur County, OR",41045,Micropolitan,"Ontario, OR-ID",Micropolitan,OR,10,30571,0.561,0.007,0,0,0,0,0,18,59,0,0,0,,0,18,59,0,0,3580,11710,63,206,0,18,ModerateBurden,,Substantial,Substantial,0.004,211,690,0,1,-0.037,-0.2,0,0,0.042,264,864,0,1,0,0,0,0,0.84,0,0.5,0,0.01,0,,,0.15,-0.02,0.06,0,-0.01,0,1,20,6,22,1,1,1,1,9945,0.325,8850,0.289,43,0.017,135,0.006,18,0.004,0.0035,-0.0048,-0.0062,208,0.081,89,0.035,9728,0.429,8761,0.387,3799,0.739,3566,0.694,0.1,0.23,0.17,2.6,0.01,0.35,0.01,0.01,1,0.6,Uncertain
"Crow Wing County, MN",27035,Micropolitan,"Brainerd, MN",Micropolitan,MN,5,65055,0.686,0.012,0,0,0,0,0,18,28,0,0,-0.62,,0,48,74,0,0,6802,10456,92,141,0,45,ModerateBurdenResolving,,Moderate,Substantial,0.026,1066,1639,1,0.99,-0.024,-0.03,0,0.01,0.05,1094,1682,1,0.98,3,3,0,0,0.65,0.03,0.37,0.07,0.02,0,-0.57,,-0.03,-0.03,-0.05,0.04,0.01,0,2,111,14,41,1,1,1,1,30288,0.466,27002,0.415,70,0.014,232,0.005,56,0.004,-0.0134,-0.0021,-0.0019,859,0.175,425,0.086,29383,0.574,26572,0.519,13064,0.874,12161,0.814,0.05,0.11,0.23,2.4,0.01,0.02,0.01,0,0.12,0.06,Uncertain
"Perry County, KY",21193,Non-core,,,KY,4,25758,,0.006,0,0,0,0,0,18,70,0,0,-0.05,,0,19,74,0,0,2711,10525,66,256,0,0,ModerateBurden,,Substantial,Substantial,0.059,333,1293,0,0.97,0.006,-0.11,0,-0.02,0.053,376,1460,0,0.99,40,12,8,2,0.5,0.03,0.96,0.08,0.36,0.05,0.33,3,-0.01,0.01,0.02,0.05,0.09,0.05,1,342,32,31,1,1,1,1,11690,0.454,10184,0.395,39,0.02,107,0.005,13,0.003,-0.0068,-0.007,-0.0036,280,0.146,108,0.056,11410,0.575,10076,0.508,3800,0.846,3509,0.781,0.06,0.27,0.17,2.4,0.02,0.01,0,0.01,0.91,0.7,Uncertain
"Boyle County, KY",21021,Micropolitan,"Danville, KY",Micropolitan,KY,4,30060,0.55,0.007,0,0,1433,0.048,0,18,60,3,10,2,0.5,0,6,20,2,6.7,3474,11557,76,253,0,20,ModerateBurden,,Substantial,Moderate,0.029,210,699,0,0.99,0.012,-0.35,-1,-0.01,0.017,323,1075,1,1,8,5,0,0,0.7,0.06,0.4,0.08,0.2,0.03,-0.01,,0.02,0.02,-0.02,-0.01,-0.15,-0.01,2,166,22,29,1,1,1,1,14489,0.482,12505,0.416,54,0.026,138,0.006,23,0.004,-0.0143,-0.0031,-0.0002,447,0.214,128,0.061,14042,0.583,12377,0.514,4671,0.793,4276,0.726,0.05,0.14,0.2,2.4,0.08,0.03,0,0.01,0.43,0.31,Uncertain
"Anderson County, TX",48001,Micropolitan,"Palestine, TX",Micropolitan,TX,6,57735,1,0.002,0,0,0,0,0,18,31,1,1.7,2.6,0,0,5,9,1,1.7,6235,10799,128,222,0,18,ModerateBurden,,Moderate,Low,0.064,594,1029,0,1,0.025,-0.25,-1,0.03,0.039,792,1372,1,0.97,4,4,0,0,0.29,0.03,0.45,0.12,0.05,0,-0.24,,-0.05,-0.01,-0.06,-0.04,-0.01,0,1,113,10,29,1,1,1,1,,,,,,,,,,,,,,,,,,,,,,,,,,0.14,0.15,0.15,2.7,0.21,0.18,0,0.01,0.79,0.74,Uncertain
"Allegany County, NY",36003,Non-core,,,NY,2,46091,,0.002,0,0,6120,0.133,0,18,39,1,2.2,-0.28,-0.5,0,25,54,2,4.3,3549,7700,87,189,0,14,ModerateBurdenResolving,,Moderate,Substantial,0.03,857,1859,1,0.94,0.012,0.01,0,-0.04,0.018,847,1838,1,0.98,0,0,0,0,0.29,0.04,0.4,0,0,0,-1,-1,-0.08,-0.01,-0.07,-0.12,0,0,2,74,6,7,1,1,1,1,15420,0.335,13542,0.294,152,0.046,203,0.006,19,0.002,-0.0664,-0.004,-0.0027,778,0.235,174,0.053,14641,0.398,13367,0.363,5562,0.614,5281,0.583,0.07,0.17,0.2,2.3,0.01,0.02,0,0.01,0.58,0.6,Uncertain
"Park County, CO",8093,Large fringe metro,"Denver-Aurora-Lakewood, CO",Metropolitan,CO,8,18845,0.006,0.003,0,0,0,0,0,18,96,0,0,0.12,,0,16,85,0,0,823,4367,5,27,0,33,ModerateBurden,,High,Substantial,0.104,111,589,1,1,0.06,-0.1,0,0.01,0.045,123,653,1,0.99,,,,,,,,,,,,,,,,,,,,,,,,,,,4528,0.24,5014,0.266,19,0.018,85,0.005,20,0.005,0.0019,-0.0021,0.0015,193,0.18,91,0.085,4328,0.27,4921,0.307,740,0.182,1563,0.384,0.07,0.05,0.22,2.4,0.01,0.06,0.01,0.01,0,0,Likely Decreasing
"McDowell County, WV",54047,Non-core,,,WV,3,17624,,0.01,0,0,0,0,0,18,102,0,0,8,,0,2,11,0,0,1606,9113,25,142,0,0,ModerateBurden,,High,Moderate,0.054,232,1316,1,0.79,0.031,-0.64,0,0.05,0.023,652,3700,1,0.73,2,10,15,75,0.37,0.01,0.25,0.07,0,0,,0.25,-0.02,-0.01,0,0.07,0,0,1,20,4,7,1,1,1,1,4205,0.239,2977,0.169,21,0.017,61,0.004,20,0.005,-0.0125,-0.0046,-0.0015,113,0.094,27,0.022,4089,0.292,2949,0.21,1397,0.347,1094,0.272,0.09,0.33,0.23,2.3,0.08,0.01,0,0,0.9,0.41,Uncertain
"Auglaize County, OH",39011,Micropolitan,"Wapakoneta, OH",Micropolitan,OH,5,45656,1,0.004,0,0,0,0,0,18,39,0,0,0.29,,0,14,31,0,0,5003,10958,87,191,0,23,ModerateBurden,,Moderate,Moderate,0.025,274,600,1,0.96,-0.008,-0.35,0,-0.04,0.034,421,922,1,1,0,0,4,7,0.5,0,0.43,0,0,0,,-0.6,0.01,0,0.02,0,0,0,1,58,6,8,1,1,1,1,14358,0.314,13720,0.301,13,0.003,114,0.003,17,0.002,-0.0061,-0.0029,-0.0008,236,0.062,118,0.031,14122,0.407,13602,0.392,6400,0.74,6275,0.726,0.04,0.09,0.19,2.4,0.01,0.02,0,0.01,0.05,0.15,Uncertain
"Bullitt County, KY",21029,Large fringe metro,"Louisville/Jefferson County, KY-IN",Metropolitan,KY,4,81676,0.065,0.018,0,0,0,0,0,18,22,4,4.9,-0.33,3,0,27,33,1,1.2,7354,9004,80,98,0,26,ModerateBurden,,Moderate,Moderate,0.032,565,692,0,0.99,-0.007,-0.29,0,0,0.039,796,975,0,0.99,,,,,,,,,,,,,,,,,,,,,,,,,,,30033,0.368,24982,0.306,125,0.019,433,0.007,60,0.005,-0.0023,-0.0037,-0.002,1011,0.154,406,0.062,29020,0.453,24576,0.384,8502,0.643,7705,0.583,0.04,0.11,0.16,2.7,0.01,0.02,0,0.01,0.14,0.47,Uncertain
"Webster County, KY",21233,Non-core,,,KY,4,12942,,0.003,0,0,0,0,0,18,139,1,7.7,-0.42,,0,31,240,0,0,1355,10470,21,162,0,3,ModerateBurden,,High,High,0.232,78,603,1,0.93,0.04,-0.4,0,-0.06,0.192,131,1012,1,0.99,,,,,,,,,,,,,,,,,,,,,,,,,,,4169,0.322,3687,0.285,4,0.004,52,0.005,11,0.005,-0.002,-0.0021,0.0013,43,0.043,17,0.017,4126,0.416,3670,0.37,1728,0.738,1635,0.698,0.07,0.22,0.18,2.6,0.04,0.06,0,0,0.79,0.9,Uncertain
"Summers County, WV",54089,Non-core,,,WV,3,12573,,0.007,0,0,0,0,0,17,135,0,0,1.83,,0,6,48,0,0,855,6800,22,175,0,0,ModerateBurden,,High,Moderate,0.058,129,1026,2,0.99,0.041,-0.69,1,0.08,0.017,421,3348,1,0.92,0,0,0,0,0.53,0.02,,,0,0,-1,,0.06,-0.01,,,0,0,1,25,0,2,1,1,1,1,1925,0.153,1453,0.116,10,0.013,44,0.004,10,0.003,-0.0252,-0.0031,-0.0021,168,0.212,47,0.059,1755,0.166,1404,0.133,760,0.231,661,0.201,0.03,0.23,0.26,2.2,0.04,0.02,0,0,0.83,0.52,Likely Decreasing
"Fulton County, NY",36035,Micropolitan,"Gloversville, NY",Micropolitan,NY,2,53383,1,0.003,0,0,0,0,0,17,32,0,0,-0.23,,0,22,41,0,0,4415,8270,91,170,0,43,ModerateBurden,,Moderate,Moderate,0.024,886,1660,1,0.92,0.004,-0.22,0,-0.07,0.02,1138,2132,1,0.99,10,24,0,0,0.67,0.03,0.46,0,0,0,0,,0,0,-0.25,0,-0.04,0,1,42,8,10,1,1,1,1,22663,0.425,19868,0.372,54,0.014,360,0.008,48,0.004,-0.0155,-0.0041,-0.002,698,0.183,320,0.084,21962,0.515,19548,0.459,7725,0.718,7207,0.67,0.06,0.15,0.2,2.3,0.02,0.03,0,0.01,0.5,0.88,Uncertain
"Williams County, ND",38105,Micropolitan,"Williston, ND",Micropolitan,ND,8,37589,1,0.049,0,0,0,0,0,17,45,0,0,-0.63,-1,0,46,122,1,2.7,4972,13227,40,106,0,25,ModerateBurden,,Moderate,High,0.02,714,1899,0,1,-0.027,-0.05,0,0.01,0.047,755,2009,0,0.99,4,11,0,0,0.43,0.04,0.25,0.07,0.07,0,0,,-0.03,0.02,-0.43,-0.11,-0.02,0,2,37,4,17,1,1,1,1,8188,0.218,6894,0.183,16,0.005,141,0.005,7,0.002,-0.0003,-0.0027,-0.0038,149,0.05,76,0.026,8037,0.303,6818,0.257,2460,0.712,2225,0.644,0.12,0.07,0.09,2.4,0.05,0.09,0.04,0.01,0.25,0.2,Uncertain
"Kerr County, TX",48265,Micropolitan,"Kerrville, TX",Micropolitan,TX,6,52600,1,0.002,0,0,1186,0.023,0,17,32,1,1.9,-0.11,,0,19,36,0,0,4578,8703,89,169,0,17,ModerateBurden,,Moderate,Moderate,0.043,298,567,1,0.74,0.03,-0.19,0,-0.24,0.012,366,696,1,0.98,1,1,1,1,0.59,0.02,0.68,0.06,0.14,0,-0.68,,0,-0.01,-0.09,0.04,0.02,0,1,126,11,25,1,1,1,1,,,,,,,,,,,,,,,,,,,,,,,,,,0.16,0.13,0.28,2.4,0.01,0.27,0.01,0.01,0.7,0.44,Uncertain
"Jackson County, AL",1071,Micropolitan,"Scottsboro, AL",Micropolitan,AL,4,51626,1,0.011,0,0,0,0,0,17,33,0,0,1.12,,0,8,15,0,0,6883,13332,112,217,0,12,ModerateBurden,,Moderate,Substantial,0.04,221,428,1,0.88,-0.056,-0.26,0,-0.08,0.097,299,579,1,0.96,1,1,0,0,0.32,0.01,0.18,0,0,0,,,-0.03,0,0.03,0,-0.01,0,1,90,16,10,1,1,1,1,18109,0.351,14615,0.283,,,80,0.002,17,0.002,-0.0005,-0.0013,-0.0014,83,0.021,38,0.01,18023,0.44,14577,0.356,8506,0.803,7154,0.675,0.1,0.2,0.21,2.5,0.03,0.03,0.01,0,0.57,0.77,Uncertain
"Claiborne Parish, LA",22027,Non-core,,,LA,6,15670,,0.003,0,0,0,0,0,17,108,0,0,3.25,,0,4,26,0,0,1465,9349,55,351,0,0,ModerateBurden,,High,Moderate,0.017,82,523,0,0.98,-0.006,-0.6,0,-0.01,0.023,206,1315,0,0.99,2,3,0,0,0.38,0.01,0.5,0.21,0,0,0,,0.11,0.01,0.24,0.16,0,0,1,64,8,6,1,1,1,1,4369,0.279,3896,0.249,1,0.001,49,0.004,11,0.004,-0.0022,-0.0009,-0.0016,16,0.018,8,0.009,4353,0.337,3888,0.301,1841,0.602,1702,0.557,0.12,0.3,0.2,2.4,0.52,0.02,0.01,0,0.95,0.72,Uncertain
"Cheshire County, NH",33005,Micropolitan,"Keene, NH",Micropolitan,NH,1,76085,1,0.056,0,0,5166,0.068,0,17,22,1,1.3,-0.5,0,0,34,45,1,1.3,3878,5097,35,46,0,19,ModerateBurdenResolving,,Moderate,Moderate,0.018,2418,3178,,,0.004,-0.39,,,0.014,3959,5203,,,3,4,6,8,0.74,0.01,0.93,0,0.52,0,0.49,-0.15,0.01,-0.01,0.23,0,0.32,0,1,80,6,8,1,1,1,1,42379,0.557,37305,0.49,100,0.021,307,0.005,38,0.002,-0.1799,0.0049,0.0024,1836,0.387,882,0.186,40531,0.648,36415,0.582,14082,0.895,13018,0.827,0.07,0.1,0.21,2.4,0.01,0.02,0,0.02,0.14,0.03,Uncertain
"Ozaukee County, WI",55089,Large fringe metro,"Milwaukee-Waukesha, WI",Metropolitan,WI,5,89221,0.057,0.015,0,0,3722,0.042,0,17,19,3,3.4,-0.41,0.5,0,29,33,2,2.2,9283,10405,101,113,0,48,ModerateBurden,,Moderate,Moderate,0.007,949,1064,1,1,-0.022,-0.27,0,0,0.029,1296,1453,1,1,24,9,0,0,0.58,0.02,0.61,0.06,0.12,0,0.09,,-0.05,-0.01,-0.02,0,0.01,0,2,278,65,87,1,1,1,1,53132,0.596,46608,0.522,194,0.028,352,0.005,49,0.003,-0.0095,-0.0018,0,2844,0.409,1425,0.205,50286,0.716,45183,0.643,16827,0.926,15936,0.877,0.03,0.05,0.2,2.4,0.02,0.03,0,0.03,0.01,0,Uncertain
"Cape Girardeau County, MO",29031,Small metro,"Cape Girardeau, MO-IL",Metropolitan,MO,7,78871,0.815,0.013,0,1,7677,0.097,0,17,22,5,6.3,-0.65,,0,49,62,0,0,8968,11370,138,175,0,5,ModerateBurden,,Moderate,Substantial,0.066,237,300,0,0.96,0.007,-0.38,0,-0.02,0.058,381,483,0,0.99,8,2,0,0,0.89,0.02,0.63,0.03,0.27,0,-0.04,,0.01,-0.01,0.03,0,0.01,-0.02,3,367,49,83,1,1,1,1,29103,0.369,24802,0.314,37,0.006,231,0.004,20,0.001,-0.0083,-0.0019,-0.0019,513,0.089,174,0.03,28582,0.461,24627,0.397,10692,0.792,9638,0.714,0.08,0.17,0.17,2.6,0.08,0.02,0,0.02,0.41,0.12,Uncertain
"Elmore County, ID",16039,Micropolitan,"Mountain Home, ID",Micropolitan,ID,10,27511,1,0.015,0,0,0,0,0,17,62,1,3.6,1.12,,0,8,29,0,0,2085,7579,18,65,0,13,ModerateBurden,,Substantial,Moderate,0.037,275,1000,0,1,-0.005,-0.16,0,0.02,0.041,329,1196,0,0.98,0,0,0,0,0.35,0,,,0,0,,,0.03,-0.03,,,0,0,1,18,0,4,1,1,1,1,10080,0.366,6955,0.253,23,0.011,139,0.007,15,0.004,0.0054,-0.0045,-0.0015,54,0.026,3,0.001,10026,0.488,6952,0.338,3085,0.795,2472,0.637,0.12,0.15,0.14,2.5,0.03,0.18,0.01,0.03,0.59,0.58,Uncertain
"Bristol County, RI",44001,Large fringe metro,"Providence-Warwick, RI-MA",Metropolitan,RI,1,48479,0.03,0.046,0,0,4144,0.085,0,17,35,0,0,,,0,0,0,0,0,5170,10664,144,297,0,42,ModerateBurden,,Moderate,Low,0.002,1032,2129,1,1,-0.012,-0.65,0,0,0.014,2931,6046,1,1,,,,,,,,,,,,,,,,,,,,,,,,,,,30814,0.636,28049,0.579,76,0.021,267,0.007,25,0.003,-0.0061,-0.0022,-0.0009,2214,0.612,1313,0.363,28595,0.725,26735,0.678,8759,0.894,9171,0.936,0.03,0.08,0.2,2.3,0.01,0.03,0,0.02,0.12,0.03,Uncertain
"Pearl River County, MS",28109,Micropolitan,"Picayune, MS",Micropolitan,MS,4,55535,1,0.019,0,0,0,0,0,17,31,0,0,0.31,,0,13,23,0,0,4576,8240,146,263,0,0,ModerateBurden,,Moderate,Moderate,0.018,105,189,1,1,-0.014,-0.03,0,0,0.032,108,194,1,1,2,3,0,0,0.42,0.04,0.88,0.24,0,0,0,-1,0,0.03,0.38,0.21,-0.02,-0.02,2,67,6,13,1,1,1,1,15563,0.28,13357,0.241,44,0.01,282,0.007,63,0.006,0.007,0.003,0.0025,149,0.034,50,0.011,15414,0.359,13307,0.31,7190,0.678,6655,0.628,0.14,0.16,0.19,2.6,0.12,0.03,0.01,0,0.71,0.72,Likely Decreasing
"Pike County, PA",42103,Large fringe metro,"New York-Newark-Jersey City, NY-NJ-PA",Metropolitan,PA,3,55809,0.003,0.004,0,0,0,0,0,17,30,0,0,-0.35,,0,26,47,0,0,4006,7178,54,97,0,51,ModerateBurden,,Moderate,Moderate,0.041,371,665,1,0.83,0.01,-0.27,0,-0.15,0.031,508,910,1,0.99,,,,,,,,,,,,,,,,,,,,,,,,,,,26374,0.473,20212,0.362,72,0.018,450,0.01,83,0.006,-0.09,-0.0049,-0.0034,1095,0.274,256,0.064,25274,0.548,19955,0.433,9788,0.747,7650,0.583,0.06,0.1,0.23,2.5,0.06,0.12,0,0.01,0.13,0.31,Uncertain
"Jones County, MS",28067,Micropolitan,"Laurel, MS",Micropolitan,MS,4,68098,0.806,0.023,0,0,59,0.001,0,17,25,1,1.5,0,-0.5,0,17,25,2,2.9,8439,12392,166,244,0,5,ModerateBurden,,Moderate,Moderate,0.029,361,530,1,0.99,0.029,0.15,1,-0.01,0,313,460,0,1,3,2,14,10,0.69,0.01,0.92,0.01,0.41,0.01,2,0.56,0.01,-0.01,0.18,-0.03,-0.01,0.01,1,136,13,16,1,1,1,1,19497,0.286,15819,0.232,38,0.007,257,0.005,41,0.003,0.0028,0.0026,0.0013,229,0.04,78,0.014,19267,0.377,15741,0.308,8281,0.7,7274,0.615,0.11,0.21,0.17,2.7,0.29,0.05,0.01,0,0.89,0.49,Uncertain
"Unallocated, HI",15000,,,,HI,9,,,,,,,,0,17,,0,,-0.39,,0,28,,0,,1258,,3,,0,,,,,,0.008,10913,,,,0,0.13,,,0.009,9642,,,,,,,,,,,,,,,,,,,,,,,,,,,,,,,,,,,,,,,,,,,,,,,,,,,,,,,,,,,,,,,,,
"Ware County, GA",13299,Micropolitan,"Waycross, GA",Micropolitan,GA,4,35734,0.647,0.003,0,0,0,0,0,17,48,0,0,-0.26,-1,0,23,64,1,2.8,4948,13847,177,495,0,16,ModerateBurden,,Moderate,Substantial,0.036,278,778,0,0.94,0.021,-0.6,0,-0.02,0.015,690,1931,0,0.96,2,2,0,0,0.53,0.02,0.68,0.04,0.02,0,0,-1,-0.15,-0.03,-0.25,-0.08,-0.04,0,1,128,12,43,1,1,1,1,6015,0.168,5138,0.144,29,0.01,148,0.005,30,0.005,0.0092,0.0006,0.0002,65,0.023,32,0.011,5948,0.22,5105,0.189,2544,0.406,2245,0.358,0.15,0.24,0.18,2.4,0.3,0.04,0,0.01,0.84,0.61,Uncertain
"Huntingdon County, PA",42061,Micropolitan,"Huntingdon, PA",Micropolitan,PA,3,45144,1,0.004,0,0,1348,0.03,0,17,38,1,2.2,-0.19,0,0,21,47,1,2.2,5126,11355,133,295,0,25,ModerateBurden,,Moderate,Moderate,0.02,884,1958,1,0.86,0.001,-0.18,0,-0.11,0.019,1074,2379,1,0.97,0,0,1,2,0.35,0.01,0.65,0.06,0,0,-1,-0.5,0,0,0.02,0.04,0,0,1,57,7,4,1,1,1,1,18214,0.403,16009,0.355,21,0.007,242,0.007,45,0.005,-0.0035,-0.003,-0.0013,298,0.103,140,0.048,17915,0.481,15869,0.426,7248,0.752,6590,0.684,0.05,0.13,0.21,2.4,0.06,0.02,0,0.01,0.49,0.45,Uncertain
"Lawrence County, TN",47099,Micropolitan,"Lawrenceburg, TN",Micropolitan,TN,4,44142,1,0.006,0,0,0,0,0,17,39,0,0,0.13,,0,15,34,0,0,6044,13692,92,208,0,21,ModerateBurden,,Moderate,Substantial,0.074,173,392,1,1,-0.012,-0.46,0,0.02,0.085,318,720,1,0.98,4,5,0,0,0.31,0.03,0.69,0.17,0.01,0.01,,,-0.02,0.03,-0.14,0.17,0,0.01,1,73,6,18,1,1,1,1,11520,0.261,9490,0.215,15,0.004,82,0.002,19,0.002,-0.0027,-0.0007,0,178,0.048,80,0.021,11340,0.342,9410,0.284,5185,0.655,4463,0.563,0.14,0.19,0.18,2.6,0.02,0.02,0,0,0.83,0.81,Uncertain
"Winchester city, VA",51840,Small metro,"Winchester, VA-WV",Metropolitan,VA,3,28078,0.2,0.003,0,0,2909,0.104,0,17,61,0,0,0.89,,0,9,32,0,0,2938,10464,47,167,0,14,ModerateBurden,,Substantial,Moderate,0.042,205,730,1,0.99,0.001,-0.36,0,0,0.041,320,1140,1,0.99,11,3,4,1,0.6,0.03,0.76,0.05,0.14,0,0.22,-0.5,0,-0.01,0.04,-0.01,0,-0.01,1,438,48,83,1,1,1,1,955,0.034,713,0.025,3,0.001,21,0.001,2,0,0.0005,-0.0011,-0.002,15,0.007,5,0.002,939,0.043,708,0.033,278,0.06,227,0.049,0.16,0.15,0.16,2.5,0.11,0.18,0,0.02,0.72,0.38,Likely Decreasing
"Payette County, ID",16075,Micropolitan,"Ontario, OR-ID",Micropolitan,ID,10,23951,0.439,0.013,0,0,0,0,0,17,71,0,0,1.83,,0,6,25,0,0,2601,10860,37,154,0,30,ModerateBurden,,Substantial,Moderate,0.03,207,864,0,0.98,-0.035,0.2,0,-0.01,0.065,173,722,0,0.99,,,,,,,,,,,,,,,,,,,,,,,,,,,5624,0.235,4946,0.207,,,28,0.002,1,0,-0.0009,-0.004,-0.0045,3,0.001,,,5620,0.317,4946,0.279,2786,0.625,2538,0.569,0.13,0.14,0.19,2.6,0,0.17,0.01,0.01,0.6,0.51,Uncertain
"Shoshone County, ID",16079,Non-core,,,ID,10,12882,,0.007,0,0,0,0,0,17,132,0,0,0.55,,0,11,85,0,0,1163,9028,34,264,0,0,ModerateBurden,,High,High,0.089,83,644,0,0.99,-0.123,-0.23,-1,-0.01,0.212,108,838,1,1,0,0,0,0,0.71,0,,,0,0,,,0.15,0,,,0,0,1,12,0,5,1,1,1,1,4418,0.343,4024,0.312,,,32,0.003,10,0.003,,-0.002,-0.0013,,,,,4418,0.431,4024,0.393,2327,0.781,2181,0.732,0.17,0.17,0.23,2.2,0.01,0.04,0.02,0.01,0.76,0.47,Likely Decreasing
"La Plata County, CO",8067,Micropolitan,"Durango, CO",Micropolitan,CO,8,56221,1,0.01,0,0,2896,0.052,0,17,30,0,0,-0.47,,0,32,57,0,0,4050,7204,41,73,0,45,ModerateBurden,,Moderate,Substantial,0.011,864,1537,1,1,-0.004,-0.33,0,0,0.015,1288,2291,1,1,17,7,0,0,0.76,0.07,0.63,0.1,0.26,0.15,0.55,-1,-0.03,-0.02,0,0,0.13,0.03,2,259,42,16,1,1,1,1,22890,0.407,23334,0.415,134,0.036,245,0.005,28,0.003,-0.0157,-0.0027,-0.0024,1598,0.432,945,0.255,21222,0.464,22371,0.489,2410,0.235,4496,0.439,0.09,0.09,0.18,2.4,0.01,0.13,0.06,0.01,0.11,0.01,Likely Decreasing
"Thomas County, GA",13275,Micropolitan,"Thomasville, GA",Micropolitan,GA,4,44451,1,0.004,0,0,751,0.017,0,17,38,0,0,-0.29,,0,24,54,0,0,4519,10166,124,279,0,19,ModerateBurden,,Moderate,High,0.063,202,454,0,0.91,-0.037,-0.19,0,-0.07,0.1,250,562,0,0.98,0,0,0,0,0.87,0.03,0.98,0.09,0.21,0,-1,-1,0.03,-0.03,0.07,0,0.02,0,1,180,26,32,1,1,1,1,6160,0.139,5410,0.122,34,0.01,237,0.007,31,0.004,-0.023,0.0014,-0.0013,334,0.094,73,0.02,5826,0.172,5337,0.157,2244,0.27,2104,0.253,0.16,0.21,0.19,2.5,0.36,0.04,0,0.01,0.91,0.85,Uncertain
"Cass County, MN",27021,Micropolitan,"Brainerd, MN",Micropolitan,MN,5,29779,0.314,0.005,0,0,0,0,0,17,57,0,0,-0.37,-1,0,27,91,1,3.4,2849,9567,32,107,0,36,ModerateBurdenResolving,,Substantial,Substantial,0.076,446,1498,0,0.96,-0.002,-0.37,-1,0,0.078,706,2371,1,0.96,0,,0,,,,,,,,,,,,,,,,1,0,0,0,1,1,1,1,13149,0.442,11076,0.372,15,0.007,101,0.004,37,0.005,-0.0373,-0.0018,0.0014,384,0.175,113,0.051,12748,0.54,10963,0.465,6118,0.776,5606,0.711,0.07,0.15,0.26,2.2,0,0.02,0.12,0,0.35,0.54,Uncertain
"Carlton County, MN",27017,Medium metro,"Duluth, MN-WI",Metropolitan,MN,5,35871,0.124,0.006,0,0,0,0,0,17,47,0,0,0.21,-1,0,14,39,1,2.8,3523,9821,56,156,0,45,ModerateBurden,,Moderate,Moderate,0.018,758,2113,1,0.9,-0.007,-0.49,0,0,0.025,1497,4173,1,0.9,0,0,0,0,0.44,0.01,0.17,0,0,0,-1,,-0.08,-0.01,-0.26,0,0,0,2,37,4,11,1,1,1,1,18991,0.529,16819,0.469,82,0.028,137,0.005,15,0.002,0.0095,0,0,718,0.243,355,0.12,18243,0.654,16457,0.59,5605,0.895,5328,0.851,0.04,0.12,0.17,2.5,0.02,0.02,0.06,0.01,0.27,0.19,Uncertain
"Greene County, AR",5055,Micropolitan,"Paragould, AR",Micropolitan,AR,6,45325,1,0.015,0,0,174,0.004,0,17,38,0,0,-0.06,,0,18,40,0,0,6188,13653,77,170,0,15,ModerateBurden,,Moderate,Moderate,0.021,369,814,0,1,-0.005,0.83,-1,0,0.026,202,446,1,1,0,0,0,0,0.37,0,0.74,0,0.1,0,-1,,-0.12,0,-0.06,0,0.06,0,1,95,10,11,1,1,1,1,13804,0.305,11646,0.257,29,0.008,126,0.004,11,0.001,-0.0003,-0.0028,-0.0019,260,0.068,118,0.031,13534,0.394,11527,0.336,4885,0.663,4347,0.59,0.07,0.16,0.16,2.6,0.02,0.03,0,0,0.58,0.4,Uncertain
"Coles County, IL",17029,Micropolitan,"Charleston-Mattoon, IL",Micropolitan,IL,5,50621,0.825,0.004,0,0,4767,0.094,0,17,34,1,2,-0.11,,0,19,38,0,0,5753,11365,100,198,0,31,ModerateBurden,,Moderate,Moderate,0.036,638,1260,0,1,0.007,-0.17,0,0,0.029,766,1513,0,1,6,5,1,1,0.75,0.04,0.58,0.09,0,0,-0.33,-0.67,-0.12,0,-0.18,0.09,0,0,1,132,9,33,1,1,1,1,18457,0.365,14723,0.291,39,0.013,245,0.006,26,0.003,-0.0097,-0.0032,-0.0023,384,0.124,172,0.056,18060,0.435,14548,0.35,6787,0.767,5828,0.659,0.06,0.21,0.17,2.3,0.04,0.03,0,0.01,0.5,0.44,Uncertain
"Warren County, OH",39165,Large fringe metro,"Cincinnati, OH-KY-IN",Metropolitan,OH,5,234602,0.106,0.02,0.001,0,0,0,0,17,7,0,0,-0.55,,0,38,16,0,0,24536,10459,303,129,0,51,LowBurden,,Low,Moderate,0.008,1611,687,1,0.99,-0.012,-0.31,0,0,0.02,2320,989,1,1,2,1,22,7,0.38,0.01,0.5,0.03,0.12,0.02,-0.67,-0.33,-0.01,-0.01,0.03,-0.04,-0.03,-0.02,1,329,28,78,1,1,1,1,115915,0.494,107845,0.46,638,0.03,1021,0.006,121,0.003,-0.0241,-0.0047,-0.0012,7222,0.339,3850,0.181,108691,0.611,103995,0.585,29437,0.842,28748,0.823,0.04,0.05,0.15,2.7,0.04,0.03,0,0.06,0.05,0.04,Uncertain
"Independence County, AR",5063,Micropolitan,"Batesville, AR",Micropolitan,AR,6,37825,0.684,0.013,0,0,649,0.017,0,17,45,0,0,0.7,,0,10,26,0,0,3811,10075,124,328,0,0,ModerateBurden,,Moderate,Moderate,0.058,86,227,0,1,0.013,5.14,0,0,0.045,14,37,0,1,1,1,0,0,0.63,0.03,0.6,0.03,0.03,0.01,-0.8,,0.03,-0.01,0.11,-0.07,-0.02,-0.02,1,160,13,33,1,1,1,1,10114,0.267,7937,0.21,32,0.01,354,0.012,57,0.008,-0.0016,-0.0011,-0.0096,207,0.066,55,0.017,9894,0.346,7882,0.276,3979,0.586,3309,0.487,0.09,0.17,0.18,2.5,0.02,0.07,0,0.01,0.75,0.42,Uncertain
"Scioto County, OH",39145,Micropolitan,"Portsmouth, OH",Micropolitan,OH,5,75314,1,0.006,0,0,2680,0.036,0,17,23,0,0,0.06,,0,16,21,0,0,6517,8653,103,137,0,12,ModerateBurden,,Moderate,Moderate,0.035,363,482,1,0.96,-0.009,-0.33,0,-0.01,0.044,538,714,1,0.98,7,4,3,2,0.59,0.02,0.53,0.08,0.07,0.02,-0.36,,-0.06,-0.01,-0.16,0,-0.01,0,2,196,29,39,1,1,1,1,25206,0.335,24043,0.319,41,0.007,265,0.004,26,0.002,-0.0082,-0.0013,-0.0023,581,0.102,274,0.048,24622,0.417,23769,0.403,9046,0.645,8649,0.616,0.06,0.24,0.19,2.4,0.03,0.01,0,0,0.83,0.54,Uncertain
"Cass County, MI",26027,Medium metro,"South Bend-Mishawaka, IN-MI",Metropolitan,MI,5,51787,0.16,0.005,0,0,0,0,0,17,33,0,0,-0.32,,0,25,48,0,0,5460,10543,76,147,0,49,ModerateBurdenResolving,,Moderate,Moderate,0.024,430,830,1,1,-0.006,-0.43,0,0,0.03,750,1448,1,1,0,0,0,0,0.26,0,,,0.18,0,,,-0.04,-0.03,,,0.08,0,1,25,0,16,1,1,1,1,17641,0.341,15590,0.301,16,0.004,163,0.004,22,0.002,-0.0053,-0.0033,-0.0022,251,0.064,153,0.039,17390,0.423,15437,0.375,7130,0.64,6580,0.59,0.07,0.12,0.22,2.4,0.05,0.04,0.01,0.01,0.33,0.57,Uncertain
"Geauga County, OH",39055,Large fringe metro,"Cleveland-Elyria, OH",Metropolitan,OH,5,93649,0.046,0.008,0,0,0,0,0,17,18,0,0,-0.29,,0,24,26,0,0,6829,7292,150,160,0,47,ModerateBurden,,Moderate,Moderate,0.011,868,927,1,0.97,-0.01,-0.18,0,0,0.02,1058,1130,1,0.98,2,2,4,4,0.89,0.08,0.94,0.14,0.08,0,-0.6,0,-0.03,0,0.01,0.01,-0.01,-0.01,1,97,12,84,1,1,1,1,46099,0.492,43229,0.462,170,0.021,359,0.005,78,0.004,-0.0166,-0.0036,-0.0013,2286,0.277,1123,0.136,43813,0.604,42106,0.58,16023,0.809,15834,0.8,0.09,0.06,0.21,2.6,0.01,0.02,0,0.01,0.09,0.14,Uncertain
"Harlan County, KY",21095,Non-core,,,KY,4,26010,,0.006,0,0,0,0,0,17,65,1,3.8,-0.39,,0,28,108,0,0,2913,11200,85,327,0,4,ModerateBurden,,Substantial,High,0.062,320,1230,1,0.96,-0.008,-0.21,0,-0.03,0.07,403,1549,1,0.99,22,29,0,0,0.45,0.04,0.47,0,0.02,0,0.37,-1,-0.08,0.01,-0.02,-0.16,-0.01,-0.02,1,75,7,14,1,1,1,1,8619,0.331,7579,0.291,13,0.007,106,0.005,18,0.004,-0.001,-0.0006,-0.0002,134,0.069,47,0.024,8485,0.424,7532,0.376,3175,0.635,2966,0.593,0.06,0.36,0.19,2.4,0.02,0.01,0,0,0.88,0.74,Uncertain
"Grimes County, TX",48185,Non-core,,,TX,6,28880,,0.001,0,0,0,0,0,17,59,1,3.5,0.7,0,0,10,35,1,3.5,3774,13068,72,249,0,26,ModerateBurden,,Substantial,Moderate,0.013,648,2244,0,1,-0.012,-0.08,-1,0.01,0.025,702,2431,1,0.99,0,0,0,0,0.45,0,,,0,0,,,-0.07,0,,,0,0,1,19,0,1,1,1,1,1,,,,,,,,,,,,,,,,,,,,,,,,,,0.14,0.19,0.18,2.7,0.15,0.25,0,0,0.86,0.89,Uncertain
"Grant County, WV",54023,Non-core,,,WV,3,11568,,0.006,0,0,0,0,0,17,147,0,0,4.67,,0,3,26,0,0,1300,11238,27,233,0,0,ModerateBurden,,High,Substantial,0.036,111,960,0,0.93,-0.062,-0.22,0,-0.01,0.098,143,1236,0,0.94,3,12,0,0,0.71,0.05,0.18,0.14,0,0,0.5,,0.03,-0.01,-0.29,0.04,0,0,1,25,4,5,1,1,1,1,1537,0.133,1273,0.11,12,0.016,15,0.002,3,0.001,0.0131,-0.002,-0.0007,29,0.038,7,0.009,1507,0.162,1265,0.136,697,0.24,626,0.216,0.08,0.12,0.25,2.5,0.01,0.01,0,0,0.37,0.22,Uncertain
"Nacogdoches County, TX",48347,Micropolitan,"Nacogdoches, TX",Micropolitan,TX,6,65204,1,0.002,0,1,9914,0.152,0,17,26,1,1.5,0.42,,0,12,18,0,0,4607,7066,172,264,0,32,ModerateBurden,,Moderate,Moderate,0.077,378,580,0,1,0.02,-0.12,0,0.01,0.057,428,656,0,0.99,6,3,2,1,0.73,0.04,0.46,0.09,0.14,0.02,-0.43,,-0.09,-0.04,-0.16,-0.13,-0.06,-0.02,2,223,29,84,1,1,1,1,,,,,,,,,,,,,,,,,,,,,,,,,,0.19,0.24,0.15,2.5,0.18,0.2,0,0.01,0.98,0.41,Uncertain
"Ulster County, NY",36111,Small metro,"Kingston, NY",Metropolitan,NY,2,177573,1,0.009,0.001,1,6639,0.037,0,17,10,2,1.1,-0.39,-0.33,0,28,16,3,1.7,13889,7822,257,145,0,60,LowBurden,,Moderate,Moderate,0.006,4246,2391,1,0.96,-0.001,-0.2,0,-0.03,0.008,5320,2996,1,0.99,2,1,1,1,0.59,0.02,0.42,0.05,0.12,0.02,-0.67,-0.89,0.1,-0.01,0.14,-0.11,0.03,-0.03,3,175,13,41,1,1,1,1,103317,0.582,91519,0.515,285,0.025,1161,0.008,183,0.005,-0.02,-0.0021,-0.0016,4459,0.392,2237,0.197,98852,0.674,89278,0.609,29933,0.827,27695,0.765,0.06,0.14,0.2,2.4,0.06,0.11,0,0.02,0.47,0.51,Uncertain
"Davie County, NC",37059,Medium metro,"Winston-Salem, NC",Metropolitan,NC,4,42846,0.063,0.004,0,0,0,0,0,17,40,1,2.3,1.12,,0,8,19,0,0,4159,9707,39,91,0,54,ModerateBurden,,Moderate,Moderate,0.01,299,698,1,0.99,-0.017,-0.31,0,-0.01,0.027,431,1006,1,0.99,0,0,0,0,0.61,0,,,,,,,0.09,0,,,,,1,31,0,0,1,1,1,1,18043,0.421,15286,0.357,26,0.008,115,0.003,15,0.002,-0.0083,-0.0021,-0.0008,586,0.174,331,0.098,17445,0.515,14953,0.441,6968,0.751,6206,0.669,0.11,0.14,0.22,2.6,0.06,0.07,0,0.01,0.44,0.77,Uncertain
"Alexander County, NC",37003,Medium metro,"Hickory-Lenoir-Morganton, NC",Metropolitan,NC,4,37497,0.101,0.004,0,0,0,0,0,16,43,0,0,1.29,,0,7,19,0,0,4430,11814,84,224,0,54,ModerateBurden,,Moderate,Moderate,0.02,215,573,1,1,-0.027,-0.32,0,0,0.047,317,845,1,0.99,,,,,,,,,,,,,,,,,,,,,,,,,,,12759,0.34,11292,0.301,72,0.026,151,0.005,21,0.003,0.0215,-0.0023,-0.0018,258,0.094,134,0.049,12497,0.416,11157,0.371,5101,0.665,4810,0.627,0.11,0.15,0.2,2.6,0.06,0.05,0,0.01,0.63,0.82,Uncertain
"West Baton Rouge Parish, LA",22121,Medium metro,"Baton Rouge, LA",Metropolitan,LA,6,26465,0.031,0.006,0,0,0,0,0,16,60,1,3.8,-0.24,,0,21,79,0,0,2942,11117,62,234,0,39,ModerateBurden,,Substantial,Substantial,0.026,130,491,0,1,-0.012,-0.57,0,0.01,0.039,300,1134,0,0.99,,,,,,,,,,,,,,,,,,,,,,,,,,,9157,0.346,8077,0.305,26,0.013,118,0.006,9,0.002,0.0034,0.0005,0.0005,163,0.079,73,0.036,8994,0.448,8004,0.398,2799,0.741,2690,0.713,0.09,0.16,0.14,2.6,0.4,0.03,0,0.01,0.76,0.75,Uncertain
"Klickitat County, WA",53039,Non-core,,,WA,10,22425,,0.003,0,0,0,0,0,16,71,1,4.5,-0.16,,0,19,85,0,0,818,3648,11,49,0,3,ModerateBurden,,Substantial,Substantial,0.058,95,424,,,-0.029,-0.3,,,0.087,136,606,,,1,2,6,13,0.22,0.04,0,0,0,0,-0.02,,0.03,0.02,0,0,0,0,2,45,1,8,1,1,1,1,9333,0.416,8295,0.37,110,0.072,139,0.008,16,0.003,0.0303,0.0029,0.0007,323,0.212,103,0.068,9009,0.497,8192,0.452,3913,0.711,3726,0.677,0.08,0.15,0.25,2.5,0.01,0.12,0.02,0.01,0.57,0.7,Uncertain
"Baker County, FL",12003,Large fringe metro,"Jacksonville, FL",Metropolitan,FL,4,29210,0.019,0.001,0,0,0,0,0,16,55,0,0,1,-1,0,8,27,1,3.4,3554,12167,62,212,0,37,ModerateBurden,,Substantial,Moderate,0.077,199,681,,,0.039,-0.26,,,0.038,270,924,,,0,0,0,0,0.14,0,,,0,0,,,-0.03,0,,,0,0,1,22,0,4,1,1,1,1,6832,0.234,5198,0.178,6,0.003,91,0.004,15,0.004,-0.0013,-0.0017,-0.0024,57,0.024,23,0.01,6771,0.304,5175,0.233,2688,0.653,2412,0.586,0.12,0.15,0.14,2.9,0.14,0.03,0,0.01,0.68,0.92,Likely Decreasing
"Gordon County, GA",13129,Micropolitan,"Calhoun, GA",Micropolitan,GA,4,57963,1,0.005,0,0,0,0,0,16,28,0,0,-0.52,,0,33,57,0,0,8223,14187,117,202,0,5,ModerateBurden,,Moderate,Substantial,0.016,348,600,0,0.99,0.008,-0.19,0,0.01,0.008,427,737,0,0.98,1,1,0,0,0.76,0.04,0.9,0.11,0.31,0.08,-0.5,,0,0.01,-0.03,-0.01,0.11,0.02,1,82,10,12,1,1,1,1,2888,0.05,3596,0.062,70,0.014,294,0.007,15,0.002,0.0084,0,-0.0028,130,0.025,64,0.012,2758,0.063,3532,0.08,572,0.065,703,0.079,0.16,0.2,0.15,2.8,0.04,0.17,0,0.01,0.88,0.71,Uncertain
"Madison County, MS",28089,Medium metro,"Jackson, MS",Metropolitan,MS,4,106272,0.179,0.036,0,0,702,0.007,0,16,15,0,0,-0.06,-1,0,17,16,4,3.8,10202,9600,224,211,0,13,ModerateBurden,,Moderate,Moderate,0.018,225,212,0,0.98,-0.011,-0.15,0,-0.01,0.028,266,250,0,1,14,74,1,5,0.5,0,0.37,0,0.03,0,0.05,,-0.2,-0.05,-0.18,-0.08,-0.01,-0.02,1,19,7,4,1,1,1,1,49875,0.469,40353,0.38,304,0.032,618,0.008,59,0.004,0.0156,0.0039,0.0018,1520,0.16,582,0.061,48355,0.605,39771,0.497,14231,0.967,12641,0.859,0.07,0.11,0.14,2.6,0.38,0.03,0,0.03,0.29,0.23,Uncertain
"Platte County, WY",56031,Non-core,,,WY,8,8393,,0.015,0,0,0,0,0,16,191,0,0,0.45,,0,11,131,0,0,667,7947,11,131,0,0,ModerateBurden,,High,High,0.139,86,1025,0,1,-0.043,0.56,0,0,0.182,55,655,0,1,2,9,3,13,0.19,0.03,0,0,0,0,-0.6,,0.06,-0.03,0,0,0,0,1,23,2,4,1,1,1,1,2604,0.31,2383,0.284,3,0.005,38,0.006,6,0.003,-0.0068,0.0048,0.0023,20,0.034,5,0.008,2584,0.386,2378,0.355,1437,0.66,1352,0.621,0.1,0.12,0.26,2.2,0.01,0.08,0.01,0.01,0.1,0.06,Likely Decreasing
"Randolph County, MO",29175,Micropolitan,"Moberly, MO",Micropolitan,MO,7,24748,1,0.004,0,0,162,0.007,0,16,65,0,0,2.2,,0,5,20,0,0,2670,10789,30,121,0,0,ModerateBurden,,High,Moderate,0.114,56,226,0,1,0.074,-0.33,0,0.03,0.041,83,335,0,0.97,12,34,0,0,0.58,0,0.71,0,0,0,,,0.05,0,-0.17,0,0,0,1,36,4,7,1,1,1,1,6938,0.28,5331,0.215,17,0.009,90,0.005,10,0.002,0.0016,-0.0001,-0.0019,95,0.052,34,0.019,6843,0.353,5297,0.273,2781,0.655,2209,0.52,0.1,0.15,0.17,2.7,0.06,0.02,0,0.01,0.56,0.48,Uncertain
"Lee County, MS",28081,Micropolitan,"Tupelo, MS",Micropolitan,MS,4,85436,0.514,0.029,0,0,0,0,0,16,19,1,1.2,-0.2,,0,20,23,0,0,10040,11751,176,206,0,7,ModerateBurden,,Moderate,High,0.046,132,155,0,1,-0.054,-0.01,0,0,0.101,134,157,0,1,1,0,0,0,0.76,0.03,0.77,0.07,0.59,0.01,-0.88,,0.08,-0.01,0.06,-0.01,0.11,-0.01,1,302,46,80,1,1,1,1,26783,0.313,21390,0.25,75,0.01,450,0.007,70,0.005,0.0045,0.0043,0.0036,431,0.059,154,0.021,26349,0.411,21235,0.331,9366,0.723,8247,0.637,0.12,0.16,0.15,2.6,0.3,0.03,0,0.01,0.8,0.48,Uncertain
"Navarro County, TX",48349,Micropolitan,"Corsicana, TX",Micropolitan,TX,6,50113,1,0.002,0,0,0,0,0,16,32,0,0,-0.41,,0,27,54,0,0,5886,11745,143,285,0,32,ModerateBurden,,Moderate,Substantial,0.027,277,553,1,0.97,-0.017,-0.36,0,-0.01,0.043,432,862,1,0.98,0,0,0,0,0.88,0.04,0.9,0.1,0.07,0,-1,,0.06,-0.08,0.19,-0.16,0.02,0,1,31,6,21,1,1,1,1,,,,,,,,,,,,,,,,,,,,,,,,,,0.17,0.18,0.17,2.7,0.13,0.29,0,0.01,0.97,0.84,Uncertain
"Cloud County, KS",20029,Non-core,,,KS,7,8786,,0.003,0,0,0,0,0,16,182,0,0,,,0,0,0,0,0,1002,11405,23,262,0,0,ModerateBurden,,High,Low,0.667,10,114,1,1,0.667,-0.64,1,0,0,28,319,0,1,0,0,0,0,0.17,0,,,0,0,,,0.04,0,,,0,0,1,21,0,2,1,1,1,1,3215,0.366,2880,0.328,18,0.027,38,0.006,4,0.002,0.0243,0.0027,-0.0011,46,0.07,22,0.033,3169,0.469,2858,0.423,1462,0.771,1378,0.727,0.09,0.12,0.22,2.3,0.01,0.03,0.01,0.01,0.27,0.51,Uncertain
"Hopkins County, TX",48223,Micropolitan,"Sulphur Springs, TX",Micropolitan,TX,6,37084,1,0.001,0,0,0,0,0,16,43,1,2.7,-0.38,0,0,26,70,1,2.7,3175,8562,113,305,0,0,ModerateBurden,,Substantial,High,0.085,140,378,0,1,-0.034,-0.15,0,0,0.119,164,442,0,1,2,2,0,0,0.36,0.03,0.31,0.15,0.36,0,-0.5,,0.01,0,0.05,0.07,-0.01,0,1,91,17,30,1,1,1,1,,,,,,,,,,,,,,,,,,,,,,,,,,0.18,0.17,0.19,2.7,0.07,0.17,0.01,0.01,0.71,0.72,Uncertain
"Otter Tail County, MN",27111,Micropolitan,"Fergus Falls, MN",Micropolitan,MN,5,58746,1,0.01,0,0,0,0,0,16,27,1,1.7,-0.47,-0.67,0,30,51,3,5.1,5847,9953,82,140,0,46,ModerateBurden,,Moderate,Substantial,0.028,1166,1985,0,0.98,-0.002,-0.24,-1,-0.01,0.03,1528,2601,1,0.99,2,3,4,6,0.44,0.01,0.57,0,0,0,0,0.33,-0.01,0.01,0.2,0,0,0,2,70,5,23,1,1,1,1,23893,0.407,20943,0.357,47,0.011,146,0.003,40,0.003,-0.0125,-0.0029,-0.001,667,0.157,337,0.079,23197,0.505,20601,0.448,10980,0.764,10126,0.705,0.05,0.09,0.24,2.4,0.02,0.04,0.01,0.01,0.21,0.18,Uncertain
"Crawford County, KS",20037,Micropolitan,"Pittsburg, KS",Micropolitan,KS,7,38818,1,0.013,0,1,5161,0.133,0,16,41,1,2.6,4.33,,0,3,8,0,0,4768,12283,78,201,0,0,ModerateBurden,,Moderate,Low,0.057,81,209,0,0.99,0.031,-0.59,0,-0.01,0.026,197,507,0,1,1,1,0,0,0.45,0.01,0.46,0,0.05,0,,,0.02,0,-0.06,-0.03,-0.01,-0.01,2,105,16,22,1,1,1,1,13849,0.357,12206,0.314,25,0.009,120,0.004,14,0.002,-0.0053,-0.0016,-0.002,303,0.106,112,0.039,13546,0.446,12094,0.399,4560,0.743,4278,0.697,0.11,0.21,0.16,2.5,0.02,0.06,0.01,0.02,0.7,0.31,Uncertain
"Ouachita County, AR",5103,Micropolitan,"Camden, AR",Micropolitan,AR,6,23382,0.818,0.008,0,0,0,0,0,16,68,0,0,-0.2,,0,20,86,0,0,2359,10089,63,269,0,0,ModerateBurden,,High,Substantial,0.16,37,158,1,0.98,0.085,-0.23,1,-0.02,0.075,48,205,0,1,2,2,0,0,0.09,0.01,0.29,0,0,0,1,,0.01,0,0.18,0,0,0,1,98,7,8,1,1,1,1,8495,0.363,7260,0.31,10,0.005,81,0.004,12,0.002,-0.0022,-0.0019,0,104,0.056,43,0.023,8386,0.462,7217,0.397,3565,0.723,3221,0.653,0.07,0.24,0.21,2.4,0.4,0.03,0,0,0.87,0.67,Likely Decreasing
"Cayuga County, NY",36011,Micropolitan,"Auburn, NY",Micropolitan,NY,2,76576,1,0.004,0,0,463,0.006,0,16,21,0,0,-0.5,,0,32,42,0,0,6329,8265,92,120,0,40,ModerateBurden,,Moderate,Moderate,0.012,1749,2284,0,0.99,-0.009,-0.18,0,-0.01,0.02,2143,2799,0,1,2,2,0,0,0.57,0.01,0.35,0.03,0.03,0,-0.6,,-0.09,-0.01,-0.09,-0.03,0,0,1,124,19,33,1,1,1,1,36707,0.479,32653,0.426,128,0.024,427,0.007,53,0.003,-0.0955,-0.0044,-0.0012,1687,0.319,547,0.103,35015,0.568,32104,0.521,11554,0.761,10970,0.722,0.05,0.12,0.2,2.4,0.04,0.03,0,0.01,0.5,0.59,Uncertain
"Union County, OH",39159,Large fringe metro,"Columbus, OH",Metropolitan,OH,5,58988,0.028,0.005,0,0,0,0,0,16,27,0,0,-0.33,,0,24,41,0,0,5831,9885,49,83,0,10,ModerateBurden,,Moderate,Moderate,0.011,610,1034,1,0.96,-0.019,-0.19,0,-0.03,0.03,749,1270,1,0.99,0,0,0,0,0.55,0.02,0.15,0,0,0,,,-0.04,-0.01,-0.3,-0.06,-0.04,-0.04,1,36,12,13,1,1,1,1,27511,0.466,25838,0.438,104,0.021,272,0.006,37,0.005,-0.0178,-0.0041,0.0001,1520,0.3,799,0.158,25990,0.584,25039,0.562,6594,0.881,6422,0.858,0.05,0.07,0.13,2.7,0.03,0.02,0,0.05,0.08,0.08,Uncertain
"Jones County, GA",13169,Small metro,"Macon-Bibb County, GA",Metropolitan,GA,4,28735,0.125,0.003,0,0,0,0,0,16,56,0,0,1.67,,0,6,21,0,0,2047,7124,57,198,0,0,ModerateBurden,,High,Moderate,0.137,130,452,0,0.94,0.068,0.21,0,0,0.069,107,372,0,0.94,,,,,,,,,,,,,,,,,,,,,,,,,,,4577,0.159,3948,0.137,68,0.026,138,0.006,26,0.005,0.0152,0.0014,0.0025,156,0.061,59,0.023,4421,0.199,3889,0.175,1786,0.339,1586,0.301,0.12,0.15,0.18,2.7,0.25,0.02,0,0.01,0.38,0.55,Uncertain
"Wichita County, TX",48485,Small metro,"Wichita Falls, TX",Metropolitan,TX,6,132230,0.874,0.005,0,0,4520,0.034,0,16,12,0,0,-0.3,,0,23,17,0,0,15154,11460,377,285,0,15,ModerateBurden,,Moderate,Moderate,0.019,440,333,1,1,-0.002,-0.5,0,0.01,0.021,878,664,1,0.99,3,1,27,8,0.69,0.01,0.83,0.07,0.14,0.02,0.54,1.31,0,0,-0.01,-0.01,-0.04,0,4,340,23,118,1,1,1,1,,,,,,,,,,,,,,,,,,,,,,,,,,0.14,0.19,0.15,2.4,0.1,0.2,0.01,0.02,0.82,0.35,Uncertain
"Carter County, TN",47019,Small metro,"Johnson City, TN",Metropolitan,TN,4,56391,0.277,0.008,0,0,1046,0.019,0,16,28,1,1.8,3,,0,4,7,0,0,6711,11901,159,282,0,46,ModerateBurden,,Moderate,Moderate,0.042,119,211,0,1,-0.019,-0.52,-1,0.03,0.061,250,443,1,0.97,2,3,2,3,0.73,0.01,0.73,0,0.69,0,,1,0.1,0.01,-0.02,0,0.31,0,1,74,8,6,1,1,1,1,17673,0.313,14985,0.266,26,0.007,165,0.004,28,0.002,-0.0021,-0.0011,-0.0021,307,0.08,117,0.03,17365,0.376,14868,0.322,7674,0.608,6916,0.548,0.12,0.24,0.22,2.3,0.02,0.02,0,0,0.62,0.68,Likely Decreasing
"Campbell County, VA",51031,Medium metro,"Lynchburg, VA",Metropolitan,VA,3,54885,0.208,0.006,0,0,0,0,0,16,29,0,0,-0.52,,0,33,60,0,0,4575,8336,86,157,0,27,ModerateBurden,,High,High,0.177,167,304,1,1,0.043,0.02,0,0.01,0.134,164,299,1,0.99,,,,,,,,,,,,,,,,,,,,,,,,,,,8211,0.15,6965,0.127,13,0.003,101,0.002,10,0.001,-0.0029,-0.0005,-0.0011,135,0.036,66,0.018,8071,0.182,6899,0.156,3168,0.284,2851,0.256,0.1,0.12,0.2,2.4,0.15,0.03,0,0.01,0.26,0.56,Uncertain
"Putnam County, IN",18133,Large fringe metro,"Indianapolis-Carmel-Anderson, IN",Metropolitan,IN,5,37576,0.018,0.006,0,0,2139,0.057,0,16,43,0,0,-0.38,,0,26,69,0,0,3707,9865,60,160,0,8,ModerateBurden,,Moderate,Substantial,0.035,234,623,2,0.98,-0.058,-0.19,1,0.02,0.094,290,772,1,0.96,0,0,0,0,0.22,0,0,0,0,0,-1,,-0.07,-0.01,-0.04,0,0,0,1,25,10,6,1,1,1,1,12473,0.332,11015,0.293,28,0.011,212,0.007,12,0.002,-0.0008,0.0017,-0.0012,257,0.099,136,0.053,12215,0.403,10879,0.359,4366,0.681,4182,0.652,0.08,0.12,0.17,2.4,0.04,0.02,0,0.01,0.35,0.28,Uncertain
"Wood County, OH",39173,Medium metro,"Toledo, OH",Metropolitan,OH,5,130817,0.204,0.011,0,1,14323,0.109,0,16,12,0,0,-0.5,,0,32,24,0,0,13266,10141,197,151,0,47,ModerateBurden,,Moderate,Moderate,0.012,943,721,1,0.99,-0.008,-0.27,0,0,0.019,1299,993,1,1,0,0,0,0,0.27,0,0.19,0,0,0,-1,,-0.03,-0.01,-0.09,0,0,0,1,66,10,28,1,1,1,1,65052,0.497,61149,0.467,255,0.027,541,0.005,59,0.003,-0.0117,-0.0034,-0.0011,3008,0.323,1752,0.188,62042,0.595,59396,0.57,18174,0.885,17654,0.86,0.04,0.13,0.16,2.4,0.03,0.06,0,0.02,0.17,0.53,Uncertain
"Champaign County, OH",39021,Micropolitan,"Urbana, OH",Micropolitan,OH,5,38885,1,0.003,0,0,445,0.011,0,16,41,0,0,-0.3,,0,23,59,0,0,3429,8818,58,149,0,25,ModerateBurden,,Moderate,Substantial,0.045,333,856,1,0.99,-0.01,-0.34,0,-0.01,0.055,508,1306,1,1,0,0,0,0,0.64,0.01,1,0,0.02,0,-1,-1,-0.04,-0.03,0,0,0.02,0,1,20,0,6,1,1,1,1,13566,0.349,12420,0.319,25,0.008,144,0.005,16,0.002,-0.0043,-0.0028,-0.0014,310,0.095,151,0.046,13256,0.439,12269,0.406,5219,0.726,4846,0.674,0.06,0.11,0.18,2.5,0.02,0.02,0,0.01,0.3,0.54,Uncertain
"Henderson County, NC",37089,Medium metro,"Asheville, NC",Metropolitan,NC,4,117417,0.254,0.011,0,0,0,0,0,16,14,0,0,0.6,,0,10,9,0,0,10287,8761,160,136,0,38,ModerateBurden,,Moderate,Low,0.015,564,480,1,0.96,-0.007,-0.32,0,-0.03,0.023,832,709,1,0.99,5,2,31,13,0.49,0.01,0.28,0,0.11,0,0.25,0,0,-0.01,-0.1,-0.02,0.01,0,2,235,34,44,1,1,1,1,50624,0.431,44701,0.381,126,0.016,353,0.004,55,0.002,0.0006,-0.0014,-0.0003,1009,0.13,482,0.062,49540,0.519,44213,0.463,22289,0.72,20530,0.663,0.11,0.11,0.26,2.3,0.03,0.1,0,0.01,0.32,0.56,Uncertain
"Suffolk city, VA",51800,Large fringe metro,"Virginia Beach-Norfolk-Newport News, VA-NC",Metropolitan,VA,3,92108,0.052,0.011,0,0,0,0,0,16,17,0,0,-0.06,,0,17,18,0,0,7988,8672,191,207,0,50,ModerateBurden,,Moderate,Moderate,0.029,516,560,1,0.99,-0.023,-0.26,0,0,0.052,693,752,1,0.99,1,1,21,12,0.84,0,0.62,0,0.29,0,-0.8,0.62,0.01,-0.02,-0.05,-0.04,-0.05,-0.01,1,181,16,47,1,1,1,1,24583,0.267,19846,0.215,75,0.01,411,0.006,55,0.004,-0.0061,-0.0036,-0.0018,824,0.11,370,0.049,23718,0.338,19465,0.277,7635,0.557,6813,0.497,0.07,0.11,0.15,2.7,0.42,0.05,0,0.02,0.35,0.56,Uncertain
"Obion County, TN",47131,Micropolitan,"Union City, TN",Micropolitan,TN,4,30069,1,0.004,0,0,0,0,0,16,53,0,0,0.6,-1,0,10,33,1,3.3,4600,15298,97,323,0,6,ModerateBurden,,High,Moderate,0.145,83,276,0,1,0.074,-0.59,0,0.01,0.072,204,678,0,0.99,3,2,0,0,0.56,0.01,0.54,0.01,0.05,0.05,-0.5,,0.35,-0.01,0.37,0,-0.17,0.05,1,147,32,6,1,1,1,1,8389,0.279,6851,0.228,6,0.003,66,0.003,11,0.002,-0.0018,-0.0014,-0.0029,60,0.027,15,0.007,8327,0.353,6836,0.29,4188,0.671,3673,0.589,0.11,0.23,0.21,2.4,0.11,0.05,0,0,0.77,0.59,Uncertain
"Floyd County, GA",13115,Small metro,"Rome, GA",Metropolitan,GA,4,98498,1,0.009,0,0,3071,0.031,0,16,16,0,0,-0.64,-1,0,44,45,1,1,12056,12240,235,239,0,4,ModerateBurden,,Moderate,Moderate,0.016,593,602,0,0.99,-0.007,-0.13,0,0.01,0.023,685,695,0,0.99,5,1,1,0,0.83,0.02,0.86,0.08,0.1,0.01,-0.5,-0.01,-0.04,-0.01,-0.02,-0.01,-0.02,0,2,524,66,224,1,1,1,1,7762,0.079,8012,0.081,111,0.014,311,0.004,59,0.004,0.003,-0.0017,-0.0008,595,0.075,377,0.047,7165,0.094,7634,0.101,1156,0.069,1301,0.078,0.14,0.19,0.17,2.6,0.14,0.12,0,0.01,0.89,0.7,Uncertain
"Grant County, AR",5053,Medium metro,"Little Rock-North Little Rock-Conway, AR",Metropolitan,AR,6,18265,0.025,0.006,0,0,0,0,0,16,88,0,0,-0.27,,0,22,120,0,0,1710,9362,33,181,0,0,ModerateBurden,,Substantial,High,0.085,45,246,1,1,-0.069,2.46,0,0.05,0.154,13,71,1,0.95,,,,,,,,,,,,,,,,,,,,,,,,,,,5809,0.318,4925,0.27,6,0.004,72,0.005,11,0.003,-0.0027,0.0004,0.0021,112,0.076,51,0.035,5694,0.4,4873,0.342,2168,0.643,1941,0.576,0.05,0.15,0.18,2.6,0.03,0.03,0,0,0.35,0.64,Likely Decreasing
"Leavenworth County, KS",20103,Large fringe metro,"Kansas City, MO-KS",Metropolitan,KS,7,81758,0.038,0.028,0,0,880,0.011,0,16,20,1,1.2,0.78,0,0,9,11,1,1.2,7271,8893,93,114,0,26,ModerateBurden,,Moderate,Moderate,0.025,299,366,0,0.96,0.011,-0.47,0,-0.03,0.014,566,692,0,0.99,1,2,2,4,0.67,0.01,0.31,0,0,0,,0.99,-0.03,0.01,-0.07,0,0,0,3,47,6,3,0.67,0.33,1,0.67,38036,0.465,32119,0.393,120,0.019,285,0.005,36,0.003,-0.0136,-0.002,0.0002,780,0.123,214,0.034,37255,0.595,31905,0.51,10244,0.833,9489,0.772,0.05,0.09,0.15,2.7,0.09,0.07,0.01,0.01,0.24,0.24,Uncertain
"Bannock County, ID",16005,Small metro,"Pocatello, ID",Metropolitan,ID,10,87808,0.92,0.049,0,1,7445,0.085,0,16,18,0,0,-0.2,,0,20,23,0,0,8856,10086,110,125,0,36,ModerateBurden,,Moderate,Moderate,0.014,440,501,1,0.91,-0.012,-0.17,1,-0.08,0.026,531,605,0,0.99,3,2,0,0,0.75,0.03,0.87,0.18,0.35,0.14,0.5,,0.06,0.01,0.16,0.02,0.05,0.04,1,165,17,22,1,1,1,1,33274,0.379,28965,0.33,3,0,404,0.006,31,0.002,-0.0004,-0.0022,-0.0013,29,0.004,,,33245,0.511,28965,0.445,10592,0.821,9891,0.767,0.09,0.17,0.15,2.7,0.01,0.09,0.03,0.02,0.58,0.09,Uncertain
"Yuma County, CO",8125,Non-core,,,CO,8,10019,,0.002,0,0,0,0,0,16,160,0,0,0.07,,0,15,150,0,0,955,9532,17,170,0,0,ModerateBurden,,High,High,0,125,1248,1,1,-0.035,-0.53,0,0,0.035,265,2645,1,1,14,45,2,6,0.27,0.07,,,0,0,-0.12,,0.01,-0.01,,,0,0,2,31,0,8,1,1,1,1,2067,0.206,1738,0.173,8,0.009,54,0.007,7,0.004,0.008,0.0023,0.0021,32,0.037,14,0.016,2034,0.28,1723,0.237,441,0.236,368,0.197,0.11,0.15,0.19,2.5,0,0.25,0,0,0.56,0.36,Likely Decreasing
"Madison County, FL",12079,Non-core,,,FL,4,18493,,0.001,0,0,0,0,0,16,87,0,0,1.67,,0,6,32,0,0,2103,11372,45,243,0,0,ModerateBurden,,Substantial,Moderate,0.032,92,497,,,-0.01,-0.38,,,0.042,148,800,,,0,0,0,0,0.41,0,,,0,0,,,0.09,0,,,0,0,1,25,0,2,1,1,1,1,6388,0.345,5291,0.286,6,0.005,33,0.002,,,-0.005,-0.0046,-0.0041,34,0.029,8,0.007,6354,0.421,5283,0.35,2858,0.732,2615,0.67,0.13,0.28,0.21,2.4,0.37,0.06,0.01,0,0.96,0.87,Likely Decreasing
"Carbon County, UT",49007,Micropolitan,"Price, UT",Micropolitan,UT,8,20463,1,0.006,0,0,0,0,0,16,78,0,0,1,,0,8,39,0,0,1691,8264,17,83,0,5,ModerateBurden,,Substantial,Moderate,0.041,130,635,0,0.99,-0.011,0.09,0,-0.01,0.053,119,582,0,0.99,1,2,0,0,0.29,0.01,0.76,0,0,0,-0.67,,0.03,-0.01,0.31,0,0,0,1,58,6,15,1,1,1,1,7993,0.391,5537,0.271,62,0.033,60,0.004,10,0.003,-0.008,0.0001,0.0011,281,0.149,117,0.062,7705,0.506,5418,0.356,2969,0.805,1919,0.52,0.11,0.16,0.18,2.5,0,0.13,0.01,0.01,0.56,0.31,Uncertain
"Jackson County, GA",13157,Micropolitan,"Jefferson, GA",Micropolitan,GA,4,72977,1,0.007,0,0,0,0,0,16,22,1,1.4,-0.38,,0,26,36,0,0,9954,13640,147,201,0,39,ModerateBurden,,Moderate,Moderate,0.018,497,681,0,0.97,-0.02,-0.09,0,0.01,0.037,546,748,0,0.96,0,,0,,,,,,,,,,,,,,,,1,0,0,0,0,0,1,0,12303,0.169,11211,0.154,91,0.014,367,0.007,53,0.005,0.0019,-0.0013,-0.001,344,0.053,153,0.024,11953,0.219,11056,0.203,4880,0.456,4628,0.433,0.12,0.11,0.15,3,0.07,0.08,0,0.02,0.35,0.71,Uncertain
"Green Lake County, WI",55047,Non-core,,,WI,5,18913,,0.003,0,0,0,0,0,16,85,1,5.3,-0.11,,0,18,95,0,0,2061,10897,23,122,0,0,ModerateBurden,,Substantial,Substantial,0.055,299,1581,0,0.98,0.018,-0.16,0,0,0.037,358,1893,0,0.99,0,0,0,0,0.61,0.01,0.55,0.02,0,0,,,0,0.01,0.02,0.02,0,0,1,22,7,5,1,1,1,1,8162,0.432,7428,0.393,11,0.007,94,0.006,12,0.003,-0.014,-0.002,-0.0007,169,0.113,75,0.05,7992,0.541,7352,0.498,3584,0.831,3470,0.804,0.09,0.11,0.23,2.3,0.01,0.05,0,0.01,0.29,0.13,Uncertain
"Muskogee County, OK",40101,Micropolitan,"Muskogee, OK",Micropolitan,OK,6,67997,1,0.017,0,0,243,0.004,0,16,24,1,1.5,0,-0.91,0,16,24,11,16.2,9364,13771,176,259,0,0,ModerateBurden,,Moderate,Moderate,0.061,222,326,1,1,0.015,-0.17,0,0,0.046,268,394,1,1,3,1,0,0,0.67,0.04,0.61,0.03,0.32,0.02,-0.67,,-0.02,0.01,-0.07,0.01,0.04,0,3,246,79,58,1,0.67,1,1,25319,0.372,19686,0.29,74,0.013,182,0.004,21,0.002,0.0066,0.0004,-0.0002,473,0.084,223,0.04,24845,0.483,19463,0.379,9564,0.824,7882,0.679,0.18,0.21,0.17,2.5,0.11,0.07,0.18,0.01,0.93,0.77,Uncertain
"Benton County, MN",27009,Small metro,"St. Cloud, MN",Metropolitan,MN,5,40889,0.202,0.007,0,0,0,0,0,16,39,1,2.4,-0.45,,0,29,71,0,0,5824,14243,98,240,0,51,ModerateBurdenResolving,,Moderate,Substantial,0.022,1251,3060,1,0.99,0,-0.17,0,-0.01,0.022,1504,3678,1,0.99,,,,,,,,,,,,,,,,,,,,,,,,,,,12683,0.31,10810,0.264,42,0.012,98,0.003,7,0.001,-0.0109,-0.0015,-0.0003,534,0.157,293,0.086,12130,0.398,10515,0.345,3720,0.635,3241,0.553,0.03,0.13,0.14,2.4,0.05,0.03,0,0.01,0.43,0.68,Uncertain
"Giles County, VA",51071,Small metro,"Blacksburg-Christiansburg, VA",Metropolitan,VA,3,16720,0.1,0.002,0,0,0,0,0,16,96,0,0,1.67,,0,6,36,0,0,1313,7853,22,132,0,0,ModerateBurden,,High,Moderate,0.147,113,676,1,1,0.118,-0.32,0,0.01,0.029,165,987,1,0.99,3,12,10,40,0.55,0.04,0.5,0.18,0,0,,2.33,-0.13,0.04,0.14,0.18,0,0,1,25,4,6,1,1,1,1,2816,0.168,2315,0.138,2,0.002,46,0.003,4,0.001,-0.0008,0.001,-0.0008,69,0.056,25,0.02,2744,0.206,2290,0.172,1018,0.272,915,0.245,0.09,0.11,0.22,2.4,0.02,0.02,0,0.01,0.27,0.4,Uncertain
"Medina County, TX",48325,Large fringe metro,"San Antonio-New Braunfels, TX",Metropolitan,TX,6,51584,0.02,0.002,0,0,0,0,0,16,31,1,1.9,1.67,,0,6,12,0,0,5102,9891,106,205,0,12,ModerateBurden,,Moderate,Moderate,0.02,368,713,1,0.98,0.003,-0.1,1,-0.02,0.017,409,793,0,1,0,0,0,0,0.16,0,,,0,0,,,0.04,0,,,0,0,1,49,0,5,1,1,1,1,,,,,,,,,,,,,,,,,,,,,,,,,,0.13,0.1,0.17,3,0.03,0.53,0,0.01,0.67,0.76,Uncertain
"Cochise County, AZ",4003,Small metro,"Sierra Vista-Douglas, AZ",Metropolitan,AZ,9,125922,1,0.017,0,0,0,0,0,16,13,2,1.6,-0.43,1,0,28,22,1,0.8,12097,9607,290,230,0,44,ModerateBurden,,Moderate,Moderate,0.036,540,429,1,0.99,0.01,-0.14,0,0.01,0.026,625,496,1,0.98,4,3,0,0,0.39,0.02,0.48,0,0.02,0,3,-1,0,0.01,-0.02,-0.03,-0.02,0,4,130,20,36,1,1,1,1,59483,0.472,47388,0.376,247,0.027,963,0.01,97,0.003,-0.0073,-0.0019,-0.0008,1761,0.193,524,0.057,57721,0.583,46864,0.474,22065,0.758,19006,0.653,0.08,0.17,0.23,2.4,0.04,0.36,0.01,0.02,0.91,0.64,Uncertain
"Person County, NC",37145,Medium metro,"Durham-Chapel Hill, NC",Metropolitan,NC,4,39490,0.061,0.004,0,0,0,0,0,16,41,0,0,1.67,-1,0,6,15,1,2.5,3456,8752,71,180,0,12,ModerateBurden,,Moderate,Moderate,0.016,630,1595,1,1,-0.005,0.33,0,0,0.021,474,1200,1,1,0,0,1,6,0.53,0,0.27,0,0,0,,0,-0.03,0,0.08,0,0,0,1,18,6,4,1,1,1,1,16020,0.406,14034,0.355,21,0.007,98,0.003,11,0.001,-0.0535,-0.0021,-0.0018,390,0.136,132,0.046,15611,0.498,13899,0.443,6084,0.766,5695,0.717,0.09,0.18,0.2,2.5,0.26,0.05,0.01,0,0.77,0.81,Uncertain
"Tazewell County, VA",51185,Micropolitan,"Bluefield, WV-VA",Micropolitan,VA,3,40595,0.384,0.005,0,0,1008,0.025,0,16,39,2,4.9,-0.24,0,0,21,52,2,4.9,3715,9151,74,182,0,10,ModerateBurden,,Moderate,High,0.067,142,350,1,0.95,-0.052,-0.46,0,-0.01,0.119,261,643,1,0.96,2,1,5,4,0.4,0.01,0.62,0,0.05,0,1,0,0.02,0,0.05,0,0.02,0,2,135,12,29,1,1,1,1,10808,0.266,8972,0.221,23,0.008,99,0.003,23,0.002,-0.012,-0.0012,0.0007,321,0.113,157,0.055,10478,0.32,8814,0.269,4198,0.449,3652,0.39,0.11,0.16,0.23,2.4,0.03,0.01,0,0.01,0.59,0.46,Uncertain
"Dallas County, MO",29059,Medium metro,"Springfield, MO",Metropolitan,MO,7,16878,0.036,0.003,0,0,0,0,0,16,95,0,0,0.78,,0,9,53,0,0,1348,7987,28,166,0,6,ModerateBurden,,Substantial,Substantial,0.091,112,664,0,1,0.048,-0.05,0,0,0.043,118,699,0,1,,,,,,,,,,,,,,,,,,,,,,,,,,,4236,0.251,3470,0.206,6,0.004,43,0.003,13,0.004,0.0007,0.0016,0.0029,43,0.031,17,0.012,4193,0.326,3453,0.268,2074,0.591,1796,0.512,0.19,0.15,0.21,2.6,0,0.02,0.01,0,0.7,0.74,Uncertain
"Austin County, TX",48015,Large fringe metro,"Houston-The Woodlands-Sugar Land, TX",Metropolitan,TX,6,30032,0.004,0.001,0,0,0,0,0,16,53,0,0,3,,0,4,13,0,0,2208,7352,37,123,0,12,ModerateBurden,,Substantial,Moderate,0.049,175,583,1,0.98,-0.01,-0.21,0,0.02,0.059,221,736,1,0.96,0,0,0,0,0.04,0,,,0,0,,,0.01,0,,,0,0,1,24,0,2,1,1,1,1,,,,,,,,,,,,,,,,,,,,,,,,,,0.12,0.11,0.2,2.6,0.09,0.28,0,0.01,0.49,0.78,Uncertain
"Clinton County, PA",42035,Micropolitan,"Lock Haven, PA",Micropolitan,PA,3,38632,1,0.003,0,0,3020,0.078,0,15,39,0,0,0,,0,15,39,0,0,3695,9565,66,171,0,39,ModerateBurden,,Moderate,Moderate,0.072,283,733,0,1,0.012,-0.38,-1,0,0.059,456,1180,1,1,0,0,0,0,0.2,0.02,,,0,0,,,0.04,-0.04,,,0,0,2,48,0,5,1,1,1,1,13471,0.349,11713,0.303,53,0.019,460,0.015,59,0.008,-0.0044,0.0055,0.0042,259,0.094,89,0.032,13210,0.427,11623,0.376,5174,0.699,4977,0.672,0.08,0.17,0.19,2.5,0.02,0.02,0,0.01,0.49,0.63,Uncertain
"Mayes County, OK",40097,Non-core,,,OK,6,41100,,0.01,0,0,0,0,0,15,36,0,0,-0.35,-1,0,23,56,3,7.3,4252,10345,72,175,0,0,ModerateBurden,,Substantial,High,0.081,97,236,0,0.96,-0.054,-0.3,0,-0.01,0.135,138,336,0,0.97,0,0,0,0,0,0,,,0,0,,,0,0,,,0,0,1,21,0,4,1,1,1,1,13212,0.321,10370,0.252,20,0.006,96,0.003,24,0.003,0.0036,-0.0027,-0.0017,158,0.047,82,0.025,13054,0.414,10288,0.326,5470,0.704,4427,0.57,0.15,0.17,0.19,2.6,0.01,0.04,0.22,0,0.75,0.87,Uncertain
"Columbia County, PA",42037,Small metro,"Bloomsburg-Berwick, PA",Metropolitan,PA,3,64964,0.781,0.005,0,1,7836,0.121,0,15,23,0,0,-0.56,,0,34,52,0,0,5864,9027,133,205,0,26,ModerateBurdenResolving,,Moderate,Substantial,0.03,665,1024,1,0.88,0,-0.03,0,-0.1,0.029,688,1059,1,0.98,2,4,16,33,0.73,0.1,0.14,0,0,0,-0.6,0.23,0.06,-0.01,-0.14,0,0,0,2,48,4,12,1,1,1,1,33099,0.509,28616,0.44,169,0.041,535,0.01,100,0.008,-0.0212,-0.0051,-0.0008,1135,0.273,409,0.098,31964,0.597,28207,0.527,11874,0.911,10862,0.833,0.05,0.14,0.2,2.3,0.02,0.03,0,0.01,0.28,0.09,Uncertain
"Carroll County, OH",39019,Medium metro,"Canton-Massillon, OH",Metropolitan,OH,5,26914,0.068,0.002,0,0,0,0,0,15,56,0,0,1.5,,0,6,22,0,0,1955,7264,48,178,0,0,ModerateBurden,,Substantial,Moderate,0.045,144,535,1,0.98,-0.017,-0.33,0,0.01,0.062,215,799,1,0.98,,,,,,,,,,,,,,,,,,,,,,,,,,,8998,0.334,8579,0.319,12,0.006,99,0.005,22,0.004,-0.0048,-0.0005,0.0003,146,0.07,77,0.037,8852,0.416,8502,0.399,4072,0.7,3999,0.688,0.09,0.13,0.22,2.4,0.01,0.01,0,0,0.15,0.58,Uncertain
"Amherst County, VA",51009,Medium metro,"Lynchburg, VA",Metropolitan,VA,3,31605,0.12,0.004,0,0,332,0.011,0,15,47,1,3.2,-0.06,,0,16,51,0,0,2970,9397,38,120,0,0,ModerateBurden,,Moderate,Substantial,0.078,102,323,1,1,0.033,-0.45,0,0,0.045,185,585,1,1,,,,,,,,,,,,,,,,,,,,,,,,,,,8675,0.274,7389,0.234,31,0.015,122,0.005,18,0.003,0.0071,-0.0003,0.0006,218,0.104,105,0.05,8448,0.331,7284,0.286,3308,0.485,3041,0.445,0.1,0.14,0.22,2.6,0.19,0.02,0.01,0.01,0.47,0.54,Likely Decreasing
"Dare County, NC",37055,Micropolitan,"Kill Devil Hills, NC",Micropolitan,NC,4,37009,1,0.004,0,0,0,0,0,15,41,0,0,1.14,,0,7,19,0,0,2154,5820,10,27,0,25,ModerateBurden,,Moderate,Moderate,0.035,301,813,0,0.99,-0.02,0,0,0,0.055,302,816,0,1,2,12,0,0,0.73,0,,,0,0,0,,0.09,-0.04,,,0,0,1,17,0,6,1,1,1,1,22628,0.611,19891,0.537,15,0.006,115,0.004,20,,-0.0068,-0.0032,0,586,0.221,352,0.132,22026,0.732,19535,0.649,8749,0.999,8270,0.999,0.15,0.08,0.22,2.3,0.02,0.08,0,0.01,0.14,0.4,Uncertain
"Napa County, CA",6055,Small metro,"Napa, CA",Metropolitan,CA,9,137744,1,0.003,0,0,967,0.007,0,15,11,0,0,-0.32,,0,22,16,0,0,9963,7233,80,58,0,52,ModerateBurden,,Moderate,Moderate,,1878,1363,,,,-0.44,,,0.01,3356,2436,,,4,3,56,42,0.9,0.02,0.86,0.1,0.06,0.02,,0.58,0.06,0,0.09,0.04,0.02,0.02,2,133,22,87,1,1,1,1,90298,0.656,74666,0.542,430,0.041,762,0.007,92,0.003,-0.001,-0.0021,0.0003,5084,0.488,2067,0.198,84944,0.773,72565,0.66,24258,0.893,21767,0.802,0.06,0.08,0.2,2.8,0.02,0.35,0,0.08,0.51,0.26,Uncertain
"Guadalupe County, NM",35019,Non-core,,,NM,6,4300,,0.002,0,0,0,0,0,15,349,0,0,0.25,,0,12,279,0,0,444,10326,11,256,0,0,ModerateBurden,,High,High,0.208,75,1744,1,0.98,0.155,-0.8,-3,0.56,0.053,371,8628,4,0.42,2,20,0,0,0.19,0.06,,,0,0,,,-0.03,0.03,,,0,0,1,10,0,4,1,1,1,1,976,0.227,797,0.185,16,0.048,18,0.005,,,-0.2054,-0.0026,-0.0059,126,0.381,9,0.027,849,0.248,788,0.23,192,0.225,215,0.252,0.02,0.15,0.2,2.6,0.02,0.79,0.01,0.01,0.95,0.96,Likely Decreasing
"Park County, MT",30067,Non-core,,,MT,8,16606,,0.016,0,0,0,0,0,15,90,0,0,-0.32,,0,22,132,0,0,1440,8672,20,120,0,20,ModerateBurden,,Substantial,High,0.051,98,590,1,1,0,-0.32,0,0.02,0.051,145,873,1,0.98,2,9,2,9,0.6,0.03,0.5,0,0.11,0,-0.6,,-0.12,-0.02,-0.07,-0.36,0,0,1,22,2,4,1,1,1,1,8778,0.529,7151,0.431,21,0.021,166,0.012,17,0.004,-0.0446,0.0048,0.0015,248,0.251,70,0.071,8527,0.62,7081,0.515,2884,0.732,2558,0.649,0.12,0.13,0.24,2.1,0,0.03,0.01,0,0.07,0.01,Uncertain
"Wood County, WI",55141,Micropolitan,"Wisconsin Rapids-Marshfield, WI",Micropolitan,WI,5,72999,1,0.013,0,0,0,0,0,15,21,4,5.5,-0.46,3,0,28,38,1,1.4,7679,10519,99,136,0,25,ModerateBurden,,Moderate,Moderate,0.021,677,927,1,1,-0.018,-0.32,0,0,0.038,997,1366,1,1,3,1,12,3,0.59,0.01,0.59,0.02,0.21,0.03,-0.67,-0.08,0,-0.01,0.06,-0.08,-0.01,-0.03,2,410,44,70,1,1,1,1,34913,0.478,31359,0.43,138,0.025,394,0.007,50,0.003,0.0009,-0.0019,-0.0016,1098,0.201,498,0.091,33812,0.591,30860,0.539,13282,0.862,12710,0.825,0.05,0.1,0.21,2.2,0.01,0.03,0.01,0.02,0.15,0.23,Uncertain
"Windsor County, VT",50027,Micropolitan,"Lebanon, NH-VT",Micropolitan,VT,1,55062,0.254,0.088,0,0,0,0,0,15,27,0,0,0.67,,0,9,16,0,0,1490,2706,13,24,0,18,ModerateBurden,,Moderate,Moderate,0.018,629,1142,1,0.97,0.001,-0.37,0,-0.02,0.017,1006,1827,1,1,3,3,0,0,0.68,0,0,0,0,0,-0.73,,0.03,-0.02,-0.05,0,0,0,3,98,8,16,1,0.67,1,1,26231,0.476,22107,0.401,55,0.015,318,0.007,37,0.003,-0.0411,0.007,0.0028,1026,0.279,349,0.095,25205,0.557,21758,0.481,8858,0.664,8229,0.617,0.05,0.1,0.24,2.2,0.01,0.02,0,0.01,0.13,0.04,Uncertain
"DeKalb County, IN",18033,Micropolitan,"Auburn, IN",Micropolitan,IN,5,43475,1,0.006,0,0,0,0,0,15,35,0,0,-0.12,,0,17,39,0,0,4373,10059,85,196,0,34,ModerateBurden,,Moderate,Moderate,0.046,168,386,1,0.94,-0.029,-0.28,0,0,0.076,233,536,1,0.93,1,3,0,0,0.52,0,0.45,0,0,0,-0.5,,-0.02,-0.04,-0.07,-0.07,0,0,1,37,8,3,1,1,1,1,14771,0.34,12996,0.299,52,0.014,158,0.005,19,0.003,-0.0008,-0.0019,-0.0003,385,0.105,162,0.044,14385,0.436,12834,0.389,5536,0.769,5303,0.737,0.09,0.11,0.17,2.5,0,0.03,0,0,0.23,0.35,Uncertain
"Concordia Parish, LA",22029,Micropolitan,"Natchez, MS-LA",Micropolitan,LA,6,19259,0.386,0.004,0,0,0,0,0,15,78,0,0,0.67,,0,9,47,0,0,1903,9881,61,317,0,0,ModerateBurden,,Substantial,Moderate,0.074,105,545,0,1,0.006,0.12,0,0.01,0.068,94,488,0,0.99,0,0,0,0,0.66,0,0.01,0,0,0,,,0.05,0,-0.01,0,0,0,2,105,12,10,1,1,1,1,4580,0.238,3807,0.198,20,0.013,69,0.005,10,0.003,0.0046,-0.008,0.0006,55,0.036,9,0.006,4525,0.308,3798,0.258,1960,0.572,1664,0.486,0.19,0.27,0.18,2.4,0.4,0.02,0,0,0.91,0.7,Uncertain
"Sevier County, TN",47155,Micropolitan,"Sevierville, TN",Micropolitan,TN,4,98250,1,0.014,0,0,0,0,0,15,15,0,0,1.14,,0,7,7,0,0,13504,13745,176,179,0,70,ModerateBurden,,Moderate,Low,0.021,283,288,1,0.99,-0.018,-0.35,0,-0.01,0.038,433,441,1,1,3,5,0,0,0.76,0.03,0.77,0.12,0.53,0,0.5,,0.12,-0.02,0.31,-0.04,0.19,-0.05,1,58,8,11,1,1,1,1,34294,0.349,27992,0.285,46,0.007,395,0.005,68,0.003,-0.0058,-0.0044,-0.0027,556,0.079,242,0.034,33734,0.431,27749,0.355,13834,0.693,12124,0.607,0.16,0.15,0.2,2.6,0.01,0.06,0,0.01,0.61,0.66,Uncertain
"Cameron Parish, LA",22023,Small metro,"Lake Charles, LA",Metropolitan,LA,6,6973,0.033,0.001,0,0,0,0,0,15,215,0,0,14,-1,0,1,14,1,14.3,621,8906,7,100,0,0,ModerateBurden,,High,Moderate,0,6,86,1,1,0,-0.45,1,0,0,11,158,0,1,0,,0,,,,,,,,,,,,,,,,1,0,0,0,1,1,1,1,824,0.118,736,0.106,1,0.002,11,0.002,2,0.002,0.0019,0.0007,0.0017,4,0.008,3,0.006,820,0.151,733,0.135,314,0.265,302,0.255,0.1,0.1,0.17,2.5,0.04,0.04,0.01,0,0.26,0.28,Uncertain
"Danville city, VA",51590,Micropolitan,"Danville, VA",Micropolitan,VA,3,40044,0.399,0.005,0,0,930,0.023,0,15,37,1,2.5,-0.44,-0.5,0,27,67,2,5,4484,11198,141,352,0,32,ModerateBurden,,Moderate,Substantial,0.056,388,969,0,0.99,-0.017,0.02,-1,-0.01,0.073,381,951,1,1,0,0,20,10,0.69,0.02,0.4,0.02,0.32,0.01,-1,-0.38,0.02,-0.01,-0.1,0,-0.05,0.01,1,200,32,22,1,1,1,1,71,0.002,42,0.001,,,5,0,,,0,0.0002,0,1,0,,,70,0.002,42,0.001,12,0.001,10,0.001,0.1,0.22,0.21,2.2,0.51,0.05,0,0.01,0.96,0.81,Uncertain
"Douglas County, WI",55031,Medium metro,"Duluth, MN-WI",Metropolitan,WI,5,43150,0.149,0.007,0,0,1889,0.044,0,15,35,3,7,-0.5,,0,30,70,0,0,4987,11557,61,141,0,44,ModerateBurden,,Moderate,Substantial,0.029,479,1110,1,0.99,-0.03,-0.29,0,0.01,0.06,672,1557,1,0.98,1,7,0,0,0.84,0.02,,,0,0,-0.75,,0.06,-0.03,,,0,0,1,15,0,4,1,1,1,1,16273,0.377,13054,0.303,56,0.019,174,0.005,37,0.004,0.0021,-0.002,0.0007,560,0.193,256,0.088,15713,0.453,12798,0.369,5585,0.674,4929,0.595,0.06,0.13,0.19,2.2,0.01,0.02,0.02,0.01,0.27,0.41,Uncertain
"Logan County, OK",40083,Large fringe metro,"Oklahoma City, OK",Metropolitan,OK,6,48011,0.034,0.012,0,0,1831,0.038,0,15,31,0,0,0.36,-1,0,11,23,7,14.6,4302,8960,64,133,0,24,ModerateBurden,,Moderate,High,0.022,136,283,1,0.99,-0.08,-0.16,0.5,0,0.102,161,335,0.5,0.99,0,0,1,4,0.42,0,,,0,0,,-0.75,-0.22,0,,,0,0,1,25,0,7,1,1,1,1,12344,0.257,10027,0.209,21,0.005,110,0.003,9,0.001,-0.0015,0.0001,-0.0004,203,0.051,80,0.02,12141,0.327,9947,0.268,4434,0.564,3688,0.469,0.12,0.13,0.16,2.8,0.08,0.07,0.03,0.01,0.3,0.48,Likely Decreasing
"Archuleta County, CO",8007,Non-core,,,CO,8,14029,,0.002,0,0,0,0,0,15,107,0,0,0.25,-1,0,12,86,1,7.1,1001,7135,2,14,0,38,ModerateBurden,,High,Substantial,0.03,126,898,1,0.98,0.023,-0.15,-1,0,0.007,149,1062,2,0.99,1,9,0,0,0.36,0.03,,,0,0,-0.8,,-0.03,-0.13,,,0,0,1,11,0,4,1,1,1,1,3986,0.284,3644,0.26,13,0.015,56,0.005,12,0.003,-0.0079,-0.001,0.0008,179,0.202,107,0.121,3799,0.329,3535,0.306,881,0.23,826,0.215,0.11,0.11,0.27,2.2,0.01,0.18,0.02,0.01,0.26,0.13,Uncertain
"Clark County, OH",39023,Small metro,"Springfield, OH",Metropolitan,OH,5,134083,1,0.011,0,0,1693,0.013,0,15,11,0,0,-0.58,,0,36,27,0,0,14208,10596,304,227,0,59,ModerateBurden,,Moderate,Moderate,0.008,1253,934,1,0.98,-0.018,-0.44,0,0,0.027,2235,1667,1,0.98,4,1,9,3,0.71,0.02,0.88,0.11,0.11,0.02,-0.94,0.79,-0.04,0.01,0.03,0.04,-0.01,0.01,2,277,34,83,1,1,1,1,54702,0.408,51102,0.381,168,0.016,635,0.006,93,0.004,-0.0081,-0.0026,-0.0012,1847,0.178,929,0.09,52851,0.507,50172,0.482,21113,0.798,20483,0.774,0.07,0.16,0.2,2.4,0.09,0.04,0,0.01,0.73,0.65,Uncertain
"Matagorda County, TX",48321,Micropolitan,"Bay City, TX",Micropolitan,TX,6,36643,1,0.001,0,0,0,0,0,15,41,0,0,-0.21,-1,0,19,52,2,5.5,4233,11552,114,311,0,28,ModerateBurdenResolving,,Moderate,Substantial,0.053,179,488,0,0.97,0.013,-0.46,-1,-0.02,0.04,330,901,1,0.99,1,2,0,0,0.54,0.03,0.82,0.18,0.12,0,-0.01,,-0.08,-0.02,0.06,0.18,0.03,0,2,63,4,18,1,1,1,1,,,,,,,,,,,,,,,,,,,,,,,,,,0.2,0.2,0.17,2.7,0.1,0.43,0,0.02,0.91,0.91,Uncertain
"Clarke County, GA",13059,Small metro,"Athens-Clarke County, GA",Metropolitan,GA,4,128331,0.6,0.012,0,1,34930,0.272,0,15,12,1,0.8,-0.46,,0,28,22,0,0,15155,11809,148,115,0,43,ModerateBurden,,Moderate,Moderate,0.011,847,660,0,0.95,-0.007,-0.22,0,0.01,0.018,1092,851,0,0.94,5,1,1,0,0.72,0.02,0.72,0.01,0.3,0,-0.67,-0.67,-0.04,-0.01,-0.07,-0.05,-0.03,-0.01,3,560,82,204,1,1,1,1,20925,0.163,20075,0.156,182,0.027,650,0.006,50,0.003,-0.003,0.0004,0.0006,669,0.099,455,0.067,20253,0.19,19620,0.185,7965,0.549,7697,0.53,0.14,0.31,0.11,2.4,0.28,0.11,0,0.04,0.77,0.25,Uncertain
"Taylor County, KY",21217,Micropolitan,"Campbellsville, KY",Micropolitan,KY,4,25769,0.702,0.006,0,1,9439,0.366,0,15,58,2,7.8,0.15,0,0,13,50,2,7.8,3216,12480,52,202,0,17,ModerateBurden,,Substantial,Substantial,0.057,279,1083,0,1,0.013,-0.2,-1,0,0.044,348,1350,1,1,1,1,0,0,0.34,0.02,0.62,0.04,0,0,-0.8,,0.03,-0.04,0,-0.3,-0.02,0,1,90,8,6,1,1,1,1,9862,0.383,8434,0.327,33,0.018,131,0.007,24,0.005,-0.0011,-0.0036,-0.0028,184,0.1,43,0.023,9678,0.484,8391,0.42,3658,0.776,3321,0.704,0.06,0.24,0.18,2.5,0.05,0.03,0,0.01,0.72,0.59,Uncertain
"McCreary County, KY",21147,Non-core,,,KY,4,17231,,0.004,0,0,0,0,0,15,87,0,0,1.14,-1,0,7,41,1,5.8,2038,11828,33,192,0,0,ModerateBurden,,Substantial,Moderate,0.011,101,586,1,0.9,-0.032,-0.22,0,-0.1,0.042,129,749,1,1,,,,,,,,,,,,,,,,,,,,,,,,,,,5467,0.317,4813,0.279,9,0.007,54,0.004,10,0.004,0.0016,-0.0016,0.0011,51,0.04,13,0.01,5416,0.4,4800,0.355,1757,0.627,1596,0.57,0.05,0.37,0.16,2.5,0.06,0.03,0.01,0,0.88,0.96,Uncertain
"Greenup County, KY",21089,Medium metro,"Huntington-Ashland, WV-KY-OH",Metropolitan,KY,4,35098,0.099,0.008,0,0,0,0,0,15,43,3,8.5,-0.12,2,0,17,48,1,2.8,3669,10454,63,179,0,19,ModerateBurden,,Moderate,Moderate,0.037,361,1029,0,0.99,-0.014,-0.19,0,0,0.05,443,1262,0,0.99,,,,,,,,,,,,,,,,,,,,,,,,,,,12974,0.37,10053,0.286,31,0.011,121,0.004,21,0.003,-0.0315,-0.0003,0.0001,369,0.137,60,0.022,12604,0.457,9993,0.362,4856,0.65,3774,0.505,0.06,0.16,0.21,2.5,0.01,0.01,0,0.01,0.32,0.62,Uncertain
"Washington County, AL",1129,Non-core,"Mobile, AL",Metropolitan,AL,4,16326,0.038,0.003,0,0,0,0,0,15,92,0,0,2.75,,0,4,25,0,0,1702,10425,39,239,0,0,ModerateBurden,,Substantial,Moderate,0.036,53,325,0,1,-0.04,-0.2,0,0,0.076,66,404,0,1,0,0,0,0,0.27,0,,,0,0,,,0.04,0,,,0,0,1,27,0,5,1,1,1,1,4928,0.302,3907,0.239,,,30,0.002,2,0.001,0,0.0006,-0.0016,18,0.013,8,0.006,4909,0.386,3898,0.306,2370,0.736,1899,0.59,0.1,0.21,0.2,2.8,0.23,0.02,0.08,0.01,0.73,0.94,Uncertain
"Henry County, VA",51089,Micropolitan,"Martinsville, VA",Micropolitan,VA,3,50557,0.801,0.006,0,0,0,0,0,15,30,0,0,-0.44,,0,27,53,0,0,4664,9225,124,245,0,17,ModerateBurden,,Moderate,Substantial,0.057,213,421,1,0.97,-0.005,-0.3,0,-0.02,0.062,305,603,1,0.99,,,,,,,,,,,,,,,,,,,,,,,,,,,7118,0.141,5930,0.117,13,0.004,94,0.002,17,0.001,-0.002,-0.0006,-0.0006,117,0.033,50,0.014,6993,0.171,5878,0.144,2980,0.24,2634,0.212,0.12,0.2,0.25,2.4,0.22,0.06,0,0,0.89,0.89,Uncertain
"Gila County, AZ",4007,Micropolitan,"Payson, AZ",Micropolitan,AZ,9,54018,1,0.007,0,0,0,0,0,15,28,0,0,0.15,,0,13,24,0,0,6952,12870,229,424,0,0,ModerateBurden,,Moderate,Moderate,0.015,265,491,1,0.99,-0.003,-0.28,0,-0.01,0.018,370,685,1,1,0,0,2,2,0.33,0,0.23,0,0.01,0,,-0.6,0.04,0,-0.01,0,0,0,3,100,13,35,1,1,1,1,26705,0.494,22937,0.425,29,0.008,146,0.003,39,0.002,-0.0048,-0.0009,0.0002,490,0.14,265,0.076,26211,0.604,22670,0.523,11334,0.714,9969,0.628,0.11,0.22,0.29,2.4,0.01,0.19,0.17,0.01,0.9,0.74,Uncertain
"Guernsey County, OH",39059,Micropolitan,"Cambridge, OH",Micropolitan,OH,5,38875,1,0.003,0,0,0,0,0,15,39,0,0,1.14,,0,7,18,0,0,3228,8304,53,136,0,31,ModerateBurden,,Moderate,Moderate,0.018,300,772,1,0.99,-0.006,-0.22,0,-0.01,0.025,387,995,1,1,2,7,0,0,0.87,0.06,1,0,0.04,0,1.27,,-0.05,0.01,0.12,-0.19,-0.03,-0.02,1,31,6,23,1,1,1,1,13222,0.34,12512,0.322,26,0.009,129,0.004,24,0.003,-0.003,-0.0018,0.0003,188,0.063,92,0.031,13034,0.43,12419,0.41,5720,0.733,5596,0.717,0.08,0.2,0.2,2.4,0.01,0.01,0,0,0.67,0.45,Likely Decreasing
"Callaway County, MO",29027,Small metro,"Jefferson City, MO",Metropolitan,MO,7,44743,0.296,0.007,0,0,1591,0.036,0,15,34,1,2.2,-0.12,,0,17,38,0,0,5034,11251,51,114,0,13,ModerateBurden,,Moderate,Moderate,0.07,245,548,0,0.99,-0.006,-0.34,-1,0.01,0.077,372,831,1,0.98,0,0,0,0,0.03,0,,,0,0,,,0.03,0,,,0,0,1,24,0,2,1,1,1,1,15656,0.35,13403,0.3,38,0.012,205,0.006,19,0.003,-0.0009,0.0005,-0.002,265,0.081,104,0.032,15390,0.435,13299,0.376,5407,0.723,4841,0.647,0.09,0.12,0.17,2.6,0.05,0.02,0,0.01,0.32,0.31,Uncertain
"Livingston County, NY",36051,Large fringe metro,"Rochester, NY",Metropolitan,NY,2,62914,0.059,0.003,0,1,5423,0.086,0,15,24,0,0,-0.44,-1,0,27,43,1,1.6,4512,7172,60,95,0,18,ModerateBurdenResolving,,Moderate,Moderate,0.017,1058,1682,1,0.93,-0.009,-0.25,0,-0.04,0.026,1404,2232,1,0.97,3,7,0,0,0.51,0.02,0.29,0,0.08,0,0.5,,0.01,-0.01,-0.05,0,-0.02,0,1,45,8,7,1,1,1,1,30523,0.485,26664,0.424,148,0.036,408,0.008,66,0.006,-0.0301,-0.0052,-0.0022,1308,0.32,593,0.145,29214,0.563,26070,0.503,9846,0.854,9090,0.788,0.03,0.14,0.18,2.4,0.03,0.04,0,0.01,0.34,0.73,Uncertain
"Montgomery County, NC",37123,Non-core,,,NC,4,27173,,0.003,0,0,0,0,0,15,55,0,0,0.88,-1,0,8,29,2,7.4,3360,12365,96,353,0,21,ModerateBurden,,Substantial,Moderate,0.049,248,913,1,0.99,0.018,-0.17,0,0,0.031,298,1097,1,0.99,0,0,0,0,0.56,0,,,0.07,0,,,-0.11,0,,,0.07,0,1,12,0,2,1,1,1,1,8415,0.31,7056,0.26,23,0.01,65,0.003,13,0.002,0.0031,0.0003,0.0005,113,0.05,42,0.019,8300,0.39,7013,0.33,3836,0.668,3382,0.589,0.14,0.2,0.21,2.5,0.18,0.16,0.01,0.01,0.87,0.92,Uncertain
"McDonald County, MO",29119,Medium metro,,,MO,7,22837,,0.004,0,0,0,0,0,15,66,0,0,-0.25,,0,20,88,0,0,2477,10846,28,123,0,3,ModerateBurden,,Substantial,Substantial,0.025,63,276,2,1,-0.049,-0.81,1,0,0.074,325,1423,1,1,,,,,,,,,,,,,,,,,,,,,,,,,,,4371,0.191,3550,0.155,6,0.003,52,0.003,9,0.003,-0.0055,-0.0019,-0.0011,124,0.062,39,0.02,4246,0.25,3511,0.207,1515,0.425,1368,0.384,0.19,0.19,0.16,2.8,0.02,0.11,0.02,0.01,0.86,0.88,Uncertain
"Wayne County, PA",42127,Non-core,,,PA,3,51361,,0.004,0,0,0,0,0,15,29,0,0,-0.21,,0,19,37,0,0,4119,8020,80,156,0,34,ModerateBurden,,Moderate,Moderate,0.029,349,680,1,0.95,-0.032,-0.35,0,-0.01,0.061,537,1046,1,0.96,12,18,0,0,0.46,0.03,0.46,0,0.03,0,5,,-0.03,0.02,-0.05,0,-0.04,0,1,66,8,11,1,1,1,1,26765,0.521,22113,0.431,53,0.017,433,0.01,97,0.008,-0.0722,-0.002,-0.0008,903,0.29,299,0.096,25856,0.601,21805,0.507,9855,0.781,8345,0.661,0.06,0.12,0.25,2.5,0.03,0.05,0,0.01,0.26,0.42,Uncertain
"Tate County, MS",28137,Large fringe metro,"Memphis, TN-MS-AR",Metropolitan,MS,4,28321,0.021,0.01,0,0,0,0,0,15,53,1,3.5,0.15,0,0,13,46,1,3.5,3419,12072,86,304,0,10,ModerateBurden,,Substantial,Moderate,0.029,82,290,0,1,0.018,-0.31,0,0,0.011,118,417,0,1,,,,,,,,,,,,,,,,,,,,,,,,,,,8016,0.283,6320,0.223,17,0.007,175,0.008,34,0.007,0.0017,0.005,0.0035,98,0.042,34,0.014,7915,0.361,6286,0.287,3217,0.662,2752,0.566,0.12,0.2,0.17,2.6,0.31,0.03,0,0,0.86,0.84,Uncertain
"Butler County, OH",39017,Large fringe metro,"Cincinnati, OH-KY-IN",Metropolitan,OH,5,383134,0.172,0.033,0.001,1,17712,0.046,0,15,4,0,0,-0.86,-1,0.001,104,27,1,0.3,38800,10127,598,156,0,54,LowBurden,,Low,Moderate,0.017,2780,726,1,0.96,-0.007,-0.22,0,-0.02,0.025,3575,933,1,0.98,6,1,12,2,0.75,0.02,0.73,0.06,0.14,0.01,-0.33,-0.37,-0.07,-0.01,-0.06,-0.03,-0.03,-0.01,4,512,98,120,1,1,1,1,162729,0.425,146599,0.383,883,0.028,2198,0.007,244,0.004,-0.0084,-0.0043,-0.0015,6897,0.22,3220,0.103,155829,0.53,143379,0.488,46174,0.797,44045,0.76,0.06,0.13,0.15,2.6,0.09,0.05,0,0.04,0.36,0.54,Uncertain
"Warrick County, IN",18173,Medium metro,"Evansville, IN-KY",Metropolitan,IN,5,62998,0.2,0.009,0,0,0,0,0,15,24,1,1.6,2,,0,5,8,0,0,7840,12445,156,248,0,55,ModerateBurden,,Moderate,Low,0.019,259,411,1,0.98,0.009,-0.27,0,-0.01,0.009,357,567,1,0.99,4,3,2,1,0.5,0,,,0.03,0,1.06,,0.03,0,,,0.02,0,2,159,0,31,1,1,1,1,31726,0.504,28101,0.446,120,0.022,204,0.004,22,0.002,-0.0031,-0.0026,-0.0004,1391,0.253,702,0.128,30334,0.629,27399,0.568,10278,0.912,9912,0.879,0.05,0.08,0.18,2.5,0.02,0.02,0,0.03,0.07,0.05,Uncertain
"Platte County, MO",29165,Large fringe metro,"Kansas City, MO-KS",Metropolitan,MO,7,104418,0.048,0.017,0,0,4215,0.04,0,15,14,0,0,2,,0,5,5,0,0,4215,4037,47,45,0,21,ModerateBurden,,Moderate,Low,0.027,809,775,0,1,0.01,-0.27,0,0,0.017,1106,1059,0,1,2,2,1,1,1,0.07,0.95,0.34,0,0,-0.03,-0.03,0,0.01,0.06,0.19,-0.2,0,1,83,9,5,1,1,1,1,44648,0.428,37273,0.357,234,0.028,429,0.005,39,0.002,-0.0032,-0.0026,-0.001,2401,0.284,924,0.109,42244,0.528,36349,0.455,11929,0.763,10956,0.7,0.06,0.07,0.15,2.5,0.07,0.06,0,0.03,0.1,0.16,Uncertain
"Frederick County, VA",51069,Small metro,"Winchester, VA-WV",Metropolitan,VA,3,89313,0.635,0.01,0,0,0,0,0,15,17,0,0,-0.69,,0,48,54,0,0,8082,9049,102,114,0,45,ModerateBurden,,Moderate,Substantial,0.02,840,941,1,1,-0.015,-0.27,0,0,0.036,1151,1289,1,0.99,,,,,,,,,,,,,,,,,,,,,,,,,,,16004,0.179,12547,0.14,93,0.013,287,0.004,45,0.003,0.0067,-0.0012,-0.0003,538,0.075,221,0.031,15441,0.224,12320,0.179,5396,0.339,4414,0.277,0.1,0.06,0.18,2.7,0.04,0.09,0,0.02,0.18,0.23,Uncertain
"Snyder County, PA",42109,Micropolitan,"Selinsgrove, PA",Micropolitan,PA,3,40372,1,0.003,0,0,2311,0.057,0,15,37,0,0,0.67,-1,0,9,22,1,2.5,3669,9088,85,211,0,44,ModerateBurden,,Moderate,Moderate,0.02,585,1449,1,0.99,0.004,-0.09,0,-0.01,0.015,646,1600,1,0.99,,,,,,,,,,,,,,,,,,,,,,,,,,,16210,0.402,12448,0.308,55,0.018,241,0.008,39,0.005,-0.0126,-0.0037,-0.0013,397,0.128,133,0.043,15813,0.494,12315,0.385,6321,0.802,5262,0.668,0.12,0.11,0.2,2.6,0.01,0.02,0,0.01,0.23,0.24,Likely Decreasing
"Hillsdale County, MI",26059,Micropolitan,"Hillsdale, MI",Micropolitan,MI,5,45605,1,0.005,0,0,1472,0.032,0,15,33,0,0,-0.21,,0,19,42,0,0,4400,9648,92,202,0,39,ModerateBurdenResolving,,Moderate,Substantial,0.033,487,1068,1,0.99,-0.048,-0.13,0,0.01,0.082,560,1228,1,0.98,1,2,0,0,0.41,0.04,0.93,0.32,0.11,0,-0.5,,-0.01,-0.03,0.11,-0.07,-0.14,0,1,55,4,4,1,1,1,1,13790,0.302,12580,0.276,10,0.003,124,0.003,34,0.004,-0.0187,-0.0011,0.0007,296,0.084,158,0.045,13494,0.377,12422,0.347,5852,0.636,5553,0.603,0.08,0.16,0.2,2.5,0.01,0.02,0,0,0.5,0.64,Uncertain
"Lewis County, ID",16061,Non-core,,,ID,10,3838,,0.002,0,0,0,0,0,15,391,0,0,6.5,,0,2,52,0,0,427,11126,10,261,0,0,ModerateBurden,,High,Substantial,0.1,15,391,0.5,1,0.033,-0.38,0.5,0,0.067,24,625,0,1,,,,,,,,,,,,,,,,,,,,,,,,,,,1395,0.363,1232,0.321,,,32,0.011,15,0.015,0,0.0037,0.0078,1,0.003,1,0.003,1394,0.464,1231,0.409,756,0.733,696,0.675,0.15,0.14,0.27,2.3,0.01,0.05,0.06,0.02,0.57,0.76,Uncertain
"Union County, AR",5139,Micropolitan,"El Dorado, AR",Micropolitan,AR,6,38682,1,0.013,0,0,0,0,0,15,39,0,0,0.25,-1,0,12,31,1,2.6,4065,10509,115,297,0,0,ModerateBurden,,Substantial,Moderate,0.094,37,96,0,1,0.042,3.11,0,0,0.051,9,23,0,1,0,0,0,0,1,0,1,0,0.22,0,,,0,0,0,0,0.04,0,1,59,7,7,1,1,1,1,13716,0.355,10657,0.276,17,0.005,136,0.005,27,0.004,0.0029,-0.0017,0.0004,243,0.077,104,0.033,13463,0.458,10550,0.359,5385,0.756,4423,0.621,0.11,0.2,0.18,2.5,0.33,0.04,0,0.01,0.81,0.47,Uncertain
"Rockcastle County, KY",21203,Micropolitan,,,KY,4,16695,,0.004,0,0,0,0,0,15,90,0,0,-0.29,,0,21,126,0,0,1623,9721,23,138,0,9,ModerateBurden,,High,High,0.108,135,809,1,0.98,-0.011,-0.29,1,0,0.119,191,1144,0,0.98,5,17,0,0,0.3,0.02,0.71,0,0.08,0,-0.38,,-0.1,-0.01,0.29,0,-0.03,0,1,30,4,13,1,1,1,1,4768,0.286,4149,0.249,7,0.005,63,0.005,6,0.002,0.0023,-0.0011,-0.001,74,0.056,10,0.008,4694,0.357,4139,0.315,1763,0.563,1652,0.527,0.05,0.21,0.19,2.5,0,0.01,0,0,0.79,0.87,Uncertain
"Baldwin County, GA",13009,Micropolitan,"Milledgeville, GA",Micropolitan,GA,4,44890,0.841,0.004,0,1,9873,0.22,0,15,33,1,2.2,0.15,0,0,13,29,1,2.2,4573,10187,133,296,0,28,ModerateBurden,,Moderate,Moderate,0.047,274,610,0,0.96,0.009,-0.07,0,0,0.038,296,659,0,0.96,18,19,15,16,0.71,0.01,0.64,0,0.1,0,-0.25,-0.21,-0.05,0,-0.15,0,0.1,0,1,93,12,7,1,1,1,1,2571,0.057,2128,0.047,73,0.025,214,0.006,27,0.004,-0.0003,-0.0001,0.0008,162,0.056,39,0.013,2408,0.066,2089,0.057,822,0.111,612,0.083,0.12,0.26,0.16,2.5,0.42,0.02,0,0.02,0.87,0.62,Uncertain
"Walworth County, WI",55127,Micropolitan,"Whitewater, WI",Micropolitan,WI,5,103868,1,0.018,0,1,10626,0.102,0,15,14,1,1,-0.71,-0.67,0,52,50,3,2.9,12466,12002,165,159,0,45,ModerateBurden,,Moderate,Substantial,0.023,993,956,1,1,-0.013,-0.22,0,0,0.036,1278,1230,1,1,2,2,0,0,0.5,0.01,0.48,0.02,0.05,0,-0.33,,-0.01,-0.02,-0.01,-0.04,-0.01,-0.01,2,86,16,22,1,1,1,1,44660,0.43,38772,0.373,197,0.025,488,0.006,62,0.003,0.0068,-0.0018,-0.0006,1488,0.185,623,0.077,43168,0.521,38148,0.461,15643,0.821,14819,0.777,0.08,0.12,0.18,2.5,0.01,0.11,0,0.01,0.27,0.12,Uncertain
"Bell County, KY",21013,Micropolitan,"Middlesborough, KY",Micropolitan,KY,4,26032,1,0.006,0,0,72,0.003,0,15,58,0,0,-0.06,,0,16,61,0,0,3151,12104,56,215,0,0,ModerateBurden,,Substantial,Substantial,0.063,149,572,1,0.97,-0.008,-0.38,0,-0.02,0.071,240,922,1,0.99,3,25,0,0,0.74,0.06,0.45,0.09,0.04,0,-0.57,,0.18,0.02,0.05,0.05,0.04,0,2,12,15,12,1,0.5,1,1,8920,0.343,7890,0.303,6,0.003,97,0.005,18,0.004,-0.0037,-0.0027,-0.001,78,0.042,26,0.014,8842,0.43,7864,0.382,3205,0.624,2958,0.576,0.05,0.37,0.2,2.4,0.02,0.01,0,0,0.89,0.65,Uncertain
"Fulton County, IN",18049,Non-core,,,IN,5,19974,,0.003,0,0,0,0,0,15,75,1,5,0.67,0,0,9,45,1,5,1996,9993,42,210,0,0,ModerateBurden,,High,Moderate,0.117,109,546,1,0.87,0.046,-0.13,0,-0.08,0.071,126,631,1,0.95,0,0,0,0,0.31,0,0.32,0,0,0,-1,,-0.13,-0.01,0.14,-0.04,0,0,1,25,4,6,1,1,1,1,6291,0.315,5493,0.275,10,0.006,54,0.004,10,0.003,-0.0099,-0.0031,-0.002,108,0.067,58,0.036,6183,0.404,5435,0.355,2750,0.692,2580,0.649,0.12,0.14,0.2,2.5,0.01,0.05,0,0.01,0.35,0.57,Likely Decreasing
"Lauderdale County, MS",28075,Micropolitan,"Meridian, MS",Micropolitan,MS,4,74125,0.746,0.025,0,0,0,0,0,15,20,1,1.3,0,0,0,15,20,1,1.3,7250,9781,242,326,0,0,ModerateBurden,,Moderate,Moderate,0.012,79,107,1,0.9,0.012,-0.17,0,-0.09,0,95,128,1,0.99,4,1,0,0,0.69,0.01,0.62,0.07,0.26,0.02,0.44,,-0.05,-0.01,-0.03,-0.02,-0.09,-0.01,6,389,51,60,1,0.83,1,1,26614,0.359,21452,0.289,81,0.013,687,0.012,104,0.008,0.0081,0.0077,0.0065,335,0.056,105,0.017,26276,0.462,21345,0.376,9990,0.759,8541,0.649,0.12,0.22,0.18,2.5,0.44,0.02,0,0.01,0.93,0.66,Likely Decreasing
"Okmulgee County, OK",40111,Medium metro,"Tulsa, OK",Metropolitan,OK,6,38465,0.039,0.01,0,0,1665,0.043,0,14,36,0,0,0.75,-1,0,8,21,3,7.8,3818,9926,81,211,0,16,ModerateBurden,,Moderate,Moderate,0.071,121,315,0,1,-0.001,0.01,0,0,0.072,120,312,0,1,4,7,0,0,0.67,0.01,,,0,0,,,0.06,0.01,,,0,0,3,60,0,7,1,1,1,1,12045,0.313,9934,0.258,11,0.003,69,0.002,15,0.002,0.001,-0.0004,0.0003,135,0.043,54,0.017,11910,0.404,9880,0.335,4846,0.662,4252,0.58,0.16,0.2,0.19,2.6,0.08,0.04,0.17,0,0.87,0.76,Likely Decreasing
"Oscoda County, MI",26135,Non-core,,,MI,5,8241,,0.001,0,0,0,0,0,14,170,1,12.1,0.08,0,0,13,158,1,12.1,690,8373,31,376,0,43,ModerateBurden,,High,High,0.149,74,898,0,1,-0.066,-0.43,0,0.02,0.215,130,1577,0,0.98,,,,,,,,,,,,,,,,,,,,,,,,,,,2973,0.361,2697,0.327,1,0.002,16,0.002,3,0.001,0.0018,-0.0033,-0.0062,9,0.017,15,0.028,2964,0.446,2682,0.404,1589,0.698,1510,0.664,0.13,0.17,0.28,2.2,0,0.02,0.01,0,0.67,0.84,Likely Decreasing
"Franklin County, ME",23007,Non-core,,,ME,1,30199,,0.022,0,0,1564,0.052,0,14,46,0,0,0.4,,0,10,33,0,0,1353,4480,15,50,0,40,ModerateBurden,,Moderate,Moderate,0.024,358,1185,0,0.95,0,-0.14,0,0,0.024,416,1378,0,0.95,0,0,14,41,0.51,0.04,0.5,0,0,0,-1,0.4,0.06,0,0.21,0,-0.06,0,1,34,2,12,1,1,1,1,15330,0.508,13793,0.457,84,0.044,240,0.01,29,0.004,-0.0328,0.0004,-0.0009,557,0.29,189,0.098,14773,0.594,13604,0.547,5754,0.839,5570,0.812,0.09,0.12,0.23,2.4,0.01,0.01,0,0.01,0.22,0.17,Likely Decreasing
"Washington County, KS",20201,Non-core,,,KS,7,5406,,0.002,0,0,0,0,0,14,259,0,0,6,,0,2,37,0,0,550,10174,14,259,0,0,ModerateBurden,,High,High,0.364,12,222,0,1,0.091,0.5,0,0,0.273,8,148,0,1,0,0,0,0,0.21,0,,,0,0,,,0.01,0,,,0,0,2,41,0,3,1,1,1,1,2190,0.405,2025,0.375,5,0.012,12,0.003,2,0.002,-0.0025,-0.006,-0.0023,26,0.065,12,0.03,2164,0.517,2013,0.481,1008,0.779,969,0.749,0.05,0.13,0.24,2.3,0.01,0.04,0,0.01,0.15,0.46,Uncertain
"Garza County, TX",48169,Non-core,,,TX,6,6229,,0,0,0,0,0,0,14,225,0,0,0.75,,0,8,128,0,0,516,8284,22,353,0,0,ModerateBurden,,High,High,0,50,803,0,1,0,-0.12,0,0,0,57,915,0,1,,,,,,,,,,,,,,,,,,,,,,,,,,,,,,,,,,,,,,,,,,,,,,,,,,,,0.18,0.18,0.12,2.7,0.06,0.52,0.01,0,0.72,0.88,Likely Decreasing
"Jefferson County, OH",39081,Small metro,"Weirton-Steubenville, WV-OH",Metropolitan,OH,5,65325,0.563,0.006,0,0,2184,0.033,0,14,21,0,0,-0.46,,0,26,40,0,0,5656,8658,156,239,0,44,ModerateBurden,,Moderate,Moderate,0.017,471,721,1,0.98,-0.027,-0.32,0,0.02,0.044,688,1053,1,0.96,1,1,0,0,0.91,0.01,0.61,0,0.06,0,-0.79,,-0.04,-0.03,-0.19,-0.06,-0.01,-0.02,1,109,20,50,1,1,1,1,24469,0.375,23329,0.357,58,0.013,233,0.004,58,0.004,-0.0043,-0.0024,-0.0008,567,0.127,301,0.067,23900,0.453,23028,0.436,10570,0.733,10320,0.716,0.06,0.18,0.22,2.4,0.05,0.02,0,0,0.55,0.38,Uncertain
"Unallocated, MI",26000,,,,MI,5,,,,,,,,0,14,,2,,-1.05,-3,-0.002,-264,,-1,,29007,,172,,0,,,,,,0.008,2300,,,,-0.015,0.02,,,0.023,2250,,,,,,,,,,,,,,,,,,,,,,,,,,,,,,428060,,243821,,9617,,15952,,2344,,,,,93214,,3233,,334809,,240576,,73893,,68221,,,,,,,,,,,,
"Van Zandt County, TX",48467,Non-core,,,TX,6,56590,,0.002,0,0,0,0,0,14,25,0,0,-0.36,-1,0,22,39,1,1.8,4399,7773,120,212,0,25,ModerateBurden,,Moderate,Moderate,0.07,148,262,1,1,0.029,-0.16,0,0.11,0.041,177,313,1,0.89,,,,,,,,,,,,,,,,,,,,,,,,,,,,,,,,,,,,,,,,,,,,,,,,,,,,0.17,0.14,0.2,2.7,0.03,0.12,0.01,0,0.56,0.75,Uncertain
"Delaware County, OK",40041,Non-core,,,OK,6,43009,,0.011,0,0,0,0,0,14,33,0,0,0.27,-1,0,11,26,3,7,4675,10870,94,219,0,25,ModerateBurden,,Moderate,High,0.077,71,165,1,0.98,-0.052,-0.45,0,-0.02,0.129,128,298,1,1,3,5,1,2,0.24,0.04,0.53,0.1,1,0,0.5,0,-0.07,0.02,-0.3,-0.09,0,0,1,59,6,12,1,1,1,1,12891,0.3,9447,0.22,11,0.003,124,0.004,22,0.002,-0.0013,0.0004,-0.0002,181,0.057,97,0.031,12709,0.369,9350,0.272,6468,0.598,4908,0.454,0.19,0.19,0.25,2.5,0,0.04,0.23,0.01,0.77,0.51,Likely Decreasing
"Bartholomew County, IN",18005,Small metro,"Columbus, IN",Metropolitan,IN,5,83779,1,0.012,0,0,0,0,0,14,17,0,0,-0.07,,0,15,18,0,0,8146,9723,156,186,0,37,ModerateBurden,,Moderate,Moderate,0.008,865,1032,1,0.99,-0.009,-0.17,0,0.04,0.017,1043,1245,1,0.96,2,1,1,1,0.74,0.01,0.6,0,0.03,0,-0.71,-0.5,-0.04,0,-0.05,0,-0.01,0,1,168,17,55,1,1,1,1,38940,0.465,33637,0.401,174,0.026,468,0.007,34,0.002,-0.005,-0.0055,-0.0025,1682,0.254,747,0.113,37257,0.583,32890,0.515,11292,0.815,10829,0.782,0.09,0.13,0.17,2.6,0.02,0.07,0,0.08,0.36,0.27,Uncertain
"Whitley County, IN",18183,Medium metro,"Fort Wayne, IN",Metropolitan,IN,5,33964,0.082,0.005,0,0,0,0,0,14,41,1,2.9,0.08,,0,13,38,0,0,4046,11913,41,121,0,36,ModerateBurden,,Moderate,Substantial,0.061,72,212,1,0.89,-0.021,-0.54,0,-0.09,0.082,155,456,1,0.99,0,0,1,2,0.5,0.05,,,0,0,-1,0,-0.01,-0.03,,,0,0,1,44,0,2,1,1,1,1,12971,0.382,11535,0.34,26,0.009,94,0.004,6,0.001,0.0007,-0.0027,-0.0019,212,0.076,93,0.033,12759,0.487,11442,0.437,5282,0.839,5015,0.796,0.06,0.09,0.19,2.4,0,0.02,0,0.01,0.03,0.24,Uncertain
"Allegany County, MD",24001,Small metro,"Cumberland, MD-WV",Metropolitan,MD,3,70416,0.724,0.012,0,0,4010,0.057,0,14,20,0,0,-0.5,-1,0,28,40,3,4.3,7020,9969,211,300,0,39,ModerateBurden,,Moderate,Moderate,0.019,1195,1697,1,0.98,-0.002,-0.09,0,-0.01,0.021,1312,1863,1,0.99,5,3,0,0,0.81,0.02,0.34,0.04,0.09,0.03,0.67,-1,0.02,-0.01,-0.03,0,-0.11,0,1,195,28,34,1,1,1,1,30818,0.438,27371,0.389,52,0.012,365,0.006,80,0.006,-0.0276,-0.0136,-0.0178,693,0.164,203,0.048,30123,0.517,27166,0.466,11408,0.788,10638,0.735,0.05,0.16,0.21,2.3,0.08,0.02,0,0.01,0.62,0.2,Uncertain
"Waldo County, ME",23027,Non-core,,,ME,1,39715,,0.03,0,0,770,0.019,0,14,35,0,0,-0.12,,0,16,40,0,0,1036,2609,21,53,0,15,ModerateBurdenResolving,,Moderate,Moderate,0.022,359,904,0,0.94,-0.012,-0.07,0,-0.02,0.034,388,977,0,0.96,0,0,8,22,0.57,0,0.5,0,0.06,0,,-0.38,0.02,0,0.11,0,0.03,0,1,36,4,10,1,1,1,1,23007,0.579,20225,0.509,67,0.026,487,0.015,68,0.007,-0.0092,0.0075,0.0033,912,0.349,254,0.097,22094,0.68,19970,0.614,8483,0.916,8097,0.874,0.11,0.14,0.23,2.3,0.01,0.02,0,0.01,0.22,0.19,Uncertain
"Marion County, TN",47115,Medium metro,"Chattanooga, TN-GA",Metropolitan,TN,4,28907,0.051,0.004,0,0,0,0,0,14,48,0,0,1.8,,0,5,17,0,0,3164,10945,47,163,0,5,ModerateBurden,,Moderate,Moderate,0.023,101,349,1,0.98,-0.052,-0.26,0,0,0.075,137,474,1,0.98,,,,,,,,,,,,,,,,,,,,,,,,,,,9239,0.32,7821,0.271,8,0.004,488,0.021,182,0.031,-0.0112,0.016,0.0286,138,0.064,41,0.019,9100,0.399,7780,0.341,4021,0.685,3626,0.618,0.09,0.18,0.2,2.4,0.04,0.02,0,0.01,0.51,0.64,Uncertain
"Cleburne County, AL",1029,Non-core,,,AL,4,14910,,0.003,0,0,0,0,0,14,94,1,6.7,6,,0,2,13,0,0,1518,10181,43,288,0,0,ModerateBurden,,Substantial,Moderate,0.049,55,369,1,0.92,-0.022,0.57,1,-0.08,0.071,35,235,0,1,,,,,,,,,,,,,,,,,,,,,,,,,,,3445,0.231,2882,0.193,,,15,0.001,2,0.001,0,0.0003,0,13,0.011,7,0.006,3432,0.297,2875,0.249,1644,0.547,1429,0.475,0.13,0.18,0.2,2.6,0.03,0.03,0,0,0.54,0.82,Uncertain
"Yuma County, AZ",4027,Small metro,"Yuma, AZ",Metropolitan,AZ,9,213787,1,0.029,0.001,0,0,0,0,14,7,4,1.9,-0.62,3,0,37,17,1,0.5,37257,17427,843,394,0,49,LowBurden,,Low,Moderate,0.02,959,449,0,1,-0.013,-0.17,0,0,0.034,1156,541,0,1,8,4,23,12,1,0.01,0.28,0,0.04,0,0.6,0,0,0,0,0,0,-0.01,1,194,58,83,1,1,1,1,106488,0.498,84822,0.397,653,0.037,1607,0.01,185,0.004,-0.0058,-0.0007,-0.0007,4452,0.252,1841,0.104,102024,0.637,82980,0.518,30389,0.736,26057,0.631,0.13,0.2,0.19,2.8,0.02,0.65,0.01,0.01,0.99,0.56,Uncertain
"Santa Cruz County, AZ",4023,Micropolitan,"Nogales, AZ",Micropolitan,AZ,9,46498,1,0.006,0,0,0,0,0,14,30,0,0,0.4,,0,10,22,0,0,8053,17319,180,387,0,9,ModerateBurden,,Moderate,Moderate,0.036,207,445,1,1,0.012,-0.27,0,0.01,0.024,282,606,1,0.99,0,0,0,0,1,0,,,0,0,,,0,0,,,0,0,1,8,0,5,1,1,1,1,35548,0.765,29235,0.629,217,0.05,474,0.014,30,,-0.0028,-0.0004,0,2552,0.591,1180,0.273,32993,0.967,28054,0.822,8973,0.999,8092,0.942,0.12,0.24,0.18,3,0,0.83,0,0.01,0.93,0.76,Uncertain
"Casey County, KY",21045,Non-core,,,KY,4,16159,,0.004,0,0,0,0,0,14,87,3,18.6,-0.48,,0,27,167,0,0,1499,9277,37,229,0,5,ModerateBurden,,Substantial,High,0.048,83,514,1,1,-0.074,-0.22,0,0.01,0.122,107,662,1,0.99,0,0,0,0,0.85,0,,,0,0,,,-0.05,0,,,-0.05,0,1,24,0,3,1,1,1,1,4248,0.263,3596,0.223,8,0.007,36,0.003,8,0.002,0.0008,-0.0022,-0.0003,41,0.034,14,0.012,4207,0.338,3582,0.288,1845,0.56,1646,0.5,0.1,0.27,0.2,2.4,0.01,0.03,0,0,0.77,0.92,Uncertain
"Adams County, IL",17001,Micropolitan,"Quincy, IL-MO",Micropolitan,IL,5,65435,0.87,0.005,0,0,905,0.014,0,14,21,1,1.5,-0.67,,0,42,64,0,0,8625,13181,125,191,0,11,ModerateBurdenResolving,,Moderate,Substantial,0.014,2000,3056,1,0.99,0.005,-0.26,0,0,0.009,2704,4132,1,1,9,3,11,3,0.69,0.03,0.63,0.05,0.29,0.02,0,0.38,-0.01,-0.01,0.08,-0.05,0.1,-0.06,1,327,30,22,1,1,1,1,29332,0.448,24106,0.368,35,0.007,229,0.005,32,0.002,-0.0312,-0.0019,-0.001,679,0.137,255,0.051,28620,0.565,23851,0.471,11593,0.858,9431,0.698,0.05,0.12,0.21,2.4,0.04,0.02,0,0.01,0.25,0.24,Uncertain
"McDowell County, NC",37111,Micropolitan,"Marion, NC",Micropolitan,NC,4,45756,1,0.004,0,0,0,0,0,14,31,0,0,-0.63,,0,38,83,0,0,5303,11590,63,138,0,4,ModerateBurden,,Moderate,Substantial,0.017,423,924,1,0.99,0.003,-0.37,0,0,0.014,669,1462,1,0.99,0,0,0,0,0.5,0,0.31,0,0.14,0,,,-0.19,0,-0.05,0,-0.01,0,1,30,6,10,1,1,1,1,15640,0.342,14413,0.315,7,0.002,57,0.002,7,0.001,-0.0268,-0.0015,-0.0017,242,0.073,110,0.033,15382,0.42,14300,0.391,7652,0.804,7333,0.771,0.11,0.17,0.21,2.4,0.04,0.06,0,0.01,0.79,0.85,Uncertain
"Columbia County, NY",36021,Micropolitan,"Hudson, NY",Micropolitan,NY,2,59461,1,0.003,0,0,0,0,0,14,24,0,0,0.75,-1,0,8,13,1,1.7,4059,6826,104,175,0,18,ModerateBurden,,Moderate,Moderate,0.003,972,1635,1,0.97,-0.003,-0.18,0,-0.01,0.006,1186,1995,1,0.98,0,0,0,0,0.72,0.03,0.74,0.07,0.23,0.04,-1,,-0.07,-0.04,-0.22,-0.21,-0.03,0.01,1,100,6,11,1,1,1,1,35692,0.6,31658,0.532,249,0.064,438,0.009,80,0.006,0.0176,-0.0078,-0.0123,1330,0.344,608,0.157,34361,0.696,31050,0.629,12283,0.847,11330,0.781,0.05,0.12,0.24,2.3,0.05,0.05,0,0.02,0.39,0.42,Uncertain
"Marshall County, KY",21157,Non-core,,,KY,4,31100,,0.007,0,0,0,0,0,14,45,0,0,-0.36,,0,22,71,0,0,2874,9241,57,183,0,9,ModerateBurden,,Moderate,Substantial,0.026,276,887,0,0.98,-0.003,-0.18,0,0.06,0.03,337,1084,0,0.92,0,0,0,0,0.3,0,0.29,0,0,0,-1,,0.07,-0.01,-0.25,0,0,0,1,25,4,2,1,1,1,1,13009,0.418,11388,0.366,21,0.009,83,0.003,15,0.002,-0.0044,-0.0027,-0.0025,234,0.104,115,0.051,12775,0.517,11273,0.456,5639,0.819,5168,0.751,0.05,0.11,0.22,2.3,0,0.02,0,0,0.27,0.59,Uncertain
"Butts County, GA",13035,Large fringe metro,"Atlanta-Sandy Springs-Alpharetta, GA",Metropolitan,GA,4,24936,0.004,0.002,0,0,0,0,0,14,56,0,0,0.27,-1,0,11,44,1,4,3182,12761,88,353,0,32,ModerateBurden,,Substantial,Moderate,0.017,339,1359,0,0.17,-0.01,-0.34,0,-0.53,0.026,513,2057,0,0.69,1,7,0,0,1,0.03,,,0,0,,,0,0.02,,,0,0,1,15,0,1,1,1,1,1,1756,0.07,1575,0.063,24,0.014,89,0.004,10,0.003,0.0081,-0.0016,-0.0018,50,0.029,21,0.012,1706,0.086,1554,0.078,716,0.182,616,0.156,0.1,0.24,0.16,2.6,0.28,0.04,0,0.01,0.77,0.79,Likely Decreasing
"Cherokee County, KS",20021,Non-core,,,KS,7,19939,,0.007,0,0,0,0,0,14,70,0,0,2.5,,0,4,20,0,0,2508,12578,53,266,0,0,ModerateBurden,,High,Moderate,0.182,45,226,0.5,1,0.137,-0.44,-0.5,0.08,0.045,80,401,1,0.92,0,0,1,4,0.31,0,,,0,0,,-0.76,0.07,0,,,0,0,2,23,0,2,1,1,1,1,6355,0.319,5557,0.279,23,0.014,46,0.003,7,0.002,0.003,-0.0016,-0.001,94,0.056,16,0.009,6261,0.407,5541,0.36,2529,0.644,2347,0.597,0.13,0.14,0.2,2.5,0.01,0.03,0.04,0,0.38,0.5,Uncertain
"Adams County, OH",39001,Non-core,,,OH,5,27698,,0.002,0,0,0,0,0,14,51,0,0,1.8,,0,5,18,0,0,2424,8752,55,199,0,25,ModerateBurden,,Substantial,Moderate,0.047,296,1069,0,1,0.016,-0.05,0,0,0.031,311,1123,0,0.99,1,4,0,0,0.7,0.05,,,0.12,0,-0.67,,0.05,-0.01,,,0.1,0,1,25,0,6,1,1,1,1,7024,0.254,6320,0.228,21,0.009,88,0.004,15,0.003,-0.0047,-0.0026,-0.0004,160,0.068,71,0.03,6862,0.325,6248,0.296,3113,0.609,2918,0.571,0.09,0.23,0.18,2.5,0,0.01,0.01,0,0.77,0.75,Uncertain
"Herkimer County, NY",36043,Medium metro,"Utica-Rome, NY",Metropolitan,NY,2,61319,0.211,0.003,0,0,0,0,0,14,23,0,0,-0.36,,0,22,36,0,0,5180,8448,107,174,0,22,ModerateBurden,,Moderate,Moderate,0.011,767,1251,1,0.96,-0.001,-0.26,0,-0.03,0.012,1033,1685,1,0.99,0,0,0,0,0.5,0.05,,,0,0,-1,,-0.09,-0.02,,,0,0,1,30,0,3,1,1,1,1,28425,0.464,25236,0.412,107,0.023,357,0.007,54,0.004,-0.0107,-0.0053,-0.0015,998,0.218,479,0.105,27426,0.562,24756,0.507,10257,0.788,9627,0.74,0.06,0.15,0.21,2.5,0.01,0.02,0,0.01,0.53,0.59,Uncertain
"Lewis County, NY",36049,Non-core,,,NY,2,26296,,0.001,0,0,0,0,0,14,53,0,0,-0.39,-1,0,23,87,1,3.8,2800,10648,36,137,0,15,ModerateBurdenResolving,,Substantial,Substantial,0.055,249,947,1,0.98,-0.004,-0.26,0,0.02,0.059,338,1285,1,0.96,0,0,0,0,0.69,0.03,0.26,0,0,0,-1,,0.06,-0.03,0.07,0,0,0,1,25,6,11,1,1,1,1,10702,0.407,9525,0.362,29,0.014,114,0.006,14,0.003,-0.0804,-0.0047,-0.0042,407,0.201,85,0.042,10293,0.507,9438,0.465,3825,0.765,3650,0.73,0.07,0.14,0.19,2.6,0.01,0.02,0,0,0.29,0.71,Likely Decreasing
"Camden County, GA",13039,Micropolitan,"St. Marys, GA",Micropolitan,GA,4,54666,1,0.005,0,0,0,0,0,14,26,1,1.8,0.4,,0,10,18,0,0,4017,7348,38,70,0,11,ModerateBurden,,Moderate,Moderate,0.031,370,677,0,0.85,0.004,-0.29,0,-0.03,0.028,522,955,0,0.88,2,5,0,0,0.65,0.11,0.03,0.03,0.13,0.06,1,,0.09,0.09,0.03,0.03,-0.11,0.06,1,40,5,9,1,1,1,1,17773,0.325,15838,0.29,111,0.028,330,0.008,35,0.005,0.007,0.0002,0.0004,400,0.101,155,0.039,17368,0.419,15683,0.378,5845,0.752,5054,0.65,0.12,0.13,0.14,2.6,0.19,0.07,0,0.01,0.52,0.53,Uncertain
"Chesterfield County, SC",45025,Non-core,,,SC,4,45650,,0.009,0,0,0,0,0,14,31,1,2.2,-0.3,,0,20,44,0,0,4901,10736,106,232,0,29,ModerateBurden,,Moderate,Moderate,0.019,330,723,1,0.93,-0.009,-0.15,0,-0.05,0.028,387,848,1,0.98,2,4,0,0,0.46,0.07,0.79,0.24,0.04,0,0,,-0.03,-0.01,0,0.1,-0.39,-0.07,1,48,6,4,1,1,1,1,12575,0.275,10746,0.235,27,0.008,151,0.004,30,0.003,0.002,-0.001,0.0014,156,0.045,77,0.022,12412,0.348,10667,0.299,5304,0.611,4646,0.535,0.12,0.23,0.19,2.5,0.32,0.05,0.01,0.01,0.95,0.82,Uncertain
"Floyd County, IN",18043,Large fringe metro,"Louisville/Jefferson County, KY-IN",Metropolitan,IN,5,78522,0.062,0.012,0,0,3277,0.042,0,14,18,0,0,-0.36,-1,0,22,28,1,1.3,7744,9862,179,228,0,26,ModerateBurden,,Moderate,Moderate,0.018,689,877,1,0.99,-0.013,-0.15,0,-0.01,0.031,807,1028,1,0.99,9,4,7,3,0.83,0.03,0.93,0.03,0.16,0.01,-0.18,0,-0.01,0.01,0.05,-0.04,0.08,-0.01,2,255,32,60,1,1,1,1,36101,0.46,31611,0.403,119,0.019,272,0.004,20,0.002,0.0018,-0.0013,-0.0008,1348,0.218,662,0.107,34753,0.572,30949,0.509,11586,0.896,11060,0.856,0.06,0.1,0.16,2.6,0.05,0.04,0,0.01,0.17,0.12,Uncertain
"Brooke County, WV",54009,Small metro,"Weirton-Steubenville, WV-OH",Metropolitan,WV,3,21939,0.189,0.012,0,0,574,0.026,0,14,64,0,0,1.33,,0,6,27,0,0,2236,10192,60,273,0,27,ModerateBurden,,Substantial,High,0.072,100,456,2,0.95,-0.061,-0.29,0,-0.03,0.133,141,643,2,0.98,,,,,,,,,,,,,,,,,,,,,,,,,,,4192,0.191,3355,0.153,18,0.013,64,0.004,11,0.002,0.0014,-0.0017,-0.0004,132,0.093,41,0.029,4057,0.224,3312,0.183,1759,0.326,1590,0.295,0.05,0.14,0.25,2.2,0.01,0.01,0,0.01,0.33,0.19,Uncertain
"Gurabo Municipio, PR",72063,,"San Juan-Bayamón-Caguas, PR",Metropolitan,PR,2,,,,,0,0,0,0,14,30,0,0,0.08,,0,13,28,0,0,2173,4614,0,0,0,,,,Moderate,Moderate,0.036,458,973,,,0.01,-0.27,,,0.026,627,1331,,,,,,,,,,,,,,,,,,,,,,,,,,,,,20518,0.436,15818,0.336,79,0.024,301,0.008,33,0.004,-0.0543,-0.0135,-0.0106,1060,0.316,397,0.118,19452,0.503,15420,0.399,4641,0.595,3990,0.511,0.07,0.29,,,,,,,,,
"Cattaraugus County, NY",36009,Micropolitan,"Olean, NY",Micropolitan,NY,2,76117,1,0.004,0,0,1885,0.025,0,14,18,1,1.3,-0.55,,0,31,41,0,0,5716,7509,90,118,0,43,ModerateBurden,,Moderate,Moderate,0.014,770,1012,1,0.99,-0.012,-0.03,0,0.01,0.026,790,1038,1,0.98,4,2,0,0,0.6,0.03,0.67,0.18,0.46,0.08,-0.33,,0.01,-0.02,-0.12,-0.15,-0.07,-0.14,1,219,14,17,1,1,1,1,34136,0.448,29362,0.386,170,0.028,468,0.008,69,0.005,-0.0352,-0.0086,-0.0037,1606,0.268,471,0.079,32527,0.547,28890,0.486,11781,0.784,10872,0.724,0.07,0.17,0.2,2.4,0.01,0.02,0.03,0.01,0.73,0.78,Uncertain
"Lincoln County, NM",35027,Non-core,"Ruidoso, NM",Micropolitan,NM,6,19572,1,0.009,0,0,0,0,0,14,72,0,0,1.8,,0,5,26,0,0,1754,8962,18,92,0,21,ModerateBurden,,Substantial,Moderate,0.048,234,1196,1,0.95,0.008,-0.2,-1,0.03,0.04,294,1502,2,0.92,1,4,0,0,0.37,0.02,0.52,0,0,0,0,-1,-0.19,0.01,-0.12,0,-0.01,0,1,25,6,14,1,1,1,1,4919,0.251,5823,0.298,4,0.003,67,0.004,12,0.002,-0.0323,-0.0021,-0.0009,139,0.112,59,0.048,4780,0.299,5764,0.36,1420,0.248,2305,0.403,0.1,0.16,0.29,2.5,0.01,0.34,0.03,0.01,0.48,0.61,Uncertain
"Robertson County, TN",47147,Large fringe metro,"Nashville-Davidson--Murfreesboro--Franklin, TN",Metropolitan,TN,4,71813,0.037,0.011,0,0,0,0,0,14,19,0,0,1.8,,0,5,7,0,0,9849,13715,132,184,0,40,ModerateBurden,,Moderate,Low,0.075,285,397,1,0.98,0.05,-0.35,0,-0.01,0.025,436,607,1,0.99,1,1,9,7,0.35,0.02,0.34,0.07,0.09,0.07,0,0.8,0.02,0.01,0.06,0.05,0.04,0.05,1,124,15,15,1,1,1,1,25784,0.359,21403,0.298,49,0.008,241,0.004,17,0.002,-0.0035,-0.0025,-0.0026,529,0.089,214,0.036,25251,0.46,21189,0.386,8673,0.787,7761,0.704,0.09,0.12,0.15,2.7,0.07,0.07,0,0.01,0.43,0.7,Uncertain
"East Feliciana Parish, LA",22037,Medium metro,"Baton Rouge, LA",Metropolitan,LA,6,19135,0.022,0.004,0,0,0,0,0,14,73,0,0,0.4,,0,10,52,0,0,3222,16838,112,585,0,6,ModerateBurden,,Substantial,Substantial,0.003,787,4113,0,1,-0.008,-0.18,0,0,0.011,954,4986,0,1,,,,,,,,,,,,,,,,,,,,,,,,,,,5266,0.275,4666,0.244,12,0.01,36,0.002,6,0.002,0.0042,-0.0006,-0.0003,47,0.039,13,0.011,5219,0.332,4653,0.296,2164,0.616,2035,0.579,0.1,0.19,0.18,2.3,0.42,0.02,0,0,0.82,0.73,Uncertain
"Henderson County, TX",48213,Micropolitan,"Athens, TX",Micropolitan,TX,6,82737,1,0.003,0,0,0,0,0,14,17,2,2.4,-0.33,0,0,21,25,2,2.4,5988,7237,193,233,0,19,ModerateBurden,,Moderate,Moderate,0.053,292,353,1,0.99,-0.008,-0.01,0,0.01,0.061,294,355,1,0.98,0,0,2,3,0.73,0,0.79,0,0.17,0,,-0.66,-0.03,-0.01,-0.07,0,-0.01,0,1,64,7,28,1,1,1,1,,,,,,,,,,,,,,,,,,,,,,,,,,0.19,0.17,0.22,2.6,0.06,0.14,0.01,0.01,0.72,0.75,Uncertain
"Nome Census Area, AK",2180,Non-core,,,AK,10,10004,,0.014,0,0,0,0,0,14,140,0,0,,,0,0,0,0,0,382,3818,0,0,0,0,ModerateBurden,,High,Low,0.005,1840,18393,0,1,-0.004,-0.05,0,0,0.01,1940,19392,0,1,1,6,0,0,0.52,0.02,,,0,0,,,-0.02,0.02,,,0,0,1,18,0,11,1,1,1,1,5713,0.571,5297,0.529,39,0.038,37,0.006,3,0.004,0.0068,0,-0.0025,599,0.585,411,0.401,5083,0.777,4878,0.745,714,0.889,695,0.866,0.23,0.23,0.08,3.3,0.01,0.03,0.74,0.01,0.93,0.77,Uncertain
"Clay County, AL",1027,Non-core,,,AL,4,13235,,0.003,0,0,0,0,0,14,106,2,15.1,,,0,0,0,0,0,1592,12029,59,446,0,23,ModerateBurden,,High,Low,0.068,61,461,1,0.94,0.038,-0.23,0,-0.06,0.03,79,597,1,1,0,0,0,0,0.19,0,0.11,0,0,0,,,-0.11,0,0,0,0,0,1,34,4,4,1,1,1,1,4193,0.317,3185,0.241,,,23,0.002,2,0.001,0,-0.0003,-0.0011,8,0.009,4,0.004,4183,0.396,3181,0.301,1877,0.674,1363,0.489,0.1,0.18,0.21,2.5,0.13,0.03,0,0,0.56,0.74,Likely Decreasing
"Grundy County, IL",17063,Large fringe metro,"Chicago-Naperville-Elgin, IL-IN-WI",Metropolitan,IL,5,51054,0.005,0.004,0,0,0,0,0,14,27,0,0,-0.26,,0,19,37,0,0,5972,11697,76,149,0,26,ModerateBurden,,Moderate,Moderate,0.02,738,1446,0,1,-0.011,-0.39,0,0,0.032,1217,2384,0,1,2,2,0,0,0.5,0.01,0.6,0.02,0.4,0,0,,-0.02,0,-0.06,0.02,0.1,0,1,89,17,9,1,1,1,1,25341,0.496,16814,0.329,136,0.029,364,0.01,35,0.005,0.0019,-0.0039,-0.0016,1142,0.245,430,0.092,24147,0.631,16381,0.428,7221,0.971,4950,0.665,0.04,0.09,0.15,2.6,0.02,0.11,0,0.01,0.08,0.43,Uncertain
"Arkansas County, AR",5001,Non-core,,,AR,6,17486,,0.006,0,0,0,0,0,14,80,0,0,1,,0,7,40,0,0,2139,12233,37,212,0,0,ModerateBurden,,Substantial,High,0.083,45,257,0,1,-0.067,2.21,0,0,0.15,14,80,0,1,4,1,7,2,0.59,0.05,,,0.24,0.05,0,0.17,0,0.01,,,0.07,0.02,3,318,0,41,1,0.67,1,1,6816,0.39,5856,0.335,13,0.01,50,0.004,8,0.002,0.0054,-0.0012,0.0003,103,0.079,50,0.038,6710,0.498,5806,0.431,2563,0.722,2298,0.647,0.07,0.2,0.2,2.3,0.25,0.03,0,0.01,0.78,0.86,Uncertain
"Cleburne County, AR",5023,Non-core,,,AR,6,24919,,0.008,0,0,0,0,0,14,56,0,0,0,,0,14,56,0,0,2027,8134,74,297,0,0,ModerateBurden,,Substantial,High,0.098,48,193,0,1,-0.073,4.33,-1,0,0.171,9,36,1,1,0,0,3,25,0.21,0,,,0,0,,-0.25,-0.27,0,,,0,0,1,12,0,6,1,1,1,1,8200,0.329,7061,0.283,8,0.005,89,0.004,19,0.003,0.0006,-0.0005,0.001,76,0.044,34,0.02,8123,0.402,7026,0.347,4403,0.648,3996,0.589,0.09,0.15,0.27,2.3,0,0.02,0.01,0,0.21,0.61,Uncertain
"Albemarle County, VA",51003,Small metro,"Charlottesville, VA",Metropolitan,VA,3,109330,0.5,0.013,0,1,22509,0.206,0,14,13,0,0,0.56,,0,9,8,0,0,5809,5313,83,76,0,39,ModerateBurden,,Moderate,Low,0.019,694,635,1,0.96,0.006,-0.41,0,-0.01,0.013,1167,1067,1,0.97,4,3,7,4,0.64,0.03,0.3,0.01,0.36,0,-0.5,-0.61,-0.07,-0.01,-0.07,0.01,-0.02,0,1,158,26,57,1,1,1,1,25666,0.235,20815,0.19,102,0.014,207,0.002,29,0.001,-0.0105,-0.0013,-0.0004,1791,0.245,964,0.132,23752,0.271,19816,0.226,6645,0.314,5670,0.268,0.07,0.1,0.19,2.4,0.09,0.06,0,0.05,0.17,0.1,Likely Decreasing
"Randolph County, AL",1111,Non-core,,,AL,4,22722,,0.005,0,0,0,0,0,13,57,0,0,2.25,,0,4,18,0,0,1859,8181,43,189,0,9,ModerateBurden,,Substantial,Substantial,0.062,64,282,1,0.81,-0.03,-0.55,0,-0.03,0.093,142,625,1,0.85,0,0,0,0,0.33,0,,,0,0,,,0.11,0,,,0,0,1,16,0,3,1,1,1,1,5902,0.26,4837,0.213,,,18,0.001,6,0.001,0,-0.0006,0,8,0.005,3,0.002,5894,0.329,4834,0.27,2832,0.597,2426,0.512,0.11,0.18,0.21,2.6,0.19,0.03,0,0,0.72,0.93,Uncertain
"Isabella County, MI",26073,Micropolitan,"Mount Pleasant, MI",Micropolitan,MI,5,69872,1,0.007,0,1,15966,0.229,0,13,19,2,2.9,-0.62,-0.33,0,34,49,3,4.3,6316,9039,98,140,0,45,ModerateBurdenResolving,,Moderate,Moderate,0.018,524,750,0,0.99,-0.022,-0.27,0,0.01,0.04,721,1032,0,0.98,2,4,0,0,0.54,0.07,0.73,0.29,0.12,0.12,-0.5,,0.02,-0.01,-0.04,-0.07,0.04,0.05,1,49,8,11,1,1,1,1,25063,0.359,22445,0.321,26,0.006,194,0.003,27,0.003,0.001,-0.0017,0,397,0.095,401,0.096,24665,0.427,22043,0.382,6901,0.747,6665,0.721,0.09,0.27,0.13,2.6,0.03,0.04,0.03,0.02,0.6,0.41,Uncertain
"Gasconade County, MO",29073,Non-core,,,MO,7,14706,,0.002,0,0,0,0,0,13,88,0,0,-0.13,,0,15,102,0,0,1574,10703,46,313,0,0,ModerateBurden,,High,High,0.132,100,680,0,1,0.041,-0.16,0,0,0.092,119,809,0,1,1,7,0,0,0.34,0.04,,,0,0,,,-0.05,0.04,,,0,0,1,14,0,2,1,1,1,1,5680,0.386,5149,0.35,12,0.011,38,0.003,13,0.004,0.0018,-0.0007,0.0012,89,0.081,47,0.043,5591,0.479,5102,0.437,2756,0.812,2579,0.759,0.07,0.1,0.23,2.4,0.01,0.02,0,0,0.09,0.38,Uncertain
"Morton County, ND",38059,Small metro,"Bismarck, ND",Metropolitan,ND,8,31364,0.243,0.041,0,0,0,0,0,13,41,0,0,-0.13,-1,0,15,48,1,3.2,5326,16981,101,322,0,37,ModerateBurden,,Moderate,Moderate,0.027,260,829,0,1,0.007,-0.04,0,0,0.02,270,861,0,1,0,0,0,0,0.63,0,,,0,0,,,-0.04,0,,,0,0,1,23,0,5,1,1,1,1,10851,0.346,9486,0.302,11,0.005,61,0.003,3,0.001,-0.0032,-0.0008,-0.0009,158,0.072,80,0.036,10684,0.443,9405,0.39,4007,0.753,3617,0.68,0.06,0.08,0.17,2.2,0.01,0.04,0.03,0,0.1,0.15,Uncertain
"St. Mary's County, MD",24037,Small metro,"California-Lexington Park, MD",Metropolitan,MD,3,113510,1,0.019,0,0,1533,0.014,0,13,11,0,0,-0.19,-1,0,16,14,5,4.4,6036,5318,130,115,0,33,ModerateBurden,,Moderate,Moderate,0.017,1184,1043,1,0.96,-0.007,-0.31,0,-0.02,0.024,1706,1503,1,0.98,3,3,104,104,0.83,0.05,0.82,0.29,0.2,0.17,-0.04,0.14,0.03,-0.01,0,-0.14,0.01,-0.01,1,100,7,12,1,1,1,1,59164,0.521,52019,0.458,145,0.015,644,0.007,55,0.004,-0.012,-0.0044,-0.0016,3217,0.343,1791,0.191,55946,0.647,50228,0.581,13547,0.891,12594,0.829,0.06,0.08,0.13,2.7,0.14,0.06,0,0.03,0.21,0.09,Uncertain
"Fayette County, TN",47047,Large fringe metro,"Memphis, TN-MS-AR",Metropolitan,TN,4,41133,0.031,0.006,0,0,0,0,0,13,32,1,2.4,0,-0.75,0,13,32,4,9.7,5170,12569,84,204,0,23,ModerateBurden,,Moderate,Moderate,0.071,259,630,1,0.98,0.018,-0.32,0,0.03,0.053,382,929,1,0.95,,,,,,,,,,,,,,,,,,,,,,,,,,,17202,0.418,13580,0.33,27,0.01,176,0.005,25,0.003,-0.0019,-0.0013,-0.0003,295,0.11,111,0.041,16903,0.504,13469,0.402,6791,0.748,5812,0.64,0.08,0.14,0.22,2.5,0.27,0.03,0,0.01,0.26,0.44,Uncertain
"Roscommon County, MI",26143,Non-core,,,MI,5,24019,,0.002,0,0,0,0,0,13,54,3,12.5,1.6,,0,5,21,0,0,1895,7890,53,221,0,63,ModerateBurden,,Substantial,Moderate,0.036,202,841,0,0.98,0.012,-0.26,0,0.02,0.024,274,1141,0,0.96,,,,,,,,,,,,,,,,,,,,,,,,,,,11426,0.476,10428,0.434,5,0.004,59,0.003,13,0.002,0,-0.0021,-0.0009,68,0.052,54,0.042,11357,0.555,10374,0.507,5922,0.741,5579,0.698,0.08,0.18,0.33,2.2,0.01,0.02,0.01,0.01,0.46,0.79,Uncertain
"Wasatch County, UT",49051,Micropolitan,"Heber, UT",Micropolitan,UT,8,34091,0.447,0.011,0,0,0,0,0,13,38,0,0,0.08,,0,12,35,0,0,4686,13746,22,65,0,0,ModerateBurden,,Moderate,Moderate,0.047,324,950,1,1,0,0.17,0,0.01,0.047,276,810,1,0.99,0,0,0,0,0.37,0,,,0,0,-1,,-0.15,-0.01,,,0,0,1,14,0,8,1,1,1,1,14837,0.435,10609,0.311,67,0.018,142,0.006,9,0.002,-0.0019,-0.0006,0.0005,726,0.192,298,0.079,14105,0.597,10307,0.436,3508,0.837,2405,0.574,0.09,0.07,0.12,3.2,0.01,0.14,0,0.01,0.06,0.03,Uncertain
"Cass County, IL",17017,Non-core,,,IL,5,12147,,0.001,0,0,0,0,0,13,107,0,0,0,,0,13,107,0,0,2028,16695,27,222,0,0,ModerateBurden,,High,High,0.011,178,1465,0,0.94,-0.003,-0.05,-1,-0.06,0.014,187,1539,1,1,,,,,,,,,,,,,,,,,,,,,,,,,,,5496,0.452,4569,0.376,25,0.024,77,0.008,9,0.004,-0.0302,-0.0012,0.0018,260,0.253,96,0.094,5225,0.569,4471,0.487,1707,0.77,1554,0.701,0.07,0.14,0.18,2.5,0.04,0.19,0,0.01,0.7,0.78,Likely Decreasing
"Dale County, AL",1045,Micropolitan,"Ozark, AL",Micropolitan,AL,4,49172,1,0.01,0,0,0,0,0,13,26,0,0,0.3,,0,10,20,0,0,4915,9996,114,232,0,14,ModerateBurden,,Moderate,Moderate,0.04,216,439,0,1,-0.001,-0.21,0,0.01,0.041,274,557,0,0.99,0,0,0,0,0.34,0.02,0.34,0,0.06,0,,,-0.07,0,-0.48,-0.2,-0.11,0,1,51,5,5,1,1,1,1,17854,0.363,15239,0.31,,,68,0.002,10,0.001,-0.0011,-0.0049,-0.0004,93,0.026,46,0.013,17760,0.468,15193,0.4,5895,0.693,5319,0.626,0.11,0.19,0.17,2.6,0.2,0.07,0.01,0.01,0.76,0.83,Uncertain
"Fayette County, AL",1057,Non-core,,,AL,4,16302,,0.003,0,0,0,0,0,13,80,0,0,0.18,,0,11,67,0,0,2160,13250,62,380,0,0,ModerateBurden,,High,Substantial,0.165,149,914,0,0.97,0.067,0.02,0,-0.03,0.098,146,896,0,1,0,0,0,0,0.63,0.02,0.14,0,0,0,-1,,-0.2,-0.02,0.07,0,0,0,1,18,2,3,1,1,1,1,4186,0.257,3502,0.215,,,13,0.001,,,-0.0009,-0.0009,-0.0011,14,0.012,9,0.008,4171,0.324,3493,0.271,2079,0.586,1808,0.51,0.09,0.2,0.22,2.3,0.12,0.02,0,0,0.7,0.64,Uncertain
"Franklin County, IL",17055,Non-core,,,IL,5,38469,,0.003,0,0,0,0,0,13,34,1,2.6,-0.52,,0,27,70,0,0,4533,11784,77,200,0,23,ModerateBurden,,Moderate,Substantial,0.031,545,1417,0,1,-0.019,-0.23,-1,0,0.05,710,1846,1,1,0,0,0,0,0.17,0,,,0,0,,,-0.07,0,,,0,0,1,16,0,8,1,1,1,1,13462,0.35,9981,0.259,25,0.008,138,0.005,16,0.002,-0.0034,-0.0029,-0.0029,252,0.085,87,0.029,13198,0.44,9893,0.33,6134,0.764,4685,0.584,0.07,0.2,0.21,2.4,0.01,0.02,0,0,0.61,0.91,Uncertain
"San Miguel County, CO",8113,Non-core,,,CO,8,8179,,0.001,0,0,0,0,0,13,159,0,0,1.6,,0,5,61,0,0,901,11016,0,0,0,0,ModerateBurden,,High,Substantial,0.275,41,501,0,0.96,0.18,-0.86,0,0,0.094,289,3533,0,0.96,,,,,,,,,,,,,,,,,,,,,,,,,,,4607,0.563,4055,0.496,17,0.033,74,0.011,1,0.001,0.0134,0.0064,-0.0008,331,0.635,108,0.207,4263,0.63,3946,0.583,341,0.27,451,0.357,0.08,0.09,0.15,2.3,0.01,0.11,0.01,0.01,0.03,0,Uncertain
"Deaf Smith County, TX",48117,Micropolitan,"Hereford, TX",Micropolitan,TX,6,18546,1,0.001,0,0,0,0,0,13,70,1,5.4,-0.48,,0,25,135,0,0,2871,15480,67,361,0,0,ModerateBurden,,Substantial,High,0.048,34,183,0,0.85,0,-0.19,0,-0.13,0.048,42,226,0,0.98,0,0,0,0,0.15,0,0,0,0,0,,,0.01,0,0,0,0,0,1,26,2,13,1,1,1,1,,,,,,,,,,,,,,,,,,,,,,,,,,0.2,0.17,0.13,3,0.01,0.74,0,0.01,0.84,0.83,Likely Decreasing
"Conejos County, CO",8021,Non-core,,,CO,8,8205,,0.001,0,0,0,0,0,13,158,3,36.6,-0.38,2,0,21,256,1,12.2,688,8385,16,195,0,13,ModerateBurden,,High,High,0.083,187,2279,1,1,-0.001,-0.23,0,0,0.084,244,2974,1,1,0,0,0,0,0.35,0,,,0,0,,,0,0,,,0,0,1,12,0,1,1,1,1,1,1554,0.189,1851,0.226,26,0.036,61,0.01,13,0.008,0.0252,0.0023,0.0043,82,0.115,18,0.025,1471,0.24,1833,0.298,312,0.191,662,0.405,0.13,0.22,0.2,2.6,0.01,0.51,0.01,0,0.93,0.73,Uncertain
"Pettis County, MO",29159,Micropolitan,"Sedalia, MO",Micropolitan,MO,7,42339,1,0.007,0,0,0,0,0,13,31,0,0,0.44,,0,9,21,0,0,5183,12242,77,182,0,21,ModerateBurden,,Moderate,Moderate,0.013,254,600,0,0.97,-0.022,-0.34,0,-0.02,0.035,387,914,0,1,0,0,5,8,0.77,0.03,0.52,0.05,0.16,0,-1,-0.51,-0.02,0.02,0.11,0.05,-0.01,0,1,66,9,11,1,1,1,1,13144,0.31,11622,0.274,17,0.005,140,0.004,15,0.002,-0.0026,0.0005,0.0007,227,0.065,97,0.028,12916,0.405,11525,0.361,4799,0.662,4509,0.622,0.13,0.17,0.17,2.6,0.03,0.09,0,0.01,0.8,0.75,Uncertain
"Fayette County, IL",17051,Non-core,,,IL,5,21336,,0.002,0,0,0,0,0,13,61,0,0,0.62,,0,8,37,0,0,3213,15059,55,258,0,0,ModerateBurden,,Substantial,Moderate,0.028,279,1308,1,1,0.022,-0.51,0,0.01,0.006,568,2662,1,0.99,0,0,0,0,0.32,0,0,0,0,0,-1,,-0.27,-0.03,0,0,0,0,1,23,2,4,1,1,1,1,5610,0.263,4352,0.204,9,0.006,78,0.005,18,0.004,0.0026,-0.0036,-0.0022,66,0.042,24,0.015,5542,0.328,4328,0.256,2718,0.657,2183,0.528,0.08,0.18,0.19,2.6,0.04,0.02,0,0,0.59,0.52,Likely Decreasing
"Greene County, IN",18055,Non-core,,,IN,5,31922,,0.005,0,0,0,0,0,13,41,0,0,0.3,,0,10,31,0,0,2852,8934,85,266,0,20,ModerateBurden,,Moderate,Moderate,0.062,200,627,1,0.92,0.01,-0.21,0,0.04,0.052,252,789,1,0.88,1,4,0,0,0.36,0.03,0.17,0,0,0,,,-0.05,-0.06,0.11,0,0,0,1,25,5,5,1,1,1,1,10008,0.314,8956,0.281,19,0.007,89,0.004,13,0.002,-0.0089,-0.0024,0,236,0.092,118,0.046,9772,0.39,8838,0.353,3988,0.63,3815,0.602,0.09,0.14,0.2,2.5,0,0.02,0,0,0.44,0.36,Uncertain
"Crockett County, TX",48105,Non-core,,,TX,6,3464,,0,0,0,0,0,0,13,375,0,0,12,,0,1,29,0,0,589,17003,15,433,0,0,ModerateBurden,,High,Moderate,0,9,260,0,1,0,0.5,-2,0.25,0,6,173,2,0.75,,,,,,,,,,,,,,,,,,,,,,,,,,,,,,,,,,,,,,,,,,,,,,,,,,,,0.15,0.21,0.18,2.6,0.01,0.66,0.01,0.01,0.69,0.96,Uncertain
"Coffee County, GA",13069,Micropolitan,"Douglas, GA",Micropolitan,GA,4,43273,0.841,0.004,0,0,1580,0.037,0,13,30,2,4.6,1.6,,0,5,12,0,0,5322,12299,174,402,0,0,ModerateBurden,,Moderate,Moderate,0.065,91,210,0,0.88,0.041,-0.38,0,0.04,0.024,147,340,0,0.84,5,5,0,0,0.91,0.03,0.39,0.04,0.17,0.01,4,,0.03,0.02,0.03,0.04,0.11,0.01,1,111,25,19,1,1,1,1,8419,0.195,7210,0.167,30,0.009,163,0.005,21,0.003,0.0067,-0.0022,-0.0008,91,0.026,37,0.011,8325,0.255,7173,0.219,2858,0.469,2638,0.433,0.19,0.22,0.14,2.7,0.28,0.12,0,0.01,0.95,0.94,Uncertain
"Stillwater County, MT",30095,Non-core,"Billings, MT",Metropolitan,MT,8,9642,0.053,0.009,0,0,0,0,0,13,135,0,0,3.33,,0,3,31,0,0,742,7695,14,145,0,0,ModerateBurden,,High,Moderate,0.121,68,705,2,0.89,0.089,0.19,1,-0.11,0.032,57,591,1,1,3,31,0,0,0.57,0,,,,,2.13,,0.1,0,,,,,1,10,0,0,1,1,1,1,3334,0.346,3030,0.314,7,0.009,57,0.007,5,0.002,0.0049,0.0029,-0.0018,27,0.033,11,0.013,3307,0.435,3019,0.397,1640,0.723,1541,0.679,0.07,0.06,0.24,2.5,0,0.04,0.01,0,0.04,0.01,Uncertain
"Pickaway County, OH",39129,Large fringe metro,"Columbus, OH",Metropolitan,OH,5,58457,0.028,0.005,0,0,2448,0.042,0,13,22,0,0,0,,0,13,22,0,0,8642,14784,122,209,0,24,ModerateBurden,,Moderate,Moderate,0.011,1277,2185,1,0.94,0.003,-0.25,0,0.08,0.007,1692,2894,1,0.86,3,5,0,0,0.36,0.04,0.55,0.23,0,0,0,,-0.01,0.02,0.16,0.12,-0.02,0,1,64,8,12,1,1,1,1,21777,0.373,20283,0.347,85,0.019,329,0.007,31,0.003,-0.0199,-0.0029,-0.0019,614,0.137,251,0.056,21161,0.46,20032,0.435,7329,0.784,7087,0.758,0.07,0.12,0.16,2.7,0.04,0.01,0,0.01,0.28,0.31,Uncertain
"Manitowoc County, WI",55071,Micropolitan,"Manitowoc, WI",Micropolitan,WI,5,78981,1,0.014,0,0,307,0.004,0,13,16,0,0,-0.32,-1,0,19,24,1,1.3,8907,11277,91,115,0,23,ModerateBurden,,Moderate,Moderate,0.013,571,723,0,1,-0.006,-0.3,-1,0,0.018,820,1038,1,1,1,1,0,0,0.42,0.02,0.55,0,0,0,-0.66,,0,0,-0.16,-0.02,0,0,2,97,8,37,1,1,1,1,37545,0.475,33987,0.43,91,0.015,350,0.006,34,0.002,-0.0093,-0.0022,-0.0013,1062,0.18,576,0.097,36481,0.581,33411,0.532,14429,0.865,13876,0.832,0.04,0.11,0.21,2.3,0.01,0.04,0.01,0.03,0.16,0.05,Uncertain
"Silver Bow County, MT",30093,Micropolitan,"Butte-Silver Bow, MT",Micropolitan,MT,8,34915,1,0.033,0,0,1552,0.044,0,13,37,0,0,0.08,,0,12,34,0,0,4129,11826,86,246,0,0,ModerateBurden,,Moderate,Moderate,0.029,220,630,1,0.99,0.013,-0.11,0,0.05,0.016,247,707,1,0.94,5,7,15,20,0.69,0.01,0.32,0,0.06,0,,1.14,-0.23,0.01,-0.36,-0.03,-0.06,0,1,75,11,24,1,1,1,1,17510,0.502,15840,0.454,41,0.018,294,0.011,44,0.006,0.0075,0.0051,0.0043,740,0.325,310,0.136,16767,0.602,15529,0.558,5838,0.858,5502,0.808,0.08,0.19,0.19,2.2,0.01,0.05,0.02,0.01,0.53,0.07,Uncertain
"Mecosta County, MI",26107,Micropolitan,"Big Rapids, MI",Micropolitan,MI,5,43453,1,0.004,0,1,8916,0.205,0,13,30,2,4.6,-0.28,,0,18,41,0,0,3199,7362,34,78,0,45,ModerateBurden,,Moderate,Moderate,0.023,359,826,0,0.97,-0.038,-0.13,0,-0.02,0.061,412,948,0,0.99,2,6,0,0,0.58,0.05,0.71,0.18,0.04,0,-0.5,-1,-0.13,-0.08,-0.21,-0.18,-0.07,-0.05,1,34,4,8,1,1,1,1,14075,0.324,12956,0.298,4,0.001,95,0.003,15,0.002,0,-0.0011,-0.0021,165,0.058,170,0.06,13909,0.393,12786,0.361,5467,0.675,5166,0.638,0.07,0.21,0.19,2.5,0.03,0.02,0.01,0.01,0.6,0.42,Uncertain
"Sawyer County, WI",55113,Non-core,,,WI,5,16558,,0.003,0,0,0,0,0,13,79,0,0,-0.28,,0,18,109,0,0,1845,11143,28,169,0,15,ModerateBurden,,High,High,0.101,194,1172,0,1,0.013,-0.38,0,0,0.089,313,1890,0,1,2,8,2,8,0.46,0.02,,,0,0,0.84,-0.82,-0.08,-0.02,,,0,0,1,25,0,3,1,1,1,1,8136,0.491,7308,0.441,33,0.03,74,0.006,12,0.003,0.0227,-0.0001,-0.0009,317,0.287,159,0.144,7818,0.584,7149,0.534,3667,0.83,3490,0.79,0.08,0.17,0.27,2.1,0.01,0.03,0.16,0,0.43,0.31,Uncertain
"Ketchikan Gateway Borough, AK",2130,Micropolitan,"Ketchikan, AK",Micropolitan,AK,10,13901,1,0.019,0,0,0,0,0,13,94,0,0,-0.32,,0,19,137,0,0,667,4798,2,14,0,10,ModerateBurdenResolving,,Substantial,High,0.011,434,3122,0,1,-0.026,-0.42,0,0.04,0.038,744,5352,0,0.96,0,0,0,0,0.5,0,0.48,0.07,0,0,-1,,0.21,0,0.48,0.07,0,0,1,25,6,17,1,1,1,1,7183,0.517,6497,0.467,29,0.027,80,0.007,7,0.003,0.0265,-0.0019,0,301,0.285,191,0.181,6876,0.632,6305,0.579,1827,0.797,1775,0.775,0.13,0.11,0.16,2.5,0.01,0.06,0.13,0.08,0.55,0.24,Uncertain
"Henderson County, TN",47077,Non-core,,,TN,4,28117,,0.004,0,0,0,0,0,13,46,0,0,0.62,-1,0,8,28,1,3.6,3840,13657,77,274,0,37,ModerateBurden,,Moderate,High,0,24,85,1,1,-0.128,-0.62,0,0.04,0.128,63,224,1,0.96,0,0,0,0,0.43,0.01,,,0,0,-1,,-0.09,-0.01,,,0,0,1,21,0,2,1,1,1,1,8570,0.305,7147,0.254,6,0.003,68,0.003,12,0.002,-0.0018,-0.0011,-0.0009,87,0.039,22,0.01,8482,0.39,7125,0.327,3755,0.705,3344,0.628,0.09,0.19,0.19,2.6,0.08,0.02,0,0,0.7,0.65,Uncertain
"Stewart County, GA",13259,Non-core,"Columbus, GA-AL",Metropolitan,GA,4,6621,0.021,0.001,0,0,0,0,0,13,196,0,0,12,,0,1,15,0,0,930,14046,25,378,0,0,ModerateBurden,,High,Moderate,0,10,151,0,0.9,-0.059,-0.5,0,0.08,0.059,20,302,0,0.82,,,,,,,,,,,,,,,,,,,,,,,,,,,902,0.136,784,0.118,6,0.026,11,0.002,3,0.003,0.0259,0.0002,0.002,14,0.06,4,0.017,888,0.15,780,0.132,397,0.399,350,0.351,0.16,0.37,0.15,2.2,0.4,0.33,0.01,0.02,0.92,0.99,Uncertain
"Marion County, IL",17121,Micropolitan,"Centralia, IL",Micropolitan,IL,5,37205,1,0.003,0,0,0,0,0,13,35,0,0,0.44,-1,0,9,24,1,2.7,4508,12117,116,312,0,39,ModerateBurden,,Moderate,Moderate,0.022,442,1188,0,1,0.017,-0.77,-1,0,0.005,1930,5187,1,1,2,3,4,5,0.59,0.02,0.38,0.1,0.02,0,0,0,0,-0.01,0.11,0.07,-0.05,0,2,77,13,17,1,1,1,1,12694,0.341,10340,0.278,39,0.014,171,0.006,41,0.006,-0.0053,-0.0016,0.001,223,0.078,70,0.025,12459,0.436,10267,0.359,5803,0.788,4826,0.655,0.07,0.18,0.2,2.4,0.04,0.02,0,0.01,0.74,0.71,Uncertain
"Coos County, NH",33007,Micropolitan,"Berlin, NH",Micropolitan,NH,1,31563,1,0.023,0,0,0,0,0,13,41,0,0,-0.46,,0,24,76,0,0,2052,6501,41,130,0,35,ModerateBurden,,Moderate,Substantial,0.069,337,1068,,,0.03,-0.17,,,0.04,408,1293,,,2,4,0,0,0.49,0,0.54,0,0,0,,-1,0.13,-0.01,0.23,0,0,0,3,57,8,22,1,1,1,1,16926,0.536,14839,0.47,27,0.014,158,0.006,24,0.003,-0.1005,0.006,0.0031,555,0.289,321,0.167,16368,0.618,14516,0.548,6042,0.79,5555,0.727,0.09,0.13,0.24,2.2,0.01,0.02,0,0.01,0.53,0.17,Likely Decreasing
"Boyd County, KY",21019,Medium metro,"Huntington-Ashland, WV-KY-OH",Metropolitan,KY,4,46718,0.131,0.01,0,0,0,0,0,13,28,0,0,-0.48,,0,25,54,0,0,5076,10865,75,161,0,16,ModerateBurden,,Moderate,Substantial,0.017,524,1122,0,0.99,-0.027,-0.27,0,-0.01,0.045,716,1533,0,1,4,1,0,0,0.71,0.02,0.44,0.03,0.06,0.01,-0.67,-1,-0.09,-0.01,-0.04,0.01,0,0.01,1,304,36,82,1,1,1,1,18555,0.397,13698,0.293,34,0.01,113,0.003,15,0.002,-0.0148,-0.0007,0.0003,437,0.124,51,0.015,18117,0.493,13646,0.371,6384,0.684,4552,0.488,0.06,0.19,0.2,2.4,0.03,0.02,0,0.01,0.69,0.48,Uncertain
"Lee County, IA",19111,Micropolitan,"Fort Madison-Keokuk, IA-IL-MO",Micropolitan,IA,7,33657,0.579,0.011,0,0,0,0,0,13,39,1,3,0.08,,0,12,36,0,0,3807,11311,56,166,0,20,ModerateBurden,,Moderate,Moderate,0.037,370,1099,0,1,-0.019,-0.11,0,0.01,0.057,418,1242,0,0.98,2,5,0,0,0.28,0.06,0.05,0,0,0,1.18,,-0.04,0.04,-0.11,0,0,0,2,39,3,14,1,1,1,1,13698,0.407,12359,0.367,62,0.026,169,0.006,28,0.004,0.0134,-0.0004,-0.0006,225,0.094,49,0.02,13473,0.508,12310,0.464,5830,0.826,5495,0.779,0.05,0.15,0.21,2.4,0.03,0.04,0,0.01,0.5,0.5,Uncertain
"Pendleton County, WV",54071,Non-core,,,WV,3,6969,,0.004,0,0,0,0,0,13,187,0,0,1.6,,0,5,72,0,0,722,10360,11,158,0,0,ModerateBurden,,High,Substantial,0.138,42,603,1,1,0.052,0.35,1,0,0.086,31,445,0,1,,,,,,,,,,,,,,,,,,,,,,,,,,,2430,0.349,2055,0.295,9,0.02,15,0.003,6,0.003,0.0135,-0.007,-0.0036,50,0.113,17,0.038,2380,0.417,2038,0.357,1204,0.613,1079,0.55,0.05,0.17,0.28,2.2,0.02,0.01,0,0,0.36,0.35,Uncertain
"Jackson County, IL",17077,Small metro,"Carbondale-Marion, IL",Metropolitan,IL,5,56750,0.418,0.004,0,1,10386,0.183,0,13,23,1,1.8,0,,0,13,23,0,0,5088,8966,65,115,0,24,ModerateBurden,,Moderate,Moderate,0.013,1158,2041,1,0.96,0,-0.12,0,-0.03,0.012,1309,2307,1,0.99,5,2,0,0,0.61,0.01,0.72,0.01,0.07,0,-0.38,,-0.03,-0.01,0.05,0.01,0.02,0,2,215,21,71,1,1,1,1,26032,0.459,18603,0.328,48,0.014,213,0.005,23,0.002,-0.0023,-0.002,-0.0004,834,0.243,262,0.076,25158,0.543,18336,0.396,7669,0.83,6080,0.658,0.07,0.27,0.16,2.3,0.15,0.05,0,0.03,0.7,0.61,Uncertain
"San Miguel County, NM",35047,Micropolitan,"Las Vegas, NM",Micropolitan,NM,6,27277,0.858,0.013,0,0,1874,0.069,0,13,48,0,0,0.86,,0,7,26,0,0,1381,5063,17,62,0,0,ModerateBurden,,Moderate,Moderate,0.007,668,2449,1,0.99,-0.005,-0.04,-1,0.1,0.012,696,2552,2,0.88,0,0,0,0,0.78,0,0.79,0,0,0,,,0.24,0,0.39,0,0,0,1,9,2,10,1,1,1,1,8055,0.295,8734,0.32,44,0.025,116,0.005,17,0.003,-0.0133,-0.0017,-0.001,585,0.339,293,0.17,7470,0.332,8441,0.375,2108,0.342,2857,0.463,0.07,0.28,0.23,2.3,0.02,0.78,0.01,0.01,0.99,0.66,Uncertain
"Lee County, GA",13177,Small metro,"Albany, GA",Metropolitan,GA,4,29992,0.204,0.003,0,0,0,0,0,13,43,0,0,2.25,,0,4,13,0,0,2762,9209,58,193,0,21,ModerateBurden,,Moderate,Moderate,0.067,131,437,0,0.94,0.061,-0.23,0,0.04,0.006,171,570,0,0.9,,,,,,,,,,,,,,,,,,,,,,,,,,,1972,0.066,2122,0.071,63,0.022,120,0.005,8,0.002,0.0126,0.0005,-0.0008,209,0.073,108,0.038,1763,0.08,2014,0.091,258,0.066,334,0.086,0.11,0.14,0.13,2.7,0.23,0.03,0,0.03,0.35,0.72,Uncertain
"Suwannee County, FL",12121,Non-core,,,FL,4,44417,,0.002,0,0,0,0,0,13,29,1,2.3,0.08,0,0,12,27,1,2.3,5400,12158,140,315,0,16,ModerateBurden,,Moderate,Moderate,0.04,456,1027,,,0.019,-0.01,,,0.02,461,1038,,,,,,,,,,,,,,,,,,,,,,,,,,,,,12230,0.275,10125,0.228,26,0.008,163,0.005,31,0.003,0.004,-0.0011,-0.0002,115,0.035,49,0.015,12114,0.345,10076,0.287,6326,0.656,5685,0.589,0.14,0.18,0.22,2.8,0.12,0.1,0,0.01,0.94,0.96,Uncertain
"Beauregard Parish, LA",22011,Micropolitan,"DeRidder, LA",Micropolitan,LA,6,37497,1,0.008,0,0,0,0,0,13,35,0,0,-0.24,,0,17,45,0,0,3266,8710,77,205,0,51,ModerateBurden,,Moderate,Moderate,0.038,271,723,0,0.99,-0.008,-0.19,0,0.05,0.047,333,888,0,0.94,5,9,4,7,0.23,0.01,0.25,0.04,0,0,0.67,0.33,-0.06,-0.01,0.09,-0.04,0,0,1,54,8,20,1,1,1,1,8249,0.22,6768,0.18,20,0.006,131,0.005,19,0.003,0.0019,-0.0007,-0.0023,116,0.037,50,0.016,8131,0.289,6717,0.238,3440,0.577,2944,0.494,0.12,0.17,0.16,2.8,0.12,0.04,0.01,0.01,0.65,0.67,Uncertain
"Wythe County, VA",51197,Non-core,,,VA,3,28684,,0.003,0,0,0,0,0,13,45,0,0,-0.07,-1,0,14,49,2,7,2691,9382,81,282,0,57,ModerateBurden,,High,High,0.102,117,408,1,0.99,-0.002,-0.32,0,0.02,0.104,173,603,1,0.98,0,0,0,0,0.35,0,0.57,0,0,0,-1,,-0.04,-0.01,-0.02,-0.1,-0.02,0,1,70,6,13,1,1,1,1,6119,0.213,4779,0.167,8,0.004,83,0.004,22,0.003,-0.0015,-0.0016,-0.0005,138,0.067,85,0.041,5974,0.26,4694,0.204,2386,0.376,1862,0.293,0.09,0.16,0.22,2.4,0.03,0.01,0,0.01,0.4,0.34,Uncertain
"Defiance County, OH",39039,Micropolitan,"Defiance, OH",Micropolitan,OH,5,38087,1,0.003,0,0,487,0.013,0,13,34,0,0,-0.28,,0,18,47,0,0,4309,11314,98,257,0,32,ModerateBurden,,Moderate,Moderate,0.026,281,738,1,1,-0.011,-0.47,0,0,0.036,531,1394,1,1,4,6,3,4,0.25,0.02,0.28,0.06,0.02,0,1.03,2.05,-0.08,-0.01,-0.04,0.06,0.01,0,3,72,12,15,1,1,1,1,14638,0.384,13711,0.36,32,0.01,162,0.006,23,0.003,-0.0073,-0.0031,-0.0016,374,0.119,198,0.063,14264,0.484,13513,0.459,5876,0.803,5597,0.765,0.06,0.11,0.19,2.5,0.02,0.1,0,0,0.22,0.21,Uncertain
"Marin County, CA",6041,Large fringe metro,"San Francisco-Oakland-Berkeley, CA",Metropolitan,CA,9,258826,0.055,0.007,0.001,0,1524,0.006,0,13,5,0,0,-0.57,-1,0,30,12,2,0.8,14157,5470,229,88,0,27,LowBurden,,Low,Moderate,,3482,1345,,,,-0.38,,,0.003,5603,2165,,,0,0,9,3,0.76,0.01,0.54,0.03,0.16,0,-1,-0.08,-0.02,0,-0.01,0.03,0.01,0,4,297,33,92,1,1,1,1,196642,0.76,172371,0.666,530,0.027,1368,0.007,131,0.002,-0.0134,-0.0022,-0.0005,14529,0.728,8766,0.439,181254,0.874,163356,0.787,54183,0.912,50100,0.843,0.04,0.08,0.23,2.4,0.03,0.16,0,0.06,0.27,0.08,Uncertain
"Ontario County, NY",36069,Large fringe metro,"Rochester, NY",Metropolitan,NY,2,109777,0.103,0.006,0,0,2220,0.02,0,13,12,0,0,-0.41,,0,22,20,0,0,7397,6738,93,85,0,46,ModerateBurden,,Moderate,Moderate,0.006,2579,2349,1,0.97,0,-0.18,0,-0.02,0.006,3148,2868,1,0.99,1,0,1,0,0.55,0.02,0.5,0.07,0.29,0.03,-0.8,-0.86,0,-0.01,0,-0.01,0,0,3,308,37,68,1,1,1,1,62425,0.569,55794,0.508,230,0.029,596,0.007,43,0.002,-0.0381,-0.006,-0.0028,3287,0.413,1337,0.168,59137,0.672,54457,0.619,19340,0.855,18353,0.811,0.04,0.1,0.21,2.4,0.02,0.05,0,0.01,0.23,0.3,Uncertain
"Plaquemines Parish, LA",22075,Large fringe metro,"New Orleans-Metairie, LA",Metropolitan,LA,6,23197,0.018,0.005,0,0,0,0,0,13,56,0,0,0.44,,0,9,39,0,0,2560,11036,27,116,0,0,ModerateBurden,,Substantial,Moderate,0.017,190,819,0,1,-0.061,0.04,0,0,0.078,183,789,0,1,,,,,,,,,,,,,,,,,,,,,,,,,,,9231,0.398,8310,0.358,26,0.013,109,0.006,4,0.001,-0.0063,-0.0041,-0.0049,220,0.107,92,0.045,9011,0.523,8218,0.477,2565,0.789,2411,0.742,0.09,0.2,0.14,2.6,0.21,0.08,0.02,0.04,0.71,0.74,Uncertain
"Carbon County, PA",42025,Medium metro,"Allentown-Bethlehem-Easton, PA-NJ",Metropolitan,PA,3,64182,0.076,0.005,0,0,0,0,0,12,19,1,1.6,-0.66,0,0,35,55,1,1.6,6372,9928,172,268,0,47,ModerateBurdenResolving,,Moderate,Substantial,0.02,675,1052,1,0.91,-0.03,-0.2,0,-0.05,0.051,844,1315,1,0.96,4,6,0,0,0.75,0.03,0.79,0.14,0,0,1,,-0.02,-0.01,0.05,-0.02,-0.04,0,1,68,6,4,1,1,1,1,34060,0.531,27922,0.435,69,0.015,463,0.009,108,0.008,-0.0318,-0.0047,-0.0022,979,0.216,361,0.08,33081,0.638,27561,0.531,12425,0.891,10807,0.775,0.05,0.13,0.22,2.4,0.02,0.05,0,0.01,0.3,0.54,Uncertain
"Union County, GA",13291,Non-core,,,GA,4,24511,,0.002,0,0,0,0,0,12,49,2,8.2,0.71,1,0,7,29,1,4.1,2258,9212,75,306,0,27,ModerateBurden,,High,High,0.107,99,404,0,0.96,-0.04,-0.28,-1,0.02,0.147,137,559,1,0.94,13,30,10,23,0.73,0.02,,,0,0,-0.07,-0.23,-0.15,-0.05,,,0,0,1,44,0,4,1,1,1,1,1675,0.068,1567,0.064,14,0.01,75,0.004,24,0.003,0.0042,-0.0001,0.0006,33,0.023,12,0.008,1641,0.079,1555,0.075,834,0.101,702,0.085,0.13,0.14,0.34,2.4,0.01,0.04,0,0,0.31,0.29,Uncertain
"McMinn County, TN",47107,Micropolitan,"Athens, TN",Micropolitan,TN,4,53794,1,0.008,0,0,897,0.017,0,12,22,0,0,-0.08,-1,0,13,24,2,3.7,6597,12263,101,188,0,38,ModerateBurden,,Moderate,Moderate,0.039,209,389,1,0.97,-0.006,-0.25,0,-0.03,0.045,280,521,1,1,1,1,0,0,0.41,0,0.47,0,0.02,0,0,,0.03,-0.01,0.1,-0.01,0.02,0,1,70,10,9,1,1,1,1,15488,0.288,13061,0.243,29,0.007,171,0.004,24,0.002,0.0017,-0.0018,-0.0024,187,0.046,70,0.017,15301,0.361,12991,0.306,6891,0.644,6162,0.576,0.09,0.2,0.2,2.5,0.04,0.04,0,0.01,0.66,0.6,Uncertain
"Fannin County, GA",13111,Non-core,,,GA,4,26188,,0.002,0,0,0,0,0,12,46,0,0,1.4,-1,0,5,19,1,3.8,2409,9199,74,283,0,0,ModerateBurden,,Moderate,Moderate,0.056,82,313,0,0.85,0.044,-0.14,0,-0.07,0.011,95,363,0,0.92,1,4,0,0,0.18,0,0.17,0.03,0,0,,,-0.16,-0.02,-0.09,0.03,0,0,1,27,5,10,1,1,1,1,3989,0.152,3646,0.139,17,0.011,76,0.003,14,0.002,0.0019,0.0004,0.0006,49,0.031,15,0.009,3940,0.179,3631,0.165,1942,0.242,1794,0.224,0.13,0.14,0.31,2.4,0.01,0.03,0,0.01,0.3,0.61,Uncertain
"Walton County, GA",13297,Large fringe metro,"Atlanta-Sandy Springs-Alpharetta, GA",Metropolitan,GA,4,94593,0.016,0.009,0,0,0,0,0,12,13,0,0,-0.56,-1,0,27,29,1,1.1,10696,11307,261,276,0,30,ModerateBurden,,Moderate,Moderate,0.014,557,589,0,0.94,-0.006,-0.3,0,0,0.02,797,843,0,0.94,0,0,1,1,0.66,0.03,0.77,0.12,0.29,0.04,-1,-0.5,0.08,-0.01,0.12,0.11,0.07,0.04,1,71,8,29,1,1,1,1,14706,0.155,13334,0.141,139,0.016,525,0.007,62,0.004,0.0066,-0.0013,-0.001,389,0.046,173,0.02,14315,0.2,13161,0.184,6000,0.404,5629,0.379,0.11,0.13,0.16,2.9,0.18,0.05,0,0.02,0.29,0.6,Uncertain
"Preston County, WV",54077,Small metro,"Morgantown, WV",Metropolitan,WV,3,33432,0.24,0.019,0,0,0,0,0,12,36,0,0,0.71,,0,7,21,0,0,2939,8791,46,138,0,14,ModerateBurden,,Moderate,Moderate,0.024,372,1113,1,0.96,-0.013,-0.12,0,-0.02,0.037,423,1265,1,0.98,1,4,0,0,0.44,0.01,0.5,0,0,0,,,0.12,-0.01,0.14,0,0,0,1,24,2,3,1,1,1,1,10692,0.32,9232,0.276,10,0.005,119,0.004,22,0.003,-0.0126,-0.006,-0.0043,212,0.099,79,0.037,10476,0.387,9151,0.338,3879,0.556,3498,0.501,0.07,0.16,0.21,2.5,0.01,0.02,0,0,0.57,0.35,Uncertain
"Chaffee County, CO",8015,Non-core,,,CO,8,20356,,0.004,0,0,0,0,0,12,59,0,0,-0.45,,0,22,108,0,0,1738,8538,25,123,0,7,ModerateBurden,,Substantial,High,0.012,753,3699,1,1,-0.001,-0.08,0,0,0.013,822,4038,1,1,0,0,0,0,0.36,0,0.19,0.02,0,0,,,-0.12,-0.03,-0.56,-0.48,0,0,1,28,9,14,1,1,1,1,5845,0.287,5728,0.281,14,0.013,73,0.004,12,0.002,-0.0009,-0.0012,0.0002,313,0.285,139,0.126,5519,0.319,5588,0.323,762,0.144,1175,0.222,0.1,0.1,0.26,2.2,0.02,0.1,0.01,0.01,0.24,0.08,Uncertain
"Guaynabo Municipio, PR",72061,,"San Juan-Bayamón-Caguas, PR",Metropolitan,PR,2,,,,,0,0,0,0,12,14,0,0,-0.08,,0,13,16,0,0,4242,5066,0,0,0,,,,Moderate,Moderate,0.02,1573,1879,,,0.005,-0.4,,,0.015,2625,3135,,,0,0,0,0,0.35,0.06,0.54,0,0,0,,,0,0,-0.03,0,0,0,1,54,13,3,1,1,1,1,51538,0.616,38744,0.463,185,0.031,878,0.013,125,0.006,-0.0445,-0.0112,-0.0052,2378,0.399,846,0.142,49127,0.715,37891,0.551,13530,0.7,10942,0.566,0.07,0.27,,,,,,,,,
"Dickson County, TN",47043,Large fringe metro,"Nashville-Davidson--Murfreesboro--Franklin, TN",Metropolitan,TN,4,53948,0.028,0.008,0,0,0,0,0,12,22,0,0,-0.37,,0,19,35,0,0,6915,12818,114,211,0,6,ModerateBurden,,Moderate,Moderate,0,171,317,0,0.99,-0.048,-0.4,0,0,0.048,285,528,0,0.99,1,1,0,0,0.62,0.01,0.99,0.07,0.03,0,-0.8,,0.04,-0.01,0.13,0.01,0.02,0,1,152,12,52,1,1,1,1,17956,0.333,14475,0.268,28,0.006,147,0.004,14,0.002,-0.003,-0.0011,-0.0009,292,0.066,114,0.026,17663,0.424,14361,0.345,6673,0.742,5816,0.647,0.12,0.14,0.17,2.7,0.04,0.04,0,0.01,0.43,0.61,Uncertain
"Adams County, WA",53001,Micropolitan,"Othello, WA",Micropolitan,WA,10,19983,1,0.003,0,0,0,0,0,12,60,1,5,-0.25,,0,16,80,0,0,2201,11014,24,120,0,16,ModerateBurden,,Substantial,Substantial,0.024,305,1526,,,0.002,-0.23,,,0.021,397,1987,,,0,0,0,0,0.55,0,,,0,0,,,0.04,0,,,0,0,2,18,0,8,1,1,1,1,7442,0.372,6518,0.326,31,0.014,203,0.016,12,0.005,-0.0013,-0.0029,0.0009,167,0.074,40,0.018,7274,0.568,6478,0.506,1905,0.841,1791,0.791,0.2,0.25,0.11,3.3,0.01,0.65,0,0.01,0.96,0.91,Uncertain
"Wright County, MO",29229,Non-core,,,MO,7,18289,,0.003,0,0,0,0,0,12,66,1,5.5,-0.33,,0,18,98,0,0,1635,8940,34,186,0,0,ModerateBurden,,Substantial,Substantial,0.055,198,1083,1,0.97,-0.029,0.13,0,-0.02,0.083,175,957,1,0.99,,,,,,,,,,,,,,,,,,,,,,,,,,,4395,0.24,3766,0.206,3,0.002,45,0.003,3,0.001,-0.0042,-0.0011,-0.0017,32,0.019,6,0.004,4363,0.321,3760,0.277,2243,0.625,2020,0.563,0.19,0.25,0.2,2.5,0.01,0.02,0.01,0,0.9,0.87,Uncertain
"St. James Parish, LA",22093,Large fringe metro,"New Orleans-Metairie, LA",Metropolitan,LA,6,21096,0.017,0.005,0,0,0,0,0,12,57,0,0,1.4,,0,5,24,0,0,2014,9547,50,237,0,11,ModerateBurden,,Substantial,Moderate,0.015,156,739,0,0.99,-0.016,-0.02,0,0,0.031,159,754,0,0.99,0,0,0,0,0.33,0,,,0,0,,,-0.28,-0.03,,,0,0,1,27,0,11,1,1,1,1,7953,0.377,6410,0.304,28,0.017,126,0.008,17,0.005,0.0074,0.001,-0.0005,106,0.065,46,0.028,7846,0.482,6364,0.391,2971,0.794,2187,0.584,0.11,0.17,0.18,2.7,0.48,0.02,0,0,0.63,0.77,Uncertain
"Daviess County, MO",29061,Non-core,,,MO,7,8278,,0.001,0,0,0,0,0,12,145,0,0,5,,0,2,24,0,0,724,8746,11,133,0,0,ModerateBurden,,High,Moderate,0.022,64,773,1,1,-0.004,0.19,0,0,0.026,54,652,1,1,,,,,,,,,,,,,,,,,,,,,,,,,,,1934,0.234,1726,0.209,14,0.018,22,0.004,3,0.002,0.0078,-0.0005,-0.0011,35,0.046,7,0.009,1898,0.307,1718,0.278,830,0.474,768,0.439,0.16,0.13,0.21,2.7,0.01,0.01,0,0,0.47,0.73,Uncertain
"Hood County, TX",48221,Large fringe metro,"Granbury, TX",Micropolitan,TX,6,61643,1,0.002,0,0,0,0,0,12,19,1,1.6,0.09,0,0,11,18,1,1.6,6603,10712,131,213,0,25,ModerateBurden,,Moderate,Moderate,0.049,237,384,1,1,0.024,-0.22,1,0,0.025,305,495,0,1,49,63,0,0,0.44,0.01,0.49,0.07,0.08,0,22.19,,-0.02,0,-0.02,-0.01,-0.02,0,1,77,12,22,1,1,1,1,,,,,,,,,,,,,,,,,,,,,,,,,,0.15,0.11,0.25,2.6,0.01,0.13,0.01,0.01,0.26,0.23,Uncertain
"Otero County, CO",8089,Non-core,,,CO,8,18278,,0.003,0,0,0,0,0,12,66,0,0,0,-1,0,12,66,1,5.5,2065,11298,67,367,0,23,ModerateBurden,,Substantial,Substantial,0.01,533,2916,2,1,0.001,-0.12,0,0,0.009,605,3310,2,1,4,16,0,0,0.25,0.06,0.07,0,0,0,,,-0.04,0.06,-0.25,0,-0.08,0,1,25,4,7,1,1,1,1,3775,0.207,3857,0.211,15,0.009,82,0.006,9,0.002,-0.0174,-0.0024,-0.0019,143,0.089,62,0.038,3622,0.26,3793,0.273,813,0.215,1114,0.295,0.1,0.25,0.21,2.3,0.01,0.42,0.01,0.01,0.96,0.67,Uncertain
"Tuscola County, MI",26157,Non-core,,,MI,5,52245,,0.005,0,0,0,0,0,12,23,0,0,-0.29,-1,0,17,33,1,1.9,5662,10837,175,335,0,47,ModerateBurden,,Moderate,Moderate,0.028,453,867,0,0.99,-0.009,-0.26,0,0.04,0.037,609,1166,0,0.96,0,0,0,0,0.12,0,,,0,0,,-1,0,-0.02,,,0,0,2,60,0,5,1,1,1,1,19506,0.373,17417,0.333,9,0.002,122,0.003,25,0.002,0.0005,-0.0017,-0.0013,231,0.058,198,0.05,19271,0.463,17218,0.413,8203,0.754,7214,0.663,0.06,0.15,0.21,2.4,0.01,0.04,0.01,0,0.4,0.61,Uncertain
"Baker County, OR",41001,Non-core,,,OR,10,16124,,0.004,0,0,0,0,0,12,74,0,0,0.33,,0,9,56,0,0,983,6097,15,93,0,39,ModerateBurden,,Substantial,Substantial,0.038,158,980,0,1,0.023,0.2,0,0,0.015,132,819,0,1,0,0,0,0,0.6,0.04,0.57,0,0,0,,,0.04,-0.01,0,0,0,0,1,13,2,9,1,1,1,1,11448,0.71,9068,0.562,15,0.014,63,0.005,11,,0.0076,-0.005,0,189,0.179,64,0.061,11253,0.871,9004,0.697,4980,0.999,4732,0.999,0.08,0.16,0.26,2.2,0.01,0.05,0.01,0.01,0.69,0.58,Likely Decreasing
"Bureau County, IL",17011,Micropolitan,"Ottawa, IL",Micropolitan,IL,5,32628,0.222,0.003,0,0,0,0,0,12,37,0,0,-0.33,-1,0,18,55,1,3.1,3777,11576,83,254,0,25,ModerateBurden,,Moderate,Substantial,0.007,247,757,0,1,-0.011,-0.35,0,0,0.018,382,1171,0,0.99,0,0,0,0,0.29,0,0.24,0,0,0,,,0.02,0,0.14,0,0,0,2,22,3,4,0.5,0.5,1,0.5,16266,0.499,11417,0.35,53,0.021,220,0.009,29,0.004,-0.0125,-0.0043,-0.0011,573,0.223,181,0.07,15669,0.608,11231,0.436,6350,0.865,4833,0.659,0.05,0.13,0.22,2.4,0.01,0.09,0,0.01,0.29,0.21,Uncertain
"Dearborn County, IN",18029,Large fringe metro,"Cincinnati, OH-KY-IN",Metropolitan,IN,5,49458,0.022,0.007,0,0,0,0,0,12,24,0,0,-0.48,,0,23,47,0,0,5883,11895,78,158,0,37,ModerateBurden,,Moderate,Moderate,0.033,285,576,1,0.98,-0.011,-0.47,0,0.01,0.044,538,1088,1,0.97,0,0,14,24,0.77,0.01,0.77,0,0.11,0,-1,0.56,0.16,-0.01,0.2,-0.02,-0.01,0,1,59,8,17,1,1,1,1,19703,0.398,17230,0.348,42,0.01,237,0.006,35,0.004,0,-0.0009,0,466,0.113,161,0.039,19235,0.498,17069,0.442,7710,0.851,7355,0.811,0.06,0.1,0.18,2.6,0.01,0.01,0,0,0.08,0.21,Uncertain
"Barren County, KY",21009,Micropolitan,"Glasgow, KY",Micropolitan,KY,4,44249,0.815,0.01,0,0,0,0,0,12,27,7,15.8,2,6,0,4,9,1,2.3,4486,10138,100,226,0,33,ModerateBurden,,Moderate,Low,0.052,89,201,1,0.99,0.017,-0.43,0,0,0.034,155,350,1,0.99,3,2,37,26,0.32,0.02,0.4,0.04,0.1,0.03,0.5,0.28,-0.09,0,-0.04,0.01,0,-0.03,1,141,19,11,1,1,1,1,15398,0.348,13602,0.307,46,0.013,226,0.007,26,0.003,0.0017,-0.0002,-0.0011,276,0.078,107,0.03,15121,0.447,13495,0.399,5774,0.725,5393,0.677,0.08,0.24,0.18,2.5,0.04,0.03,0,0.01,0.78,0.54,Uncertain
"Livingston County, IL",17105,Micropolitan,"Pontiac, IL",Micropolitan,IL,5,35648,1,0.003,0,0,0,0,0,12,34,3,8.4,-0.45,2,0,22,62,1,2.8,4890,13717,90,252,0,29,ModerateBurden,,Moderate,Substantial,0.008,1653,4637,1,1,0.001,-0.18,1,0,0.008,2024,5678,0,1,3,7,2,5,0.48,0.04,0.45,0.08,0,0,-0.25,-0.67,-0.06,-0.02,-0.06,-0.14,0,0,1,44,7,6,1,1,1,1,14623,0.41,10302,0.289,73,0.027,228,0.008,24,0.003,0.0176,-0.0011,-0.0027,324,0.121,103,0.039,14268,0.51,10199,0.365,5926,0.857,4398,0.636,0.05,0.14,0.19,2.4,0.04,0.05,0,0.01,0.48,0.77,Uncertain
"Sequoyah County, OK",40135,Medium metro,"Fort Smith, AR-OK",Metropolitan,OK,6,41569,0.166,0.011,0,0,0,0,0,12,29,0,0,1,-1,0,6,14,5,12,4148,9979,56,135,0,0,ModerateBurden,,High,High,0.109,53,127,1,0.97,-0.038,-0.36,1,-0.03,0.147,83,200,0,1,2,4,7,12,0.12,0,,,0,0,-0.85,0.17,-0.03,-0.03,,,0,0,1,57,0,5,1,1,1,1,11576,0.278,9867,0.237,33,0.01,127,0.004,17,0.002,0.0039,0,-0.0006,198,0.059,92,0.028,11376,0.356,9775,0.306,4689,0.598,4183,0.534,0.19,0.23,0.19,2.7,0.02,0.04,0.22,0.01,0.92,0.95,Uncertain
"Big Horn County, WY",56003,Non-core,,,WY,8,11790,,0.02,0,0,0,0,0,12,102,0,0,-0.25,-1,0,16,136,1,8.5,1194,10127,34,288,0,0,ModerateBurden,,High,High,0.026,94,797,2,1,-0.034,0.29,1,0.03,0.06,73,619,1,0.97,0,0,0,0,0.38,0,0,0,0,0,,,0.01,-0.03,0,0,0,0,2,36,2,4,1,1,1,1,3160,0.268,2744,0.233,12,0.011,67,0.008,12,0.005,0.0101,0.0033,0.0016,19,0.018,5,0.005,3141,0.353,2739,0.308,1636,0.635,1521,0.59,0.16,0.12,0.22,2.6,0.01,0.09,0.01,0,0.4,0.19,Uncertain
"Clay County, MN",27027,Small metro,"Fargo, ND-MN",Metropolitan,MN,5,64222,0.261,0.011,0,0,6122,0.095,0,12,19,0,0,-0.52,,0,25,39,0,0,8250,12846,92,143,0,48,ModerateBurden,,Moderate,Moderate,0.038,453,705,1,0.99,-0.019,-0.37,0,0,0.058,715,1113,1,1,,,,,,,,,,,,,,,,,,,,,,,,,,,19483,0.303,16597,0.258,68,0.014,174,0.004,8,0.001,-0.0189,-0.0035,-0.0029,752,0.152,281,0.057,18679,0.387,16308,0.338,6461,0.752,6004,0.699,0.04,0.12,0.13,2.5,0.04,0.05,0.01,0.01,0.22,0.57,Uncertain
"Evangeline Parish, LA",22039,Non-core,,,LA,6,33395,,0.007,0,0,0,0,0,12,36,0,0,1,,0,6,18,0,0,3661,10963,93,278,0,32,ModerateBurden,,Moderate,Moderate,0.015,404,1210,1,0.98,-0.007,-0.38,0,0.1,0.022,656,1964,1,0.88,9,12,1,1,0.57,0.02,0.65,0.05,0.06,0.01,-0.06,-0.06,-0.02,-0.02,-0.04,-0.06,0.04,-0.01,2,74,9,11,1,1,1,1,8106,0.243,7081,0.212,12,0.004,91,0.004,3,0.001,-0.0014,0.0001,-0.0017,93,0.033,35,0.013,8011,0.32,7045,0.281,3148,0.596,2871,0.543,0.12,0.28,0.16,2.7,0.27,0.04,0,0,1,0.85,Uncertain
"Liberty County, GA",13179,Small metro,"Hinesville, GA",Metropolitan,GA,4,61435,0.759,0.006,0,0,0,0,0,12,20,0,0,-0.79,-1,0,58,94,1,1.6,4151,6757,65,106,0,2,ModerateBurden,,Moderate,Substantial,0.061,152,247,0,0.83,0.014,-0.06,0,-0.04,0.047,162,264,0,0.88,0,0,0,0,0.91,0,,,0.05,0,-1,,0,-0.01,,,0.04,0,1,22,0,11,1,1,1,1,20444,0.333,16365,0.266,93,0.021,343,0.008,11,0.002,-0.0132,-0.0036,-0.002,331,0.074,76,0.017,20109,0.457,16289,0.37,3226,0.546,2969,0.503,0.12,0.18,0.1,2.6,0.43,0.13,0,0.02,0.89,0.76,Uncertain
"Union County, OR",41061,Micropolitan,"La Grande, OR",Micropolitan,OR,10,26835,1,0.006,0,0,1767,0.066,0,12,45,0,0,0.09,,0,11,41,0,0,1478,5508,23,86,0,0,ModerateBurden,,Moderate,Moderate,0.056,54,201,0,1,0.02,-0.24,0,0.03,0.036,71,265,0,0.97,1,3,0,0,0.43,0,0.33,0,0.16,0,,,-0.13,-0.01,-0.07,0,-0.04,0,1,34,6,13,1,1,1,1,9950,0.371,8765,0.327,37,0.018,159,0.008,28,0.005,-0.0354,-0.0009,-0.0005,305,0.152,97,0.048,9633,0.459,8668,0.413,4051,0.703,3789,0.657,0.08,0.16,0.21,2.4,0.01,0.05,0.01,0.01,0.67,0.47,Likely Decreasing
"McCurtain County, OK",40089,Non-core,,,OK,6,32832,,0.008,0,0,0,0,0,12,37,0,0,-0.48,-1,0,23,70,3,9.1,3981,12125,93,283,0,0,ModerateBurden,,High,High,0.167,25,76,1,0.9,-0.167,-0.38,0,-0.1,0.333,40,122,1,1,0,0,0,0,0.38,0,,,0,0,,,-0.01,0,,,0,0,1,25,0,4,1,1,1,1,7878,0.24,6553,0.2,12,0.004,78,0.003,15,0.002,0.0007,-0.0011,-0.0023,55,0.02,26,0.01,7823,0.318,6527,0.266,3457,0.567,3117,0.511,0.21,0.23,0.19,2.5,0.08,0.06,0.15,0.01,0.91,0.89,Uncertain
"Wasco County, OR",41065,Micropolitan,"The Dalles, OR",Micropolitan,OR,10,26682,1,0.006,0,0,0,0,0,12,45,0,0,-0.2,,0,15,56,0,0,1434,5374,28,105,0,33,ModerateBurden,,Moderate,Substantial,0.025,192,720,1,0.99,-0.043,-0.27,0,-0.01,0.067,263,986,1,0.99,2,6,0,0,0.72,0.07,0,0,0,0,-0.33,,0.03,0.03,-0.64,-0.21,-0.02,0,1,36,2,9,1,1,1,1,13397,0.502,11926,0.447,29,0.015,157,0.008,11,0.002,-0.0114,-0.0045,-0.0029,522,0.271,228,0.118,12858,0.619,11696,0.563,4638,0.828,4420,0.789,0.08,0.13,0.21,2.4,0.01,0.19,0.03,0.01,0.84,0.36,Uncertain
"Crittenden County, AR",5035,Large fringe metro,"Memphis, TN-MS-AR",Metropolitan,AR,6,47955,0.036,0.016,0,0,0,0,0,12,25,0,0,-0.37,,0,19,40,0,0,6158,12841,97,202,0,28,ModerateBurden,,Moderate,Moderate,0.021,292,609,0,1,-0.035,2.6,0,0,0.056,81,169,0,1,0,0,0,0,0.17,0,,,0,0,-1,,-0.05,-0.02,,,0,0,1,22,0,2,1,1,1,1,13529,0.282,10808,0.225,48,0.011,235,0.007,32,0.005,0.0012,-0.0044,-0.0023,307,0.071,127,0.029,13213,0.378,10679,0.305,3975,0.571,3402,0.489,0.09,0.22,0.15,2.6,0.54,0.03,0,0.01,0.93,0.92,Uncertain
"Warren County, MO",29219,Large fringe metro,"St. Louis, MO-IL",Metropolitan,MO,7,35649,0.013,0.006,0,0,0,0,0,12,34,1,2.8,-0.14,,0,14,39,0,0,3216,9021,24,67,0,13,ModerateBurden,,Substantial,Moderate,0.092,223,626,0,1,0.036,0.06,0,0.01,0.056,210,589,0,0.99,,,,,,,,,,,,,,,,,,,,,,,,,,,11397,0.32,9789,0.275,26,0.009,116,0.004,13,0.002,-0.0085,-0.0024,-0.0009,256,0.087,87,0.03,11141,0.409,9702,0.356,4401,0.695,4081,0.644,0.09,0.13,0.18,2.7,0.02,0.03,0,0,0.38,0.56,Uncertain
"Grady County, OK",40051,Large fringe metro,"Oklahoma City, OK",Metropolitan,OK,6,55834,0.04,0.014,0,0,728,0.013,0,12,21,1,1.8,1.4,-0.86,0,5,9,7,12.5,5980,10710,129,231,0,45,ModerateBurden,,Moderate,Moderate,0.037,125,224,0,1,-0.013,-0.22,0,0.01,0.05,160,287,0,0.99,0,0,0,0,0.76,0,1,0,0,0,-1,,0.08,-0.01,0,0,0,0,1,13,2,10,1,1,1,1,15391,0.276,13242,0.237,17,0.003,125,0.003,23,0.002,-0.0039,-0.0009,-0.0012,235,0.048,99,0.02,15156,0.356,13143,0.309,5741,0.615,5107,0.547,0.12,0.11,0.17,2.7,0.02,0.06,0.06,0,0.31,0.39,Uncertain
"Jones County, NC",37103,Small metro,"New Bern, NC",Metropolitan,NC,4,9419,0.076,0.001,0,0,0,0,0,12,127,0,0,-0.2,,0,15,159,0,0,891,9460,28,297,0,0,ModerateBurden,,High,High,0.037,208,2208,1,0.97,-0.018,-0.05,0,-0.03,0.055,220,2336,1,1,,,,,,,,,,,,,,,,,,,,,,,,,,,3481,0.37,3044,0.323,14,0.023,29,0.004,5,0.002,0.0066,-0.0013,0.0009,49,0.08,12,0.02,3427,0.445,3031,0.393,1592,0.705,1505,0.667,0.16,0.26,0.24,2.3,0.29,0.05,0.01,0.01,0.88,0.96,Uncertain
"Big Horn County, MT",30003,Non-core,,,MT,8,13319,,0.012,0,0,0,0,0,12,90,0,0,,,0,0,0,0,0,2580,19371,76,571,0,0,ModerateBurden,,Substantial,Low,0.017,175,1314,2,0.88,0.012,-0.12,0,-0.1,0.005,200,1502,2,0.98,0,0,0,0,0.39,0,,,0,0,,,0.11,0,,,0,0,2,25,0,8,1,1,1,1,8203,0.616,6601,0.496,51,0.035,107,0.012,9,,-0.0428,-0.0001,0,651,0.449,263,0.181,7552,0.853,6338,0.716,1865,0.999,1719,0.968,0.38,0.26,0.13,3.6,0,0.07,0.63,0.01,0.83,0.42,Likely Decreasing
"Atascosa County, TX",48013,Large fringe metro,"San Antonio-New Braunfels, TX",Metropolitan,TX,6,51153,0.02,0.002,0,0,0,0,0,12,23,0,0,2,,0,4,8,0,0,5827,11391,150,293,0,11,ModerateBurden,,Moderate,Low,0.064,384,751,1,1,0.044,-0.74,0,0,0.02,1497,2927,1,1,0,0,0,0,0.33,0.02,0.33,0.05,0.09,0,-1,,-0.01,-0.01,0.05,0.01,-0.03,0,1,108,9,44,1,1,1,1,,,,,,,,,,,,,,,,,,,,,,,,,,0.16,0.15,0.15,3.2,0.01,0.65,0,0,0.85,0.89,Uncertain
"Portage County, WI",55097,Micropolitan,"Stevens Point, WI",Micropolitan,WI,5,70772,1,0.012,0,1,7512,0.106,0,12,17,0,0,-0.65,,0,34,48,0,0,7428,10496,72,102,0,25,ModerateBurden,,Moderate,Moderate,0.027,536,757,1,1,-0.012,-0.15,0,0.02,0.038,631,892,1,0.98,1,2,0,0,0.77,0.06,1,0.22,0.22,0.02,-0.77,,0.08,0.02,0.3,0.12,0.06,-0.02,2,44,2,8,1,1,1,1,34684,0.49,30433,0.43,138,0.029,384,0.007,28,0.002,-0.0161,-0.0039,-0.0021,1339,0.279,623,0.13,33343,0.582,29809,0.52,10868,0.886,10162,0.829,0.05,0.13,0.17,2.4,0.01,0.03,0,0.03,0.17,0.08,Uncertain
"Hale County, TX",48189,Micropolitan,"Plainview, TX",Micropolitan,TX,6,33406,1,0.001,0,0,1014,0.03,0,12,36,0,0,0.5,-1,0,8,24,1,3,6160,18440,156,467,0,0,ModerateBurden,,Moderate,Moderate,0.015,260,778,0,0.93,-0.014,0.6,-1,-0.06,0.029,162,485,1,0.99,6,6,0,0,0.16,0.02,0.14,0,0.13,0,0.17,,0.04,0.01,0.11,0,-0.01,0,1,103,5,27,1,1,1,1,,,,,,,,,,,,,,,,,,,,,,,,,,0.19,0.19,0.14,2.9,0.05,0.6,0,0.01,0.93,0.97,Uncertain
"Susquehanna County, PA",42115,Non-core,,,PA,3,40328,,0.003,0,0,0,0,0,12,30,1,2.5,0.09,,0,11,27,0,0,2646,6561,63,156,0,34,ModerateBurden,,Moderate,Moderate,0.046,213,528,1,0.99,0,-0.37,1,0,0.046,336,833,0,0.98,1,3,0,0,0.34,0,,,0,0,,,0.04,0,,,0,0,2,33,0,5,1,1,1,1,15757,0.391,13487,0.334,72,0.027,219,0.007,48,0.005,-0.0667,-0.0057,-0.0039,525,0.193,149,0.055,15231,0.463,13338,0.406,6454,0.659,5835,0.596,0.07,0.12,0.24,2.4,0.01,0.02,0,0,0.21,0.49,Uncertain
"Perry County, MO",29157,Non-core,,,MO,7,19136,,0.003,0,0,0,0,0,12,63,0,0,2,,0,4,21,0,0,2260,11810,30,157,0,26,ModerateBurden,,Substantial,Moderate,0.07,77,402,0,0.98,0.04,-0.51,0,-0.02,0.03,157,820,0,1,0,0,0,0,0.35,0,,,0,0,-1,,-0.27,-0.04,,,0,0,1,25,0,2,1,1,1,1,5440,0.284,4815,0.252,4,0.002,65,0.004,11,0.003,-0.0037,0.0012,0.0008,49,0.03,17,0.011,5391,0.366,4798,0.326,2478,0.673,2303,0.626,0.06,0.08,0.19,2.5,0.01,0.02,0,0.01,0.23,0.63,Uncertain
"Barnstable County, MA",25001,Small metro,"Barnstable Town, MA",Metropolitan,MA,1,212990,1,0.031,0.001,0,1707,0.008,0,12,6,0,0,-0.61,-1,0,31,15,3,1.4,13916,6534,469,220,0,60,LowBurden,,Low,Moderate,0.009,3133,1471,0,1,-0.002,-0.34,0,0,0.011,4718,2215,0,1,3,1,0,0,0.63,0,0.38,0.03,0.06,0.02,-0.4,,-0.01,-0.01,0.01,-0.02,-0.03,0.01,2,416,49,61,1,1,1,1,10925,0.051,8681,0.041,13,0.001,150,0.001,17,0,0.0008,0.0001,0.0001,52,0.004,16,0.001,10870,0.06,8664,0.048,4607,0.069,3854,0.058,0.03,0.07,0.31,2.2,0.03,0.03,0.01,0.01,0.06,0.04,Uncertain
"Washington County, MS",28151,Micropolitan,"Greenville, MS",Micropolitan,MS,4,43909,1,0.015,0,0,0,0,0,12,27,0,0,-0.52,,0,25,57,0,0,5405,12310,135,307,0,5,ModerateBurden,,Moderate,Substantial,0.023,30,68,0,0.98,-0.002,-0.29,0,-0.02,0.025,42,96,0,1,2,1,0,0,0.66,0.03,0.77,0.01,0.22,0,1,,-0.02,0,-0.03,-0.03,-0.01,-0.02,2,159,26,41,1,1,1,1,15074,0.343,11379,0.259,50,0.014,337,0.01,53,0.007,0.0092,0.0065,0.0049,142,0.038,32,0.009,14929,0.457,11346,0.347,5690,0.777,4665,0.637,0.18,0.33,0.17,2.5,0.72,0.02,0,0.01,0.98,0.84,Uncertain
"Phelps County, MO",29161,Micropolitan,"Rolla, MO",Micropolitan,MO,7,44573,1,0.007,0,1,7117,0.16,0,12,27,1,2.2,-0.5,,0,24,54,0,0,3910,8772,131,294,0,3,ModerateBurden,,Moderate,Substantial,0.018,691,1550,0,0.99,-0.02,-0.03,0,-0.01,0.038,714,1602,0,1,3,2,0,0,0.75,0.03,0.61,0.13,0.11,0.11,0,-1,-0.02,0.01,-0.02,0.04,-0.01,0.02,1,122,11,11,1,1,1,1,14697,0.33,12804,0.287,37,0.012,138,0.004,21,0.003,-0.0075,-0.0017,0.0001,401,0.125,167,0.052,14296,0.406,12637,0.359,4953,0.655,4546,0.602,0.09,0.22,0.17,2.4,0.02,0.03,0.01,0.04,0.66,0.3,Uncertain
"Sumner County, KS",20191,Medium metro,"Wichita, KS",Metropolitan,KS,7,22836,0.036,0.008,0,0,0,0,0,12,53,0,0,3,-1,0,3,13,1,4.4,2200,9634,52,228,0,0,ModerateBurden,,Substantial,Moderate,0.082,73,320,0,1,0.02,-0.43,0,0.02,0.062,129,565,0,0.98,0,0,0,0,0.13,0,,,0,0,,,-0.05,0,,,0,0,1,12,0,2,1,1,1,1,7309,0.32,6563,0.287,17,0.009,69,0.004,10,0.002,-0.001,-0.0016,-0.0021,111,0.056,44,0.022,7198,0.416,6519,0.377,2875,0.656,2719,0.62,0.09,0.12,0.19,2.4,0.01,0.06,0.01,0.01,0.22,0.26,Likely Decreasing
"Saguache County, CO",8109,Non-core,,,CO,8,6824,,0.001,0,0,0,0,0,12,176,1,14.7,5,,0,2,29,0,0,411,6023,5,73,0,22,ModerateBurden,,High,Moderate,0.095,41,601,1,1,0.054,-0.36,0,0,0.041,64,938,1,1,,,,,,,,,,,,,,,,,,,,,,,,,,,864,0.127,953,0.14,11,0.02,9,0.002,,,0.018,-0.0007,-0.0018,21,0.038,4,0.007,843,0.157,949,0.176,247,0.148,360,0.215,0.17,0.18,0.25,2.4,0.01,0.36,0.02,0.01,0.81,0.43,Uncertain
"Sauk County, WI",55111,Micropolitan,"Baraboo, WI",Micropolitan,WI,5,64442,1,0.011,0,0,0,0,0,12,19,1,1.6,-0.4,0,0,20,31,1,1.6,6223,9657,56,87,0,47,ModerateBurden,,Moderate,Moderate,0.014,579,898,1,0.99,-0.018,-0.35,0,-0.01,0.033,894,1387,1,1,4,5,21,25,0.48,0.01,0.36,0.03,0.04,0,-0.43,0.24,0.03,-0.01,0.03,0.03,-0.02,-0.01,3,83,10,19,1,1,1,1,33145,0.514,28924,0.449,227,0.045,375,0.008,26,0.002,0.0079,-0.0039,-0.0007,1339,0.263,496,0.097,31803,0.638,28428,0.571,11286,0.919,10824,0.881,0.06,0.1,0.19,2.4,0.01,0.05,0.01,0.01,0.23,0.1,Uncertain
"Orange County, VA",51137,Non-core,,,VA,3,37051,,0.004,0,0,0,0,0,12,32,2,5.4,0.71,,0,7,19,0,0,2238,6040,40,108,0,32,ModerateBurden,,Moderate,Moderate,0.014,216,583,1,0.94,-0.007,-0.35,0,-0.06,0.021,330,891,1,1,,,,,,,,,,,,,,,,,,,,,,,,,,,1921,0.052,1693,0.046,8,0.003,32,0.001,4,0.001,0.0008,-0.0003,0,38,0.015,22,0.009,1883,0.064,1671,0.057,728,0.095,659,0.086,0.1,0.09,0.21,2.6,0.13,0.06,0,0.01,0.46,0.57,Likely Decreasing
"Estill County, KY",21065,Non-core,"Richmond-Berea, KY",Micropolitan,KY,4,14106,0.132,0.003,0,0,0,0,0,12,85,1,7.1,0.2,,0,10,71,0,0,1150,8153,12,85,0,15,ModerateBurden,,Substantial,Substantial,0.065,176,1248,0,1,-0.012,-0.3,0,0,0.077,252,1786,0,1,0,0,0,0,0.53,0.01,,,0,0,,,-0.07,0,,,0,0,1,25,0,6,1,1,1,1,5310,0.376,4530,0.321,5,0.005,72,0.006,8,0.003,-0.0055,-0.0004,0.0004,176,0.161,27,0.025,5134,0.463,4503,0.406,2006,0.74,1847,0.681,0.06,0.33,0.19,2.6,0,0.01,0,0,0.8,0.94,Likely Decreasing
"Carroll County, NH",33003,Non-core,,,NH,1,48910,,0.036,0,0,0,0,0,12,25,1,2,0.5,,0,8,16,0,0,2471,5052,12,25,0,43,ModerateBurden,,Moderate,Moderate,0.019,435,889,,,-0.001,-0.21,,,0.019,551,1127,,,0,0,13,22,0.49,0,0.41,0,0.03,0,-1,0.3,0.01,-0.01,0.16,-0.02,-0.03,-0.01,2,58,7,16,1,1,1,1,31172,0.637,26658,0.545,103,0.037,242,0.006,40,0.003,-0.1051,0.0058,0.0028,1144,0.409,599,0.214,30015,0.725,26055,0.629,12169,0.859,10925,0.771,0.1,0.1,0.29,2.2,0.01,0.02,0,0.01,0.06,0.13,Uncertain
"Stone County, MS",28131,Non-core,"Gulfport-Biloxi, MS",Metropolitan,MS,4,18336,0.044,0.006,0,0,0,0,0,12,65,0,0,-0.08,,0,13,71,0,0,1862,10155,33,180,0,4,ModerateBurden,,Substantial,Substantial,0.095,59,322,0,0.98,0.034,-0.06,0,0.01,0.062,63,344,0,0.97,,,,,,,,,,,,,,,,,,,,,,,,,,,5429,0.296,4457,0.243,14,0.01,88,0.006,9,0.003,0.0052,0.0039,0.001,58,0.043,19,0.014,5371,0.373,4438,0.309,2369,0.769,2074,0.673,0.13,0.17,0.17,2.9,0.19,0.02,0.01,0,0.6,0.72,Uncertain
"Grayson County, TX",48181,Small metro,"Sherman-Denison, TX",Metropolitan,TX,6,136212,1,0.005,0,0,1295,0.01,0,12,9,0,0,-0.14,-1,0,14,10,1,0.7,11360,8340,342,251,0,41,LowBurden,,Low,Moderate,0.022,709,521,0,0.98,-0.006,-0.3,0,0.03,0.029,1010,741,0,0.95,3,1,2,0,0.86,0.01,0.81,0.07,0.36,0.01,-0.49,1.04,-0.03,0,-0.07,0.02,-0.01,0,5,441,61,147,0.8,0.8,1,0.8,,,,,,,,,,,,,,,,,,,,,,,,,,0.17,0.14,0.18,2.6,0.06,0.14,0.01,0.01,0.66,0.53,Uncertain
"Washington County, IA",19183,Small metro,"Iowa City, IA",Metropolitan,IA,7,21965,0.127,0.007,0,0,0,0,0,12,55,0,0,5,,0,2,9,0,0,2566,11682,51,232,0,0,ModerateBurden,,Substantial,Low,0.049,133,606,0,1,0.036,-0.45,0,0.03,0.013,244,1111,0,0.97,1,7,0,0,0.6,0.01,,,0,0,,,0.04,0.01,,,0,0,1,15,0,1,1,1,1,1,10357,0.472,9412,0.428,21,0.012,61,0.004,5,0.001,-0.0205,-0.0041,-0.0023,350,0.194,150,0.083,10006,0.603,9262,0.558,3709,0.846,3557,0.811,0.08,0.09,0.2,2.5,0.01,0.07,0,0.01,0.22,0.71,Uncertain
"Nelson County, KY",21179,Micropolitan,"Bardstown, KY",Micropolitan,KY,4,46233,1,0.01,0,0,0,0,0,12,26,3,6.5,-0.33,,0,18,39,0,0,4980,10772,60,130,0,36,ModerateBurden,,Moderate,Moderate,0.017,279,603,1,0.98,-0.007,-0.47,0,-0.01,0.024,531,1149,1,0.99,0,0,0,0,0.67,0.01,0.49,0,0.02,0,-1,,0.06,0,-0.01,0,0.01,0,1,40,12,16,1,1,1,1,21218,0.459,17522,0.379,65,0.018,191,0.005,19,0.003,-0.0432,-0.0051,-0.0033,709,0.192,223,0.06,20507,0.579,17298,0.489,6725,0.901,5896,0.79,0.05,0.11,0.16,2.6,0.05,0.02,0,0.01,0.29,0.54,Uncertain
"Coconino County, AZ",4005,Small metro,"Flagstaff, AZ",Metropolitan,AZ,9,143476,1,0.02,0,1,23853,0.166,0,12,8,1,0.7,-0.2,0,0,15,10,1,0.7,17876,12459,331,231,0,39,LowBurden,,Low,Moderate,0.028,1039,724,0,0.99,0.007,-0.09,0,0,0.021,1144,797,0,0.99,4,1,2,1,0.8,0.03,0.87,0.05,0.09,0,-0.69,-0.5,-0.03,-0.01,-0.03,0.02,-0.02,0,3,283,41,71,1,1,1,1,91445,0.637,72002,0.502,263,0.027,562,0.005,52,,-0.0195,-0.0026,0,4797,0.488,2452,0.249,86641,0.755,69548,0.606,21299,0.999,18420,0.987,0.12,0.19,0.13,2.7,0.01,0.14,0.26,0.02,0.71,0.22,Uncertain
"Prince George County, VA",51149,Large fringe metro,"Richmond, VA",Metropolitan,VA,3,38353,0.03,0.004,0,0,0,0,0,12,31,1,2.6,-0.71,0,0,42,110,1,2.6,3622,9444,32,83,0,3,ModerateBurden,,Moderate,High,0.045,183,477,1,0.96,-0.076,-0.29,0,-0.02,0.122,258,673,1,0.98,,,,,,,,,,,,,,,,,,,,,,,,,,,7285,0.19,4345,0.113,7,0.002,75,0.003,,,-0.0011,-0.0439,-0.0002,50,0.018,20,0.007,7234,0.242,4325,0.145,547,0.099,505,0.091,0.07,0.09,0.14,3,0.31,0.09,0.01,0.02,0.32,0.58,Uncertain
"Cerro Gordo County, IA",19033,Micropolitan,"Mason City, IA",Micropolitan,IA,7,42450,0.852,0.013,0,0,0,0,0,12,28,0,0,-0.62,-1,0,32,75,1,2.4,5512,12985,90,212,0,9,ModerateBurden,,Moderate,Substantial,0.019,513,1208,0,0.99,-0.014,-0.19,0,-0.01,0.033,631,1486,0,1,3,1,0,0,0.61,0.02,0.62,0,0.35,0,-0.81,,-0.03,-0.03,-0.22,-0.17,-0.1,-0.05,1,215,18,54,1,1,1,1,21673,0.511,19683,0.464,85,0.029,191,0.006,20,0.002,0.0084,-0.0023,-0.0002,647,0.218,225,0.076,21026,0.625,19458,0.579,8228,0.868,7860,0.829,0.06,0.11,0.22,2.2,0.02,0.05,0,0.01,0.25,0.15,Uncertain
"Caldwell County, MO",29025,Large fringe metro,"Kansas City, MO-KS",Metropolitan,MO,7,9020,0.004,0.001,0,0,0,0,0,12,133,1,11.1,-0.52,,0,25,277,0,0,822,9113,15,166,0,0,ModerateBurden,,High,High,0.075,60,665,1,0.95,-0.032,0.22,0,-0.05,0.107,49,543,1,1,,,,,,,,,,,,,,,,,,,,,,,,,,,2504,0.278,2219,0.246,6,0.008,32,0.005,6,0.003,0.0025,-0.0003,0,30,0.038,12,0.015,2474,0.357,2207,0.319,1127,0.622,1056,0.583,0.08,0.15,0.2,2.4,0.01,0.02,0.01,0,0.45,0.93,Uncertain
"Woodbury County, IA",19193,Small metro,"Sioux City, IA-NE-SD",Metropolitan,IA,7,103107,0.713,0.033,0,0,2079,0.02,0,12,12,0,0,-0.45,-1,0,22,21,1,1,15215,14757,229,222,0,63,ModerateBurden,,Moderate,Moderate,0.021,560,543,0,0.99,-0.005,-0.24,0,-0.01,0.026,734,712,0,1,5,1,3,1,0.56,0.01,0.42,0.03,0.1,0,-0.44,0.5,0,0,-0.01,0,0.03,-0.01,2,462,54,93,1,1,1,1,44564,0.432,40154,0.389,116,0.013,365,0.005,21,0.001,-0.0097,-0.0027,-0.0018,1605,0.176,828,0.091,42957,0.562,39324,0.515,13375,0.843,12660,0.798,0.07,0.13,0.15,2.6,0.04,0.17,0.02,0.03,0.7,0.26,Uncertain
"Hanover County, VA",51085,Large fringe metro,"Richmond, VA",Metropolitan,VA,3,107766,0.083,0.013,0,0,1464,0.014,0,11,10,3,2.8,-0.5,,0,22,20,0,0,8204,7613,164,152,0,14,ModerateBurden,,Moderate,Moderate,0.016,758,703,1,0.99,-0.009,-0.1,0,0,0.025,839,779,1,0.99,8,3,9,4,0.87,0.03,0.6,0.02,0.12,0,0.14,-0.01,0,-0.01,-0.03,-0.02,-0.05,-0.02,1,242,28,59,1,1,1,1,30241,0.281,26366,0.245,146,0.016,276,0.003,34,0.002,-0.0001,-0.0013,-0.0001,1973,0.222,825,0.093,28152,0.333,25531,0.302,7834,0.396,7441,0.376,0.05,0.06,0.18,2.7,0.09,0.03,0,0.02,0.02,0.02,Uncertain
"Clearwater County, ID",16035,Non-core,,,ID,10,8756,,0.005,0,0,0,0,0,11,126,0,0,0,-1,0,11,126,1,11.4,1080,12334,14,160,0,0,ModerateBurden,,High,High,0.033,45,514,1,0.77,0.016,-0.62,0,-0.11,0.017,120,1370,1,0.88,3,15,0,0,0.61,0.08,,,0,0,2,,-0.01,0,,,0,0,1,20,0,4,1,1,1,1,2849,0.325,2601,0.297,,,47,0.006,14,0.006,0,0.0034,0.0024,1,0.002,,,2848,0.386,2601,0.353,1629,0.665,1532,0.625,0.11,0.13,0.28,2.1,0.01,0.04,0.02,0.01,0.44,0.21,Uncertain
"Becker County, MN",27005,Non-core,,,MN,5,34423,,0.006,0,0,0,0,0,11,32,0,0,-0.31,-1,0,16,46,1,2.9,3861,11216,55,160,0,39,ModerateBurden,,Moderate,Moderate,0.009,673,1955,1,0.9,-0.013,-0.29,0,0,0.022,954,2771,1,0.9,0,0,0,0,0.68,0.04,0.48,0.04,0,0,-1,,0.03,-0.05,-0.14,-0.29,0,0,1,29,8,11,1,1,1,1,15278,0.444,13745,0.399,35,0.012,70,0.003,16,0.002,-0.0037,-0.0015,-0.0021,437,0.149,243,0.083,14823,0.568,13499,0.517,6231,0.857,5805,0.798,0.07,0.12,0.21,2.5,0.01,0.02,0.07,0.01,0.3,0.14,Uncertain
"McKinley County, NM",35031,Micropolitan,"Gallup, NM",Micropolitan,NM,6,71367,1,0.034,0,0,868,0.012,0,11,15,1,1.4,1.2,,0,5,7,0,0,12350,17305,478,670,0,14,ModerateBurden,,Moderate,Low,0.02,501,702,2,0.99,-0.011,-0.11,0,-0.01,0.031,561,786,2,1,11,11,3,3,0.61,0.03,0.75,0.05,0.02,0,-0.02,-0.67,0.02,-0.01,-0.04,0.01,-0.04,0,4,102,13,20,1,1,1,1,63485,0.89,55237,0.774,434,0.062,362,,30,,-0.1039,0,0,6577,0.94,2914,0.416,56881,0.999,52312,0.999,11856,0.999,10958,0.999,0.21,0.36,0.13,3.6,0,0.14,0.74,0.01,0.99,0.96,Uncertain
"Blue Earth County, MN",27013,Small metro,"Mankato, MN",Metropolitan,MN,5,67653,0.664,0.012,0,1,11760,0.174,0,11,16,0,0,-0.5,-1,0,22,33,1,1.5,7616,11257,42,62,0,32,ModerateBurden,,Moderate,Moderate,0.011,1660,2454,0,0.95,-0.007,-0.18,-1,-0.04,0.017,2015,2978,1,1,3,2,5,4,0.85,0.04,0.88,0.03,0.05,0,-0.57,-0.28,0,-0.03,0.06,-0.19,0.01,-0.01,1,142,9,35,1,1,1,1,33680,0.498,29581,0.437,149,0.034,301,0.006,27,0.003,0.0052,-0.0025,-0.0015,1411,0.319,674,0.152,32192,0.594,28903,0.533,9139,0.949,8668,0.9,0.04,0.18,0.14,2.4,0.04,0.04,0,0.02,0.28,0.03,Uncertain
"Starke County, IN",18149,Non-core,,,IN,5,22995,,0.003,0,0,0,0,0,11,48,0,0,-0.72,,0,40,174,0,0,2262,9837,55,239,0,4,ModerateBurden,,Moderate,High,0.074,105,457,1,0.97,-0.016,-0.47,0,-0.02,0.09,199,865,1,0.99,0,0,0,0,0.45,0,0,0,0,0,,,0.13,-0.02,0,0,0,0,1,13,1,2,1,1,1,1,6684,0.291,5720,0.249,9,0.005,95,0.005,8,0.002,-0.0141,-0.0021,-0.0039,114,0.062,50,0.027,6569,0.369,5670,0.318,2840,0.649,2618,0.599,0.06,0.14,0.19,2.6,0,0.04,0,0,0.34,0.57,Uncertain
"Marquette County, WI",55077,Non-core,,,WI,5,15574,,0.003,0,0,0,0,0,11,71,0,0,0.83,,0,6,39,0,0,1594,10235,28,180,0,0,ModerateBurden,,Substantial,Moderate,0.042,118,758,1,1,-0.006,-0.37,0,0,0.048,187,1201,1,1,,,,,,,,,,,,,,,,,,,,,,,,,,,6694,0.43,6141,0.394,44,0.042,71,0.006,12,0.003,0.0152,-0.0008,-0.0015,162,0.154,44,0.042,6531,0.519,6097,0.485,3102,0.794,2999,0.768,0.07,0.11,0.25,2.3,0.01,0.04,0.01,0.01,0.26,0.29,Uncertain
"Wyoming County, PA",42131,Medium metro,"Scranton--Wilkes-Barre, PA",Metropolitan,PA,3,26794,0.048,0.002,0,0,1124,0.042,0,11,41,0,0,-0.67,-1,0,33,123,1,3.7,1984,7405,54,202,0,6,ModerateBurden,,Moderate,High,0.059,175,653,1,0.99,-0.036,-0.37,0,0,0.095,276,1030,1,1,1,10,0,0,0.5,0,,,0,0,0,,0.19,0,,,0,0,1,10,0,5,1,1,1,1,13677,0.51,11184,0.417,159,0.082,257,0.012,56,0.01,0.0171,-0.0043,-0.0032,506,0.262,175,0.091,13168,0.61,11008,0.51,5067,0.864,4407,0.752,0.05,0.1,0.22,2.5,0.01,0.02,0,0,0.11,0.23,Likely Decreasing
"Logan County, IL",17107,Micropolitan,"Lincoln, IL",Micropolitan,IL,5,28618,1,0.002,0,0,1142,0.04,0,11,38,0,0,-0.58,-1,0,26,91,2,7,3960,13837,62,217,0,29,ModerateBurden,,Moderate,Substantial,0.003,1227,4288,0,1,-0.009,-0.22,-1,0,0.012,1565,5469,1,1,1,4,0,0,0.65,0.02,,,0,0,0,,-0.04,-0.03,,,0,0,1,25,0,8,1,1,1,1,11998,0.419,9432,0.33,32,0.017,140,0.006,17,0.003,-0.0136,-0.0032,-0.0028,357,0.186,136,0.071,11626,0.503,9294,0.402,4629,0.868,3791,0.711,0.05,0.09,0.19,2.3,0.08,0.03,0,0.01,0.23,0.72,Uncertain
"Graham County, AZ",4009,Micropolitan,"Safford, AZ",Micropolitan,AZ,9,38837,1,0.005,0,0,0,0,0,11,28,0,0,0.1,-1,0,10,26,1,2.6,5633,14504,83,214,0,15,ModerateBurden,,Moderate,Moderate,0.049,126,324,1,0.93,0.004,-0.37,0,0.05,0.045,199,512,1,0.88,4,11,0,0,0.55,0.01,0.48,0,0,0,3,,-0.13,-0.02,-0.07,0,0,0,1,35,6,19,1,1,1,1,18107,0.466,15764,0.406,33,0.01,153,0.005,18,0.003,-0.002,-0.0002,0.0015,339,0.098,179,0.052,17766,0.624,15584,0.547,5089,0.935,4694,0.863,0.08,0.21,0.14,3.1,0.02,0.33,0.12,0.01,0.96,0.74,Uncertain
"Dillon County, SC",45033,Non-core,,,SC,4,30479,,0.006,0,0,0,0,0,11,36,0,0,0.57,,0,7,23,0,0,4411,14472,85,279,0,0,ModerateBurden,,Moderate,Moderate,0.033,296,971,1,0.99,0.012,-0.27,0,-0.01,0.02,408,1339,1,0.99,3,8,0,0,0.64,0.06,0.6,0.1,0.12,0,0,,0,0.03,0.07,0.1,0.02,0,1,39,6,8,1,1,1,1,9704,0.318,8334,0.273,13,0.005,144,0.006,32,0.006,-0.0007,0,0.0019,133,0.049,66,0.024,9567,0.42,8268,0.363,3862,0.739,3502,0.67,0.14,0.34,0.17,2.8,0.47,0.03,0.03,0.01,0.97,0.94,Likely Decreasing
"Shelby County, IN",18145,Large fringe metro,"Indianapolis-Carmel-Anderson, IN",Metropolitan,IN,5,44729,0.022,0.007,0,0,0,0,0,11,25,0,0,-0.08,-1,0,12,27,1,2.2,4995,11167,97,217,0,26,ModerateBurden,,Moderate,Moderate,0.031,395,883,1,0.97,0.004,1.08,0,0.22,0.028,190,425,1,0.75,3,5,0,0,0.52,0.04,0.37,0.05,0.02,0,-0.57,,-0.01,-0.05,-0.02,-0.07,-0.07,-0.09,1,56,14,15,1,1,1,1,19879,0.444,17171,0.384,63,0.017,220,0.006,15,0.002,-0.0041,-0.004,-0.0022,655,0.181,236,0.065,19224,0.555,16935,0.489,6739,0.861,6382,0.815,0.07,0.11,0.18,2.5,0.01,0.04,0,0.01,0.22,0.58,Uncertain
"Gilmer County, GA",13123,Non-core,,,GA,4,31369,,0.003,0,0,0,0,0,11,35,0,0,0.1,-1,0,10,32,2,6.4,3010,9595,87,277,0,20,ModerateBurden,,Moderate,Moderate,0.024,135,430,0,0.97,-0.005,-0.07,0,-0.01,0.029,145,462,0,0.98,,,,,,,,,,,,,,,,,,,,,,,,,,,2100,0.067,2062,0.066,35,0.017,116,0.005,24,0.003,0.0102,-0.0007,-0.001,60,0.029,22,0.011,2040,0.08,2040,0.08,871,0.109,871,0.109,0.21,0.16,0.26,2.6,0.01,0.12,0,0.01,0.56,0.88,Uncertain
"Spotsylvania County, VA",51177,Large fringe metro,"Washington-Arlington-Alexandria, DC-VA-MD-WV",Metropolitan,VA,3,136215,0.022,0.016,0,0,0,0,0,11,8,1,0.7,-0.74,-0.5,0,42,31,2,1.5,10143,7446,123,90,0,42,LowBurden,,Low,Moderate,0.018,834,612,1,0.98,-0.029,-0.18,0,0,0.048,1022,750,1,0.98,3,2,1,1,0.67,0.02,0.43,0.08,0.1,0.03,0.5,,0.03,0.01,-0.01,0,0.04,0,1,141,12,35,1,1,1,1,14828,0.109,12303,0.09,88,0.007,183,0.002,25,0.001,-0.0065,-0.0009,-0.0008,628,0.052,246,0.02,14178,0.138,12055,0.117,3780,0.188,3231,0.161,0.08,0.08,0.15,3,0.16,0.11,0,0.03,0.22,0.41,Uncertain
"Lewis County, WV",54041,Non-core,,,WV,3,15907,,0.009,0,0,0,0,0,11,69,0,0,0.1,,0,10,63,0,0,1272,7996,21,132,0,10,ModerateBurden,,Substantial,Substantial,0.024,208,1308,1,1,-0.047,-0.5,0,0,0.071,417,2621,1,1,1,5,0,0,0.79,0.1,0.52,0.36,0.01,0,-0.77,,-0.03,0.01,-0.31,-0.14,-0.04,0,1,21,6,12,1,1,1,1,4713,0.296,3992,0.251,12,0.011,66,0.005,9,0.003,-0.0044,-0.0081,-0.0083,160,0.141,47,0.041,4552,0.362,3945,0.314,1768,0.526,1649,0.49,0.07,0.21,0.21,2.4,0.01,0.01,0,0.01,0.68,0.36,Uncertain
"Stoddard County, MO",29207,Non-core,,,MO,7,29025,,0.005,0,0,0,0,0,11,38,0,0,2.67,,0,3,10,0,0,2517,8672,41,141,0,9,ModerateBurden,,Moderate,Moderate,0.043,94,324,1,0.87,0.01,-0.37,1,-0.11,0.033,149,513,0,0.98,1,3,0,0,0.38,0,0.07,0,0,0,-0.06,,-0.16,0,0.07,0,0,0,1,36,2,3,1,1,1,1,8115,0.28,6852,0.236,12,0.005,77,0.003,14,0.002,0.0004,-0.0013,0,79,0.035,25,0.011,8036,0.354,6827,0.301,3791,0.643,3368,0.571,0.12,0.16,0.2,2.5,0.01,0.02,0,0,0.46,0.71,Uncertain
"Genesee County, NY",36037,Micropolitan,"Batavia, NY",Micropolitan,NY,2,57280,1,0.003,0,0,0,0,0,11,19,0,0,-0.35,-1,0,17,30,1,1.7,5432,9483,124,216,0,50,ModerateBurden,,Moderate,Moderate,0.005,1709,2984,1,0.98,-0.005,-0.15,0,-0.02,0.009,2004,3499,1,0.99,1,1,0,0,0.26,0.01,0.6,0.05,0.17,0,-0.75,,0.01,-0.01,0.01,0.01,-0.02,0,1,131,12,32,1,1,1,1,27513,0.48,24365,0.425,77,0.019,372,0.008,48,0.004,-0.0218,-0.0072,-0.0024,816,0.198,410,0.099,26697,0.585,23955,0.524,9269,0.839,8529,0.772,0.04,0.11,0.19,2.4,0.03,0.03,0.01,0.01,0.19,0.3,Uncertain
"Nodaway County, MO",29147,Micropolitan,"Maryville, MO",Micropolitan,MO,7,22092,1,0.004,0,1,5440,0.246,0,11,50,0,0,1.2,,0,5,23,0,0,2715,12290,25,113,0,0,ModerateBurden,,High,Moderate,0.107,140,634,0,1,0.072,-0.27,0,0.01,0.035,193,874,0,0.99,2,7,0,0,0.76,0.03,0,0,0,0,,,-0.1,0.02,-0.36,0,0,0,1,27,2,6,1,1,1,1,8079,0.366,7326,0.332,12,0.01,51,0.003,2,0.001,-0.0025,-0.0008,-0.0012,133,0.111,60,0.05,7946,0.426,7266,0.389,2848,0.824,2756,0.798,0.08,0.23,0.16,2.3,0.03,0.02,0,0.01,0.22,0.09,Uncertain
"Covington County, MS",28031,Non-core,"Hattiesburg, MS",Metropolitan,MS,4,18636,0.11,0.006,0,0,0,0,0,11,59,0,0,-0.27,,0,15,80,0,0,2658,14263,81,435,0,6,ModerateBurden,,Substantial,Substantial,0.017,155,832,1,1,-0.001,0.36,-1,0,0.019,114,612,2,1,0,0,0,0,0.49,0,,,0,0,,,-0.03,0,,,0,0,1,25,0,2,1,1,1,1,5888,0.316,4983,0.267,10,0.006,82,0.006,13,0.004,0.0039,0.0033,0.0028,51,0.033,19,0.012,5836,0.415,4964,0.353,2519,0.787,2260,0.706,0.14,0.24,0.17,2.8,0.36,0.02,0,0,0.79,0.88,Uncertain
"Dickinson County, KS",20041,Non-core,,,KS,7,18466,,0.006,0,0,0,0,0,11,60,0,0,2.67,,0,3,16,0,0,1789,9688,45,244,0,18,ModerateBurden,,High,Moderate,0.27,25,135,0,0.97,0.22,-0.64,0,-0.03,0.05,69,374,0,1,2,4,0,0,0.35,0.02,,,0,0,,,0.03,0.02,,,0,0,2,50,0,2,1,1,1,1,7486,0.405,6804,0.368,16,0.01,65,0.005,9,0.002,-0.0019,-0.0082,-0.008,126,0.08,62,0.039,7359,0.519,6742,0.475,2718,0.725,2521,0.673,0.07,0.13,0.2,2.4,0.01,0.05,0.01,0.01,0.33,0.42,Uncertain
"Bulloch County, GA",13031,Micropolitan,"Statesboro, GA",Micropolitan,GA,4,79608,1,0.007,0,1,20843,0.262,0,11,14,0,0,0.57,-1,0,7,9,3,3.8,6842,8595,120,151,0,36,ModerateBurden,,Moderate,Low,0.055,133,167,0,0.88,0.012,-0.28,0,0.04,0.043,185,232,0,0.84,0,0,0,0,0.82,0.03,0.73,0.09,0.13,0.05,-1,,0.03,0.02,0.07,0.05,0,0.02,1,135,31,40,1,1,1,1,16942,0.213,14384,0.181,139,0.027,247,0.004,31,0.003,0.0191,-0.0006,-0.0013,346,0.067,139,0.027,16594,0.26,14245,0.223,5924,0.639,5285,0.57,0.13,0.29,0.12,2.5,0.29,0.04,0,0.01,0.81,0.5,Uncertain
"Colfax County, NM",35007,Non-core,,,NM,6,11941,,0.006,0,0,0,0,0,11,92,0,0,1.75,,0,4,33,0,0,792,6633,44,368,0,0,ModerateBurden,,Substantial,Substantial,0.018,100,837,2,0.96,-0.081,-0.36,0,0,0.099,156,1306,2,0.96,1,6,0,0,0.32,0.05,0.25,0.21,0,0,-0.5,,0,0.02,-0.07,0.07,0,0,1,18,4,4,1,1,1,1,2633,0.221,3477,0.291,22,0.029,92,0.009,20,0.006,0.0159,0.0068,0.0046,112,0.149,50,0.066,2521,0.257,3427,0.35,773,0.237,1266,0.388,0.08,0.24,0.27,2.1,0.01,0.49,0.01,0.01,0.96,0.59,Uncertain
"Morgan County, KY",21175,Non-core,,,KY,4,13309,,0.003,0,0,0,0,0,11,83,0,0,0.1,,0,10,75,0,0,2302,17297,3,23,0,38,ModerateBurden,,Substantial,High,0.093,103,774,1,0.99,-0.02,-0.5,0,-0.01,0.113,205,1540,1,1,0,0,0,0,0.21,0,,,0,0,-1,,-0.14,-0.02,,,0,0,1,14,0,4,1,1,1,1,4961,0.373,4529,0.34,9,0.01,41,0.004,5,0.002,0.0023,-0.0005,-0.0026,57,0.065,24,0.027,4904,0.448,4505,0.412,1384,0.598,1291,0.557,0.06,0.25,0.17,2.4,0.05,0.01,0,0.01,0.83,0.81,Likely Decreasing
"Wise County, VA",51195,Micropolitan,"Big Stone Gap, VA",Micropolitan,VA,3,37383,0.904,0.004,0,0,1153,0.031,0,11,29,0,0,0.1,-1,0,10,27,1,2.7,3252,8699,100,268,0,18,ModerateBurden,,Moderate,Substantial,0.066,145,388,1,0.96,-0.023,-0.33,1,-0.01,0.088,217,580,0,0.97,1,2,1,2,1.01,0,0.67,0,0.09,0,,,0.17,0,-0.05,0,-0.05,0,1,43,9,29,1,1,1,1,8825,0.236,6646,0.178,18,0.007,105,0.003,33,0.005,-0.0086,-0.0008,0.002,219,0.086,92,0.036,8596,0.284,6554,0.217,3234,0.451,2503,0.349,0.11,0.22,0.19,2.4,0.06,0.01,0,0,0.86,0.68,Uncertain
"Clay County, KY",21051,Non-core,"London, KY",Micropolitan,KY,4,19901,0.134,0.004,0,0,0,0,0,11,55,1,5,1.75,0,0,4,20,1,5,2695,13542,46,231,0,0,ModerateBurden,,Substantial,Moderate,0.05,164,824,0,1,0.045,-0.29,0,0,0.005,230,1156,0,1,0,,0,,,,1,0,0,0,,,,,0,0,0,0,1,0,6,12,1,0,1,1,6043,0.304,5294,0.266,9,0.006,69,0.004,13,0.004,-0.0035,-0.0036,-0.0052,79,0.055,30,0.021,5964,0.38,5264,0.335,1889,0.61,1720,0.555,0.08,0.39,0.16,2.5,0.04,0.02,0,0,0.91,0.87,Likely Decreasing
"Washington County, VA",51191,Medium metro,"Kingsport-Bristol, TN-VA",Metropolitan,VA,3,53740,0.175,0.006,0,0,1219,0.023,0,11,20,0,0,-0.31,,0,16,30,0,0,4991,9287,110,205,0,41,ModerateBurden,,Moderate,Substantial,0.072,222,413,1,1,-0.016,-0.27,1,0,0.089,306,569,0,0.99,2,2,0,0,0.88,0.07,0.71,0.24,0.22,0.06,-0.36,,-0.02,0.01,-0.09,0.11,0.03,0.01,1,87,10,29,1,1,1,1,19423,0.361,16439,0.306,45,0.013,187,0.004,46,0.004,0.0053,-0.0012,-0.0004,512,0.144,285,0.08,18899,0.429,16154,0.366,7822,0.616,6965,0.548,0.09,0.15,0.24,2.4,0.01,0.02,0,0.01,0.36,0.65,Uncertain
"Winona County, MN",27169,Micropolitan,"Winona, MN",Micropolitan,MN,5,50484,1,0.009,0,1,10244,0.203,0,11,22,1,2,0.1,,0,10,20,0,0,4605,9122,51,101,0,22,ModerateBurden,,Moderate,Moderate,0.025,714,1414,0,0.99,0,-0.34,0,-0.01,0.025,1085,2149,0,1,1,2,0,0,0.25,0,0.33,0,0.03,0,,,-0.09,0,-0.19,0,0.03,0,1,49,9,5,1,1,1,1,26358,0.522,22551,0.447,40,0.013,171,0.004,23,0.003,-0.0182,-0.0012,-0.0009,1179,0.37,635,0.199,25113,0.605,21894,0.527,8215,0.923,7464,0.839,0.05,0.14,0.18,2.4,0.02,0.03,0,0.03,0.21,0.08,Uncertain
"Toa Alta Municipio, PR",72135,,"San Juan-Bayamón-Caguas, PR",Metropolitan,PR,2,,,,,0,0,0,0,11,15,0,0,-0.35,,0,17,24,0,0,3918,5440,0,0,0,,,,Moderate,Moderate,0.026,441,612,,,-0.006,-0.41,,,0.033,749,1040,,,,,,,,,,,,,,,,,,,,,,,,,,,,,30797,0.428,23308,0.324,122,0.024,619,0.01,70,0.006,-0.0258,-0.008,-0.0051,1490,0.291,677,0.132,29299,0.496,22630,0.383,6148,0.57,5167,0.479,0.07,0.29,,,,,,,,,
"Athens County, OH",39009,Micropolitan,"Athens, OH",Micropolitan,OH,5,65327,1,0.006,0,1,20184,0.309,0,11,17,0,0,0.1,,0,10,15,0,0,5231,8007,60,92,0,39,ModerateBurden,,Moderate,Moderate,0.01,989,1514,1,0.99,0,-0.11,0,0,0.01,1117,1710,1,0.99,2,7,4,14,0.94,0.04,0.96,0,0.21,0.04,0.31,,0.37,0.02,0.39,-0.04,0.06,0.04,1,29,3,14,1,1,1,1,25671,0.393,24329,0.372,62,0.018,230,0.004,22,0.002,0,-0.0026,-0.0019,916,0.272,364,0.108,24755,0.443,23965,0.429,7018,0.787,6717,0.753,0.06,0.31,0.14,2.5,0.03,0.02,0,0.03,0.73,0.34,Uncertain
"Shelby County, KY",21211,Large fringe metro,"Louisville/Jefferson County, KY-IN",Metropolitan,KY,4,49024,0.039,0.011,0,0,0,0,0,11,22,7,14.3,-0.08,,0,12,24,0,0,4808,9807,78,159,0,21,ModerateBurden,,Moderate,Moderate,0.041,285,581,0,0.98,0.02,-0.2,0,-0.02,0.021,358,730,0,0.99,1,1,0,0,0.04,0,,,0.17,0,-0.67,,0.01,0,,,0.17,0,1,72,0,4,1,1,1,1,19677,0.401,16148,0.329,102,0.027,272,0.007,40,0.005,0.0024,-0.0036,0.0006,779,0.207,242,0.064,18898,0.497,15906,0.418,5513,0.711,5074,0.654,0.09,0.13,0.16,2.7,0.07,0.1,0,0.01,0.43,0.67,Uncertain
"Montgomery County, IL",17135,Non-core,,,IL,5,28414,,0.002,0,0,0,0,0,11,39,0,0,-0.35,-1,0,17,60,1,3.5,3786,13324,74,260,0,9,ModerateBurden,,Moderate,Substantial,0.007,1504,5293,1,0.9,-0.001,-0.16,0,-0.09,0.008,1800,6335,1,1,0,0,0,0,0.37,0,0.07,0,0,0,-1,,-0.02,0,0,0,0,0,2,50,4,13,1,1,1,1,11402,0.401,8992,0.316,32,0.016,208,0.009,32,0.005,-0.0201,0.0007,0,263,0.132,94,0.047,11129,0.49,8897,0.392,4628,0.791,3939,0.673,0.04,0.16,0.21,2.3,0.04,0.02,0,0,0.39,0.7,Uncertain
"Steele County, MN",27147,Micropolitan,"Owatonna, MN",Micropolitan,MN,5,36649,1,0.006,0,0,0,0,0,11,30,1,2.7,-0.62,,0,29,79,0,0,3971,10835,16,44,0,43,ModerateBurden,,Moderate,Substantial,0.018,1015,2770,1,0.99,-0.022,0.25,0,0,0.04,814,2221,1,1,0,0,0,0,0.97,0.02,,,0,0,-1,-1,-0.03,0,,,0,0,1,22,0,9,1,1,1,1,17774,0.485,15610,0.426,48,0.015,136,0.005,15,0.002,-0.0139,-0.0056,-0.0021,847,0.262,426,0.132,16885,0.611,15181,0.549,5748,0.857,5492,0.819,0.03,0.1,0.18,2.5,0.03,0.08,0,0.01,0.3,0.24,Uncertain
"Union County, KY",21225,Non-core,,,KY,4,14381,,0.003,0,0,0,0,0,11,76,1,7,-0.52,,0,23,160,0,0,1429,9937,16,111,0,3,ModerateBurden,,High,High,0.455,51,355,0,0.94,0.205,-0.07,-1,-0.03,0.25,55,382,1,0.98,0,0,1,4,0.47,0,,,0,0,,,-0.12,0,,,0,0,1,25,0,2,1,1,1,1,4094,0.285,3494,0.243,3,0.003,99,0.008,36,0.015,-0.0053,0.002,0.0089,51,0.054,20,0.021,4043,0.343,3474,0.295,1844,0.745,1639,0.662,0.06,0.22,0.17,2.4,0.13,0.02,0,0.01,0.54,0.59,Uncertain
"Clinton County, IA",19045,Micropolitan,"Clinton, IA",Micropolitan,IA,7,46429,1,0.015,0,0,0,0,0,11,24,0,0,0.22,,0,9,19,0,0,5608,12079,93,200,0,47,ModerateBurden,,Moderate,Moderate,0.017,597,1286,0,0.99,-0.004,-0.07,0,0,0.021,645,1389,0,1,1,1,0,0,0.31,0.01,0.49,0.03,0.01,0,-0.8,,-0.07,-0.01,-0.2,-0.03,0.01,0,2,128,15,26,1,1,1,1,20325,0.438,18302,0.394,85,0.024,243,0.007,31,0.003,-0.0112,-0.0013,0.0003,505,0.141,183,0.051,19819,0.552,18119,0.505,7768,0.84,7450,0.805,0.04,0.12,0.2,2.4,0.03,0.03,0,0.01,0.26,0.5,Uncertain
"Amador County, CA",6005,Non-core,,,CA,9,39752,,0.001,0,0,0,0,0,11,28,0,0,-0.08,,0,12,30,0,0,3696,9298,47,118,0,0,ModerateBurden,,Moderate,Moderate,,0,0,,,,,,,,0,0,,,0,0,1,2,0.39,0.03,0.81,0.17,0.14,0.11,,0,-0.08,-0.02,0.14,-0.05,0.03,0,1,53,6,9,1,1,1,1,20517,0.516,13730,0.345,24,0.012,96,0.003,24,0.002,-0.0231,-0.0041,-0.0026,413,0.199,110,0.053,20085,0.595,13618,0.404,9667,0.883,6699,0.612,0.04,0.1,0.28,2.4,0.03,0.14,0.02,0.01,0.53,0.5,Uncertain
"Breckinridge County, KY",21027,Non-core,,,KY,4,20477,,0.005,0,0,0,0,0,11,54,2,9.8,1.75,,0,4,20,0,0,1306,6378,18,88,0,23,ModerateBurden,,Substantial,Moderate,0.042,75,366,0,0.97,-0.004,-0.29,0,-0.03,0.046,106,518,0,1,0,0,0,0,0.56,0,,,0,0,,,0.17,0,,,0,0,1,25,0,3,1,1,1,1,6719,0.328,5965,0.291,24,0.015,67,0.004,12,0.003,0.0055,-0.0006,0.001,118,0.072,55,0.034,6601,0.416,5910,0.372,2767,0.684,2591,0.64,0.08,0.18,0.2,2.6,0.02,0.02,0,0,0.74,0.91,Uncertain
"Orangeburg County, SC",45075,Micropolitan,"Orangeburg, SC",Micropolitan,SC,4,86175,1,0.017,0,0,4457,0.052,0,11,13,0,0,-0.62,-1,0,29,34,2,2.3,9895,11482,253,294,0,17,ModerateBurden,,Moderate,Moderate,0.036,736,854,1,0.98,-0.004,-0.17,0,-0.02,0.041,884,1026,1,1,1,1,0,0,0.77,0.01,0.41,0.04,0.19,0.03,-0.5,,0.04,-0.01,-0.05,-0.02,0.02,0.01,1,161,19,24,1,1,1,1,33482,0.389,28403,0.33,59,0.009,485,0.007,101,0.006,-0.0056,-0.0012,0.0013,496,0.077,186,0.029,32953,0.489,28210,0.418,13816,0.787,12427,0.708,0.12,0.24,0.2,2.6,0.62,0.02,0.01,0.01,0.92,0.76,Uncertain
"Clarion County, PA",42031,Non-core,,,PA,3,38438,,0.003,0,0,3409,0.089,0,11,29,1,2.6,0.1,,0,10,26,0,0,3193,8307,93,242,0,30,ModerateBurden,,Moderate,Moderate,0.039,297,773,1,0.97,0.023,-0.29,0,-0.01,0.016,420,1093,1,0.98,1,3,2,5,0.26,0,0.24,0,0,0,-0.5,,-0.21,-0.02,-0.21,0,0,0,1,37,6,6,1,1,1,1,14207,0.37,12445,0.324,31,0.013,167,0.005,33,0.004,-0.0098,-0.001,0.0008,242,0.099,112,0.046,13965,0.447,12333,0.395,6050,0.776,5570,0.714,0.08,0.16,0.2,2.4,0.01,0.01,0,0.01,0.48,0.46,Uncertain
"Ashland County, OH",39005,Micropolitan,"Ashland, OH",Micropolitan,OH,5,53484,1,0.005,0,0,4524,0.085,0,11,21,0,0,-0.63,-1,0,30,56,1,1.9,4347,8128,95,178,0,7,ModerateBurden,,Moderate,Substantial,0.016,552,1032,1,0.98,-0.018,-0.34,0,0.01,0.035,839,1569,1,0.97,0,0,1,4,0.91,0.1,0.88,0.27,0.2,0.1,-1,0,-0.06,-0.07,-0.04,-0.09,0.04,0.02,1,28,8,20,1,1,1,1,16411,0.307,15449,0.289,28,0.007,177,0.004,33,0.003,-0.0128,-0.0085,-0.0047,355,0.084,172,0.041,16056,0.386,15277,0.367,6779,0.662,6820,0.666,0.09,0.13,0.19,2.5,0.01,0.02,0,0.01,0.43,0.36,Uncertain
"Warren County, IA",19181,Medium metro,"Des Moines-West Des Moines, IA",Metropolitan,IA,7,51466,0.074,0.016,0,0,1260,0.024,0,11,21,0,0,0.38,,0,8,16,0,0,5822,11312,90,175,0,38,ModerateBurden,,Moderate,Moderate,0.023,365,709,1,0.99,0.005,-0.29,0,-0.01,0.019,517,1005,1,1,,,,,,,,,,,,,,,,,,,,,,,,,,,24863,0.483,22052,0.428,148,0.033,156,0.004,15,0.002,-0.0096,-0.005,-0.0015,1210,0.27,437,0.098,23653,0.61,21615,0.557,7428,0.901,7099,0.862,0.03,0.07,0.16,2.5,0.01,0.03,0,0.01,0.07,0.17,Uncertain
"Meeker County, MN",27093,Non-core,,,MN,5,23222,,0.004,0,0,0,0,0,11,47,0,0,0.22,-1,0,9,39,2,8.6,2626,11308,42,181,0,39,ModerateBurden,,Moderate,Moderate,0.022,572,2463,1,0.99,-0.007,-0.18,0,0.1,0.028,700,3014,1,0.89,0,0,0,0,0.27,0,,,0,0,,,-0.01,0,,,0,0,1,35,0,7,1,1,1,1,9066,0.39,8042,0.346,13,0.006,61,0.003,7,0.001,-0.007,-0.002,-0.0021,192,0.096,120,0.06,8871,0.503,7920,0.45,3800,0.797,3474,0.729,0.05,0.08,0.21,2.5,0.01,0.04,0,0,0.19,0.22,Uncertain
"Morrison County, MN",27097,Non-core,,,MN,5,33386,,0.006,0,0,0,0,0,11,33,1,3,0.1,,0,10,30,0,0,4239,12697,61,183,0,49,ModerateBurden,,Moderate,Moderate,0.027,493,1477,0,0.98,0.005,-0.27,0,-0.01,0.022,672,2013,0,0.99,0,0,0,0,0.18,0.01,0.02,0,0,0,-1,,0.01,-0.01,-0.14,-0.05,0,0,1,56,6,6,1,1,1,1,13702,0.41,11167,0.334,20,0.007,105,0.004,15,0.002,-0.0045,-0.003,-0.003,298,0.111,154,0.057,13387,0.522,11011,0.43,5632,0.843,5085,0.761,0.05,0.11,0.2,2.4,0.01,0.02,0,0,0.27,0.21,Uncertain
"Cecil County, MD",24015,Large fringe metro,"Philadelphia-Camden-Wilmington, PA-NJ-DE-MD",Metropolitan,MD,3,102855,0.017,0.017,0,0,0,0,0,11,11,0,0,-0.67,-1,0,33,32,10,9.7,6310,6135,150,146,0,41,ModerateBurden,,Moderate,Moderate,0.014,1495,1454,1,0.95,-0.007,-0.05,0,-0.03,0.021,1570,1526,1,0.98,1,1,10,12,0.67,0.02,0.7,0,0.38,0,-0.01,-0.45,-0.01,-0.01,0.04,0,0.01,0,1,85,10,15,1,1,1,1,47626,0.463,39802,0.387,51,0.006,578,0.007,72,0.004,-0.0393,-0.0071,-0.002,2114,0.255,731,0.088,45492,0.57,39071,0.49,13942,0.836,12749,0.765,0.05,0.09,0.16,2.7,0.07,0.05,0,0.01,0.29,0.18,Uncertain
"Meigs County, TN",47121,Non-core,,,TN,4,12422,,0.002,0,0,0,0,0,11,89,0,0,,,0,0,0,0,0,1411,11359,25,201,0,0,ModerateBurden,,High,Low,0.133,41,330,0,1,0.114,-0.43,-1,0,0.019,72,580,1,1,,,,,,,,,,,,,,,,,,,,,,,,,,,6167,0.496,5226,0.421,6,0.007,51,0.005,9,,-0.0068,-0.0058,0,60,0.068,18,0.021,6106,0.615,5208,0.524,2818,0.999,2589,0.962,0.09,0.17,0.22,2.5,0.02,0.02,0.01,0,0.49,0.79,Uncertain
"McKenzie County, ND",38053,Non-core,,,ND,8,15024,,0.02,0,0,0,0,0,11,73,0,0,-0.35,,0,17,113,0,0,1416,9425,13,87,0,11,ModerateBurden,,Substantial,High,0.01,153,1018,0,1,-0.01,-0.31,0,0,0.019,223,1484,0,1,0,0,0,0,0.19,0,,,0,0,,,-0.07,0,,,0,0,1,10,0,3,1,1,1,1,2580,0.172,1994,0.133,6,0.004,30,0.003,4,0.003,-0.0101,-0.0023,0.0008,67,0.049,16,0.012,2509,0.245,1978,0.193,722,0.544,605,0.456,0.17,0.14,0.09,3.2,0.02,0.1,0.08,0.01,0.39,0.18,Uncertain
"Sagadahoc County, ME",23023,Medium metro,"Portland-South Portland, ME",Metropolitan,ME,1,35856,0.067,0.027,0,0,0,0,0,11,31,0,0,0.22,,0,9,25,0,0,1470,4100,10,28,0,32,ModerateBurden,,Moderate,Moderate,0.009,468,1305,0,0.94,-0.007,-0.46,0,0.02,0.016,869,2424,0,0.92,,,,,,,,,,,,,,,,,,,,,,,,,,,22895,0.639,20592,0.574,76,0.03,330,0.011,32,0.004,-0.0076,0.0031,0.0017,1150,0.461,657,0.264,21741,0.749,19935,0.686,7594,0.931,7425,0.91,0.07,0.1,0.23,2.2,0.01,0.02,0,0.01,0.05,0.04,Uncertain
"Ottawa County, OK",40115,Micropolitan,"Miami, OK",Micropolitan,OK,6,31127,1,0.008,0,0,0,0,0,11,35,0,0,0.1,-1,0,10,32,2,6.4,3935,12642,69,222,0,38,ModerateBurden,,High,High,0.156,89,286,1,1,-0.018,-0.21,0,0.03,0.173,113,363,1,0.97,0,0,0,0,0.24,0.03,0.64,0.08,1,0,-1,-1,0.02,0.02,0.01,0.08,0,0,1,67,5,13,1,1,1,1,8102,0.26,6408,0.206,26,0.01,87,0.004,16,0.003,0,-0.0006,0.0002,108,0.043,36,0.014,7992,0.341,6372,0.272,3699,0.643,3027,0.527,0.17,0.21,0.18,2.6,0.01,0.06,0.19,0.01,0.96,0.75,Uncertain
"Madison County, OH",39097,Large fringe metro,"Columbus, OH",Metropolitan,OH,5,44731,0.021,0.004,0,0,0,0,0,11,25,0,0,1.2,,0,5,11,0,0,4431,9906,65,145,0,42,ModerateBurden,,Moderate,Moderate,0.024,475,1062,0,0.96,0.01,-0.18,0,-0.01,0.014,579,1294,0,0.97,1,3,0,0,0.41,0.02,0.38,0.05,0,0,,,0.04,0.01,0,0.03,0,0,1,30,13,5,1,1,1,1,17414,0.389,16215,0.363,49,0.015,220,0.006,29,0.004,-0.0266,-0.0035,-0.0014,667,0.204,295,0.09,16746,0.469,15920,0.446,5440,0.766,5230,0.737,0.07,0.1,0.16,2.6,0.06,0.02,0,0.01,0.34,0.16,Uncertain
"Marion County, OH",39101,Micropolitan,"Marion, OH",Micropolitan,OH,5,65093,1,0.006,0,0,0,0,0,11,17,0,0,-0.62,,0,29,45,0,0,8625,13250,137,210,0,43,ModerateBurden,,Moderate,Moderate,0.013,818,1257,0,0.98,-0.02,-0.25,0,-0.01,0.033,1091,1676,0,1,6,5,0,0,0.78,0.04,0.54,0.11,0.29,0.04,-0.5,,-0.1,-0.01,-0.19,-0.05,0.06,0,1,128,9,41,1,1,1,1,23651,0.363,22062,0.339,48,0.011,292,0.006,42,0.004,-0.0064,-0.0033,-0.0023,513,0.113,288,0.064,23138,0.45,21774,0.424,9080,0.766,8785,0.741,0.06,0.16,0.18,2.4,0.06,0.03,0,0.01,0.64,0.41,Uncertain
"Red River Parish, LA",22081,Non-core,,,LA,6,8442,,0.002,0,0,0,0,0,11,130,0,0,4.5,,0,2,24,0,0,897,10625,38,450,0,0,ModerateBurden,,High,Moderate,0.052,211,2499,0,1,0.036,2.2,-1,0,0.015,66,782,1,1,0,0,0,0,0.13,0,,,0,0,,,-0.08,0,,,0,0,1,52,0,2,1,1,1,1,2035,0.241,1779,0.211,1,0.002,23,0.004,2,0.001,-0.0075,0,-0.0006,15,0.023,5,0.008,2020,0.312,1774,0.274,895,0.539,817,0.492,0.11,0.24,0.2,2.5,0.39,0.03,0.01,0,0.81,0.64,Uncertain
"Fulton County, OH",39051,Medium metro,"Toledo, OH",Metropolitan,OH,5,42126,0.066,0.004,0,0,0,0,0,11,26,0,0,1.75,,0,4,9,0,0,4314,10241,71,169,0,43,ModerateBurden,,Moderate,Low,0.027,242,574,1,1,0.014,-0.6,0,0.01,0.014,598,1420,1,0.98,0,0,0,0,0.43,0,0.22,0,0.7,0,-1,,-0.22,-0.06,0.04,-0.04,0,0,1,25,7,10,1,1,1,1,16494,0.392,15560,0.369,34,0.01,138,0.004,14,0.002,-0.0182,-0.0049,-0.0032,522,0.151,256,0.074,15971,0.495,15304,0.474,6102,0.786,5916,0.762,0.05,0.09,0.18,2.6,0.01,0.09,0,0,0.18,0.38,Uncertain
"Creek County, OK",40037,Medium metro,"Tulsa, OK",Metropolitan,OK,6,71522,0.072,0.018,0,0,0,0,0,11,15,1,1.4,-0.56,-0.83,0,25,35,6,8.4,7008,9798,164,229,0,19,ModerateBurden,,Moderate,Substantial,0.051,116,162,1,0.96,-0.032,-0.37,0,-0.04,0.083,183,256,1,1,0,0,3,9,0.65,0,,,0,0,,2,0.04,0,,,0,0,2,33,0,6,1,1,1,1,22428,0.314,18427,0.258,26,0.004,153,0.003,27,0.002,-0.003,-0.0005,-0.0001,337,0.057,167,0.028,22090,0.403,18260,0.333,8740,0.67,7523,0.577,0.13,0.16,0.18,2.6,0.02,0.05,0.1,0.01,0.49,0.67,Uncertain
"Washington County, NY",36115,Small metro,"Glens Falls, NY",Metropolitan,NY,2,61204,0.489,0.003,0,0,0,0,0,11,18,0,0,-0.45,,0,20,33,0,0,3147,5142,55,90,0,58,ModerateBurden,,Moderate,Moderate,0.005,1030,1683,1,0.93,-0.006,-0.22,0,-0.02,0.011,1319,2155,1,0.94,,,,,,,,,,,,,,,,,,,,,,,,,,,32073,0.524,27971,0.457,115,0.028,434,0.009,58,0.005,-0.0094,-0.0061,-0.0055,1211,0.292,545,0.132,30862,0.62,27426,0.551,10940,0.89,10067,0.819,0.06,0.12,0.2,2.4,0.03,0.03,0,0.01,0.4,0.77,Uncertain
"Castro County, TX",48069,Non-core,,,TX,6,7530,,0,0,0,0,0,0,11,146,0,0,-0.21,,0,14,186,0,0,1023,13586,32,425,0,0,ModerateBurden,,High,High,0,30,398,0,0.96,0,0.3,0,0.5,0,23,305,0,0.46,0,0,0,0,0.09,0,,,0,0,,,0.01,0,,,0,0,1,30,0,1,1,1,1,1,,,,,,,,,,,,,,,,,,,,,,,,,,0.26,0.16,0.16,3,0.02,0.66,0.01,0.01,0.78,0.81,Uncertain
"Dickinson County, MI",26043,Micropolitan,"Iron Mountain, MI-WI",Micropolitan,MI,5,25239,0.855,0.003,0,0,0,0,0,11,44,0,0,1.2,,0,5,20,0,0,2743,10868,74,293,0,42,ModerateBurden,,Moderate,Moderate,0.061,176,697,0,0.99,0.032,-0.29,-1,-0.01,0.029,248,983,1,1,1,2,0,0,0.37,0.01,0.69,0.1,0.14,0,,,0.03,0.01,0.08,0.1,0.03,0,2,64,7,10,1,0.5,1,1,13731,0.544,12483,0.495,11,0.006,120,0.006,43,,-0.0105,-0.0046,0,194,0.107,101,0.056,13533,0.671,12380,0.614,5955,0.999,5634,0.979,0.05,0.13,0.23,2.3,0.01,0.02,0.01,0.01,0.23,0.24,Uncertain
"Knox County, IL",17095,Micropolitan,"Galesburg, IL",Micropolitan,IL,5,49699,1,0.004,0,0,1310,0.026,0,11,22,0,0,-0.42,-1,0,19,38,2,4,5626,11320,152,306,0,35,ModerateBurden,,Moderate,Moderate,0.006,1303,2622,0,1,-0.007,-0.3,0,0.03,0.013,1857,3736,0,0.97,7,6,13,12,0.51,0.05,0.47,0.06,0.03,0.01,0.75,-0.38,-0.02,0.01,-0.05,-0.04,0.01,0.01,2,113,14,38,1,1,1,1,23602,0.475,18376,0.37,83,0.025,333,0.008,47,0.004,0.0113,-0.0011,0.0003,692,0.206,285,0.085,22893,0.575,18087,0.455,9408,0.863,8054,0.739,0.06,0.18,0.22,2.2,0.08,0.06,0,0.01,0.65,0.6,Uncertain
"Carson County, TX",48065,Medium metro,"Amarillo, TX",Metropolitan,TX,6,5926,0.022,0,0,0,0,0,0,11,186,0,0,0.22,,0,9,152,0,0,551,9298,14,236,0,0,ModerateBurden,,High,High,0,11,186,1,0.93,-0.2,-0.15,1,-0.07,0.2,13,219,0,1,,,,,,,,,,,,,,,,,,,,,,,,,,,,,,,,,,,,,,,,,,,,,,,,,,,,0.11,0.06,0.21,2.7,0.01,0.1,0.01,0.01,0.03,0.23,Uncertain
"Murray County, GA",13213,Small metro,"Dalton, GA",Metropolitan,GA,4,40096,0.277,0.004,0,0,0,0,0,11,27,1,2.5,-0.15,0,0,13,32,1,2.5,5021,12522,90,224,0,10,ModerateBurden,,Moderate,Moderate,0.015,340,848,0,0.99,-0.023,-0.17,0,-0.01,0.038,409,1020,0,1,0,0,0,0,0.26,0,,,0,0,-1,,-0.08,-0.03,,,0,0,1,32,0,6,1,1,1,1,2454,0.061,2449,0.061,40,0.011,192,0.006,28,0.005,0.005,-0.0003,0.0002,79,0.022,27,0.008,2375,0.078,2422,0.08,674,0.11,647,0.105,0.17,0.15,0.15,2.8,0.01,0.16,0,0,0.71,0.63,Uncertain
"Monroe County, GA",13207,Small metro,"Macon-Bibb County, GA",Metropolitan,GA,4,27578,0.12,0.003,0,0,0,0,0,11,40,1,3.6,0,,0,11,40,0,0,2694,9769,100,363,0,16,ModerateBurden,,Moderate,Moderate,0.043,118,428,0,0.33,-0.015,-0.13,0,-0.56,0.058,135,490,0,0.89,1,4,0,0,0.65,0.04,,,0,0,0,,0.1,0.03,,,0,0,1,25,0,5,1,1,1,1,1349,0.049,1313,0.048,27,0.013,77,0.004,11,0.002,0.0083,0,-0.0013,52,0.025,19,0.009,1297,0.059,1294,0.059,498,0.094,532,0.101,0.12,0.14,0.19,2.6,0.23,0.02,0,0.01,0.46,0.83,Uncertain
"Mercer County, ND",38057,Non-core,,,ND,8,8187,,0.011,0,0,0,0,0,11,134,0,0,0.57,,0,7,86,0,0,1160,14169,10,122,0,0,ModerateBurden,,High,Substantial,0.226,29,354,0,1,0.139,-0.6,0,0.04,0.088,73,892,0,0.96,0,0,0,0,0.5,0,,,0,0,,,-0.21,0,,,0,0,1,6,0,5,1,1,1,1,2628,0.321,2374,0.29,,,18,0.003,3,0.002,-0.0174,-0.0024,-0.0012,21,0.033,7,0.011,2607,0.415,2367,0.376,1180,0.719,1104,0.672,0.14,0.07,0.2,2.3,0.01,0.03,0.02,0.01,0.1,0.05,Likely Decreasing
"Iosco County, MI",26069,Non-core,,,MI,5,25127,,0.003,0,0,0,0,0,11,44,0,0,-0.08,-1,0,12,48,2,8,2003,7972,74,295,0,46,ModerateBurden,,Moderate,Moderate,0.062,291,1158,1,1,-0.004,-0.38,0,0,0.066,469,1867,1,1,0,0,0,0,0.4,0,0.96,0,0.06,0,-1,,-0.25,-0.07,0,-0.21,-0.02,0,1,26,4,24,1,1,1,1,11862,0.472,10745,0.428,8,0.006,82,0.004,17,0.002,-0.0021,-0.0015,-0.0013,101,0.072,83,0.059,11761,0.561,10662,0.509,5565,0.736,5386,0.712,0.07,0.16,0.3,2.1,0.01,0.03,0.01,0.01,0.45,0.69,Uncertain
"Dorchester County, MD",24019,Micropolitan,"Cambridge, MD",Micropolitan,MD,3,31929,1,0.005,0,0,0,0,0,11,34,1,3.1,0.38,-0.92,0,8,25,13,40.7,2839,8892,65,204,0,34,ModerateBurden,,Moderate,Moderate,0.025,692,2167,1,0.94,0,-0.4,-1,-0.06,0.024,1158,3627,2,1,,,,,,,,,,,,,,,,,,,,,,,,,,,14789,0.463,12904,0.404,10,0.004,143,0.006,30,0.004,-0.016,-0.0049,-0.001,242,0.104,124,0.053,14545,0.577,12779,0.507,5731,0.811,5325,0.754,0.06,0.16,0.22,2.4,0.28,0.06,0,0.01,0.75,0.44,Uncertain
"Union County, FL",12125,Non-core,,,FL,4,15237,,0.001,0,0,0,0,0,11,72,0,0,1.75,,0,4,26,0,0,1852,12155,74,486,0,0,ModerateBurden,,Substantial,Moderate,0.054,134,879,,,-0.014,-0.04,,,0.068,140,919,,,0,0,0,0,0.3,0,,,0,0,,,-0.11,0,,,0,0,1,15,0,2,1,1,1,1,5107,0.335,3049,0.2,2,0.002,25,0.002,1,0,-0.0087,-0.0083,-0.0091,28,0.027,7,0.007,5078,0.415,3042,0.249,2007,0.866,1296,0.559,0.12,0.22,0.15,2.5,0.22,0.06,0,0.01,0.84,0.78,Uncertain
"Daviess County, IN",18027,Micropolitan,"Washington, IN",Micropolitan,IN,5,33351,1,0.005,0,0,0,0,0,11,33,0,0,-0.15,,0,13,39,0,0,3015,9040,99,297,0,22,ModerateBurden,,Moderate,Moderate,0.011,212,636,0,0.98,-0.03,-0.21,0,0.01,0.041,268,804,0,0.98,0,0,0,0,0.71,0,0.57,0,0.04,0,,,0.01,0,0.08,0,0.04,0,1,69,7,10,1,1,1,1,8260,0.248,7400,0.222,21,0.006,88,0.004,12,0.002,0.0028,-0.0001,-0.0002,135,0.041,60,0.018,8125,0.346,7340,0.312,3373,0.655,3222,0.626,0.23,0.13,0.15,2.8,0.02,0.05,0,0,0.69,0.64,Uncertain
"Calumet County, WI",55015,Small metro,"Appleton, WI",Metropolitan,WI,5,50089,0.21,0.009,0,0,0,0,0,11,22,0,0,-0.15,,0,13,26,0,0,6525,13027,56,112,0,20,ModerateBurden,,Moderate,Moderate,0.003,274,547,1,0.99,-0.018,-0.44,0,-0.01,0.021,489,976,1,1,1,8,0,0,0.5,0.11,,,0,0,,,0.31,0.11,,,0,0,1,12,0,1,1,1,1,1,22055,0.44,19641,0.392,72,0.016,216,0.006,17,0.002,-0.0102,-0.0037,-0.0013,867,0.193,434,0.096,21187,0.551,19207,0.5,6679,0.85,6461,0.822,0.03,0.06,0.16,2.5,0.01,0.05,0,0.02,0.02,0.01,Uncertain
"Marshall County, IN",18099,Micropolitan,"Plymouth, IN",Micropolitan,IN,5,46258,1,0.007,0,0,0,0,0,11,24,2,4.3,-0.58,0,0,26,56,2,4.3,6196,13394,116,251,0,22,ModerateBurdenResolving,,Moderate,Substantial,0.048,499,1079,1,0.98,-0.001,-0.33,0,-0.01,0.049,745,1611,1,0.98,1,1,0,0,0.31,0.02,0.59,0,0.07,0,-0.67,,-0.13,-0.02,-0.06,-0.08,-0.01,-0.01,2,77,7,20,1,1,1,1,16083,0.348,14201,0.307,94,0.022,209,0.006,15,0.002,-0.0002,-0.0023,-0.0027,649,0.154,387,0.092,15434,0.445,13814,0.398,6095,0.721,5796,0.686,0.13,0.11,0.18,2.7,0.01,0.11,0,0.01,0.58,0.55,Uncertain
"Nye County, NV",32023,Micropolitan,"Pahrump, NV",Micropolitan,NV,9,46523,1,0.015,0,0,0,0,0,11,24,0,0,0.22,-1,0,9,19,1,2.1,2986,6418,108,232,0,6,ModerateBurden,,Substantial,Moderate,0.083,163,350,1,0.83,0.033,-0.09,0,-0.06,0.05,179,385,1,0.89,0,0,0,0,0.83,0,,,0,0,-1,-1,-0.05,-0.05,,,0,0,1,25,0,5,1,1,1,1,16111,0.346,14553,0.313,24,0.009,168,0.004,44,0.003,0.0044,-0.0031,-0.0026,117,0.042,41,0.015,15994,0.412,14512,0.374,8927,0.633,8356,0.593,0.11,0.16,0.3,2.3,0.03,0.15,0.01,0.02,0.73,0.74,Uncertain
"Blanco County, TX",48031,Non-core,,,TX,6,11931,,0,0,0,0,0,0,11,92,0,0,1.75,,0,4,34,0,0,761,6378,20,168,0,0,ModerateBurden,,Substantial,Substantial,0.034,95,796,0,1,-0.058,-0.52,0,0.01,0.092,197,1651,0,0.99,,,,,,,,,,,,,,,,,,,,,,,,,,,,,,,,,,,,,,,,,,,,,,,,,,,,0.18,0.1,0.25,2.6,0.01,0.2,0.01,0.01,0.28,0.61,Uncertain
"Haskell County, TX",48207,Non-core,,,TX,6,5658,,0,0,0,0,0,0,11,194,0,0,10,,0,1,18,0,0,457,8077,27,477,0,0,ModerateBurden,,High,Moderate,0,9,159,1,1,0,2,1,0,0,3,53,0,1,0,0,0,0,0,0,,,0,0,,,0,0,,,0,0,1,14,0,8,1,1,1,1,,,,,,,,,,,,,,,,,,,,,,,,,,0.19,0.2,0.22,2.5,0.04,0.29,0.01,0.01,0.98,0.91,Uncertain
"Saline County, KS",20169,Micropolitan,"Salina, KS",Micropolitan,KS,7,54224,0.905,0.019,0,0,605,0.011,0,10,18,1,1.8,-0.09,-0.5,0,11,20,2,3.7,6303,11624,143,264,0,28,ModerateBurden,,Moderate,Moderate,0.031,72,133,0,0.97,-0.017,-0.74,0,-0.01,0.048,274,505,0,0.98,1,0,0,0,0.62,0.01,0.63,0.12,0.23,0,-0.67,-1,0.03,0.01,0.13,0.08,-0.02,0,2,230,18,26,1,1,1,1,20070,0.37,17723,0.327,81,0.019,185,0.004,21,0.002,-0.0043,-0.0038,-0.0011,510,0.116,213,0.049,19559,0.47,17510,0.421,6772,0.681,6234,0.627,0.09,0.12,0.18,2.4,0.03,0.12,0,0.02,0.42,0.2,Uncertain
"Montour County, PA",42093,Small metro,"Bloomsburg-Berwick, PA",Metropolitan,PA,3,18230,0.219,0.001,0,0,0,0,0,10,55,1,5.5,0.43,,0,7,38,0,0,2021,11086,67,368,0,38,ModerateBurden,,Substantial,Moderate,0.061,221,1212,0,0.98,0.012,-0.08,0,-0.01,0.05,241,1322,0,1,25,2,155,15,0.9,0.06,0.86,0.09,0.13,0.02,-0.49,0.48,0.01,-0.01,0.01,-0.02,-0.02,-0.01,2,1041,225,366,1,1,1,1,11699,0.642,10561,0.579,46,0.037,124,0.009,23,0.006,-0.0008,-0.0024,0.0013,481,0.382,256,0.203,11218,0.775,10305,0.712,3785,0.965,3586,0.914,0.05,0.11,0.22,2.3,0.02,0.03,0,0.03,0.31,0.13,Uncertain
"Washington County, MO",29221,Non-core,,,MO,7,24730,,0.004,0,0,0,0,0,10,40,0,0,1,-1,0,5,20,3,12.1,2780,11241,52,210,0,17,ModerateBurden,,Moderate,Moderate,0.024,242,979,1,0.92,-0.035,-0.57,0,-0.08,0.059,565,2285,1,1,1,7,4,29,0.63,0.03,,,0,0,-0.18,-0.59,0,-0.01,,,0,0,1,14,0,34,1,1,1,1,5922,0.239,4840,0.196,6,0.003,87,0.005,11,0.003,-0.0015,0.0005,-0.0012,66,0.033,14,0.007,5856,0.306,4826,0.252,2174,0.51,1868,0.438,0.13,0.2,0.17,2.6,0.02,0.02,0,0,0.79,0.92,Uncertain
"Preble County, OH",39135,Non-core,,,OH,5,40882,,0.003,0,0,0,0,0,10,24,0,0,4,,0,2,5,0,0,3843,9400,103,252,0,32,ModerateBurden,,Moderate,Low,0.031,202,494,1,0.99,0.012,-0.48,0,0,0.019,387,947,1,0.99,,,,,,,,,,,,,,,,,,,,,,,,,,,13321,0.326,12331,0.302,35,0.01,170,0.005,49,0.006,-0.0038,-0.0017,0.0005,280,0.082,128,0.038,13040,0.41,12203,0.384,5788,0.715,5614,0.694,0.06,0.12,0.2,2.5,0.01,0.01,0,0.01,0.17,0.47,Uncertain
"Effingham County, GA",13103,Medium metro,"Savannah, GA",Metropolitan,GA,4,64296,0.163,0.006,0,0,0,0,0,10,16,0,0,0,,0,10,16,0,0,4661,7249,69,107,0,46,ModerateBurden,,Moderate,Moderate,0.038,148,230,0,0.92,-0.019,-0.39,0,-0.01,0.057,244,379,0,0.93,0,0,0,0,0.67,0,,,0,0,-1,,-0.22,-0.04,,,0,0,1,25,0,2,1,1,1,1,10292,0.16,9008,0.14,123,0.021,287,0.006,34,0.004,0.0111,0.0006,0,333,0.057,147,0.025,9954,0.21,8861,0.187,3444,0.451,3139,0.411,0.1,0.08,0.12,2.8,0.14,0.05,0,0.01,0.24,0.32,Uncertain
"Anson County, NC",37007,Non-core,"Charlotte-Concord-Gastonia, NC-SC",Metropolitan,NC,4,24446,0.009,0.002,0,0,0,0,0,10,41,0,0,0.43,,0,7,29,0,0,2617,10705,55,225,0,22,ModerateBurden,,Moderate,Moderate,0.038,214,875,1,1,0.005,-0.49,0,0.03,0.032,422,1726,1,0.97,0,0,0,0,0.22,0,,,0,0,,,-0.02,0,,,0,0,1,23,0,2,1,1,1,1,6087,0.249,4236,0.173,9,0.005,45,0.002,3,0.001,-0.0018,0.001,0,90,0.053,42,0.025,5991,0.306,4193,0.214,2874,0.608,1845,0.39,0.12,0.2,0.19,2.5,0.48,0.04,0.01,0.01,0.94,0.96,Uncertain
"Mayagüez Municipio, PR",72097,,"Mayagüez, PR",Metropolitan,PR,2,,,,,0,1120,0.013,0,10,14,0,0,-0.63,,0,27,38,0,0,1926,2693,0,0,0,,,,Moderate,Moderate,0.031,668,934,,,-0.003,-0.3,,,0.034,952,1331,,,1,0,0,0,0.58,0.01,0.61,0.03,0.25,0.01,0.01,-1,-0.01,-0.01,-0.02,-0.02,-0.01,-0.01,3,506,54,102,1,1,1,1,36802,0.514,28791,0.403,197,0.039,553,0.009,88,0.005,-0.0253,-0.0079,-0.0043,1394,0.274,483,0.095,35399,0.603,28306,0.482,11537,0.649,10187,0.573,0.05,0.53,,,,,,,,,
"Skamania County, WA",53059,Large fringe metro,"Portland-Vancouver-Hillsboro, OR-WA",Metropolitan,WA,10,12083,0.005,0.002,0,0,0,0,0,10,83,1,8.3,1.5,,0,4,33,0,0,369,3054,2,17,0,22,ModerateBurden,,Substantial,Moderate,0.056,30,248,,,0.056,-0.42,,,0,52,430,,,,,,,,,,,,,,,,,,,,,,,,,,,,,3984,0.33,3531,0.292,34,0.042,43,0.004,3,0.001,0.005,-0.0033,-0.0004,160,0.2,64,0.08,3824,0.388,3467,0.351,1361,0.509,1331,0.497,0.05,0.14,0.22,2.5,0.01,0.07,0.02,0.01,0.22,0.26,Uncertain
"Alleghany County, NC",37005,Non-core,,,NC,4,11137,,0.001,0,0,0,0,0,10,90,0,0,1,,0,5,45,0,0,1082,9715,5,45,0,22,ModerateBurden,,Substantial,Moderate,0.03,50,449,1,1,0.03,-0.09,0,0,0,55,494,1,1,0,0,0,0,0.38,0,,,0,0,,,-0.36,0,,,0,0,1,6,0,2,1,1,1,1,5310,0.477,4406,0.396,6,0.009,164,0.018,42,0.013,-0.0015,0.0103,0.0099,35,0.053,17,0.026,5272,0.57,4387,0.474,2473,0.794,2114,0.678,0.11,0.25,0.28,2.3,0.01,0.1,0,0.01,0.63,0.82,Uncertain
"Huntington County, IN",18069,Micropolitan,"Huntington, IN",Micropolitan,IN,5,36520,1,0.005,0,0,1124,0.031,0,10,27,1,2.7,-0.57,,0,23,63,0,0,4011,10983,81,222,0,21,ModerateBurden,,Moderate,Substantial,0.013,469,1284,1,0.99,-0.002,0.14,0,0,0.015,411,1125,1,0.99,1,3,0,0,0.44,0.05,0.55,0.19,0,0,-0.5,,0.13,0.02,0.26,0.19,0,0,1,38,6,2,1,1,1,1,14794,0.405,13066,0.358,50,0.018,146,0.005,23,0.004,-0.0011,-0.0008,0.0017,334,0.122,121,0.044,14460,0.505,12945,0.452,5802,0.907,5517,0.863,0.08,0.1,0.18,2.4,0.01,0.03,0,0.01,0.12,0.25,Uncertain
"Grant County, WI",55043,Micropolitan,"Platteville, WI",Micropolitan,WI,5,51439,1,0.009,0,1,7009,0.136,0,10,19,1,1.9,-0.29,,0,14,27,0,0,5742,11163,93,181,0,44,ModerateBurden,,Moderate,Moderate,0.013,402,782,0,1,-0.002,-0.38,-1,0,0.015,644,1252,1,1,0,0,0,0,0.31,0,,,0,0,-1,-1,0.05,-0.01,,,-0.06,0,3,60,0,9,1,1,1,1,23345,0.454,21371,0.415,73,0.02,173,0.004,22,0.002,-0.0318,-0.0015,-0.0002,799,0.214,328,0.088,22544,0.553,21042,0.516,8777,0.967,8470,0.933,0.07,0.15,0.18,2.5,0.01,0.02,0,0.01,0.19,0.44,Uncertain
"Del Norte County, CA",6015,Micropolitan,"Crescent City, CA",Micropolitan,CA,9,27812,1,0.001,0,0,0,0,0,10,36,0,0,0.25,,0,8,29,0,0,1441,5181,8,29,0,22,ModerateBurden,,Moderate,Moderate,,0,0,,,,,,,,0,0,,,3,6,1,2,0.53,0.04,0.74,0.05,0.04,0,,-0.67,0.07,0.03,0.19,0,0.04,0,1,53,6,16,1,1,1,1,8632,0.31,7170,0.258,12,0.006,93,0.004,11,0.002,-0.0125,-0.0016,-0.0029,215,0.107,81,0.04,8403,0.382,7088,0.322,3402,0.664,2937,0.573,0.06,0.23,0.18,2.5,0.03,0.2,0.07,0.03,0.97,0.55,Uncertain
"Pittsylvania County, VA",51143,Micropolitan,"Danville, VA",Micropolitan,VA,3,60354,0.601,0.007,0,0,0,0,0,10,17,0,0,-0.33,,0,15,25,0,0,5586,9255,82,136,0,26,ModerateBurden,,Substantial,Substantial,0.097,190,315,1,0.98,0.001,-0.13,0,0,0.096,218,361,1,0.98,,,,,,,,,,,,,,,,,,,,,,,,,,,11739,0.195,9922,0.164,37,0.009,122,0.002,25,0.002,0.0039,-0.0001,0.0001,245,0.057,90,0.021,11488,0.233,9832,0.2,4706,0.334,4214,0.299,0.1,0.16,0.23,2.3,0.21,0.03,0,0,0.64,0.81,Uncertain
"Aroostook County, ME",23003,Non-core,,,ME,1,67055,,0.05,0,0,1253,0.019,0,10,15,1,1.5,-0.74,,0,39,58,0,0,1877,2799,46,69,0,22,ModerateBurden,,Moderate,Substantial,0.017,1221,1821,0,0.98,-0.013,0.01,0,0,0.03,1203,1794,0,0.98,3,2,4,3,0.63,0.03,0.57,0.12,0.04,0,-0.25,-0.2,0,-0.01,0.06,-0.1,0.01,0,4,159,20,20,1,1,1,1,35582,0.531,32194,0.48,108,0.025,580,0.011,73,0.004,-0.0122,0.0038,0.0013,1361,0.313,468,0.108,34216,0.624,31724,0.579,13466,0.806,13134,0.786,0.09,0.17,0.25,2.2,0.01,0.01,0.02,0.01,0.59,0.24,Uncertain
"Story County, IA",19169,Small metro,"Ames, IA",Metropolitan,IA,7,97117,0.787,0.031,0,1,31213,0.321,0,10,10,0,0,-0.41,,0,17,18,0,0,10700,11018,48,49,0,35,ModerateBurden,,Moderate,Moderate,0.015,530,546,0,0.97,-0.004,-0.2,-1,-0.02,0.019,661,681,1,1,0,0,0,0,0.69,0.01,0.49,0.03,0.06,0,-1,,-0.09,-0.01,-0.1,-0.04,0.01,0,2,197,14,29,1,1,1,1,51533,0.531,45515,0.469,106,0.02,402,0.005,25,0.002,-0.0366,-0.0028,0.0002,2518,0.47,1029,0.192,49015,0.604,44486,0.549,11694,0.953,11357,0.926,0.05,0.22,0.13,2.3,0.03,0.04,0,0.08,0.21,0.07,Uncertain
"Emmet County, MI",26047,Non-core,,,MI,5,33415,,0.003,0,0,0,0,0,10,30,1,3,2.33,0,0,3,9,1,3,2376,7111,43,129,0,44,ModerateBurden,,Moderate,Low,0.022,310,928,1,0.99,0.007,-0.25,1,0,0.015,414,1239,0,0.99,1,0,0,0,0.55,0.01,0.34,0.02,0.18,0,-0.9,,0.12,-0.01,0.03,-0.01,-0.02,0,1,238,54,47,1,1,1,1,20370,0.61,19138,0.573,28,0.012,141,0.005,21,0.003,-0.0064,-0.0009,-0.0014,480,0.206,497,0.214,19887,0.732,18640,0.686,6603,0.847,6589,0.845,0.08,0.1,0.23,2.2,0.01,0.02,0.04,0.01,0.14,0.1,Uncertain
"Patrick County, VA",51141,Non-core,,,VA,3,17608,,0.002,0,0,0,0,0,10,57,0,0,-0.09,,0,11,62,0,0,1387,7877,43,244,0,0,ModerateBurden,,Substantial,Substantial,0,57,324,1,1,-0.033,-0.64,0,0,0.033,158,897,1,1,,,,,,,,,,,,,,,,,,,,,,,,,,,4099,0.233,3510,0.199,12,0.011,51,0.004,11,0.002,0.0018,0.0002,0,67,0.06,26,0.023,4031,0.277,3483,0.239,1868,0.396,1690,0.358,0.12,0.19,0.27,2.3,0.05,0.03,0,0,0.64,0.75,Uncertain
"Coffee County, AL",1031,Micropolitan,"Enterprise, AL",Micropolitan,AL,4,52342,1,0.011,0,0,0,0,0,10,19,3,5.7,-0.09,2,0,11,21,1,1.9,5615,10728,124,237,0,14,ModerateBurden,,Substantial,Substantial,0.092,224,428,0,0.98,0.008,-0.09,0,0,0.084,246,470,0,0.98,1,1,1,1,0.56,0.01,0.71,0.12,0,0,-0.5,,0.01,0,0.27,0.1,-0.05,0,1,73,7,6,1,1,1,1,13325,0.255,10768,0.206,1,0,62,0.002,10,0.001,0.0002,-0.0038,-0.0002,85,0.02,41,0.009,13238,0.331,10727,0.269,6003,0.665,5243,0.581,0.1,0.15,0.17,2.6,0.17,0.08,0.01,0.02,0.54,0.7,Uncertain
"Custer County, MT",30017,Non-core,,,MT,8,11402,,0.011,0,0,0,0,0,10,88,0,0,2.33,,0,3,26,0,0,1205,10568,18,158,0,0,ModerateBurden,,Substantial,Moderate,0.093,43,377,2,0.91,0.017,-0.27,0,-0.02,0.075,59,517,2,0.92,11,44,8,32,0.8,0.04,0.7,0.17,0,0,-0.08,0,0.19,-0.01,0.49,0.17,0,0,1,25,4,9,1,1,1,1,3694,0.324,3399,0.298,23,0.028,64,0.007,11,0.005,0.026,0.0017,0.0008,39,0.048,12,0.015,3655,0.404,3387,0.374,1664,0.705,1585,0.672,0.07,0.1,0.21,2.3,0.01,0.04,0.02,0.01,0.29,0.07,Uncertain
"Rusk County, TX",48401,Small metro,"Longview, TX",Metropolitan,TX,6,54406,0.19,0.002,0,0,0,0,0,10,18,0,0,-0.62,,0,26,48,0,0,4038,7422,108,199,0,3,ModerateBurden,,Moderate,Substantial,0.014,92,169,0,1,-0.081,-0.16,-1,0.08,0.094,109,200,1,0.92,0,0,0,0,0.42,0.02,,,0.02,0,,,0.1,0.01,,,0.02,0,1,42,0,6,1,1,1,1,,,,,,,,,,,,,,,,,,,,,,,,,,0.19,0.13,0.17,2.7,0.17,0.18,0,0.01,0.8,0.88,Uncertain
"Huron County, MI",26063,Non-core,,,MI,5,30981,,0.003,0,0,0,0,0,10,32,2,6.5,0.11,-0.5,0,9,29,4,12.9,4085,13186,81,261,0,51,ModerateBurden,,Moderate,Moderate,0.018,105,339,1,1,-0.051,-0.55,0.5,0,0.069,233,752,0.5,1,0,0,0,0,0.13,0,0.04,0,0,0,-1,,-0.03,0,-0.07,0,0,0,3,111,4,11,1,1,1,1,14133,0.456,13123,0.424,7,0.003,55,0.002,10,0.001,0.0024,-0.0008,-0.0009,106,0.051,100,0.048,14025,0.56,13022,0.52,6472,0.806,6029,0.75,0.06,0.13,0.26,2.2,0.01,0.03,0,0.01,0.27,0.49,Uncertain
"Shelby County, TX",48419,Non-core,,,TX,6,25274,,0.001,0,0,0,0,0,10,40,2,7.9,-0.09,1,0,11,44,1,4,1717,6794,70,277,0,0,ModerateBurden,,Moderate,Moderate,0.016,159,629,0,1,0.001,0.46,-1,0,0.016,109,431,1,1,,,,,,,,,,,,,,,,,,,,,,,,,,,,,,,,,,,,,,,,,,,,,,,,,,,,0.24,0.23,0.18,2.7,0.17,0.19,0,0.01,0.95,0.96,Uncertain
"Hansford County, TX",48195,Non-core,,,TX,6,5399,,0,0,0,0,0,0,10,185,0,0,1.5,,0,4,74,0,0,925,17133,24,445,0,0,ModerateBurden,,High,Substantial,0,6,111,0,1,0,-0.67,0,0,0,18,333,0,1,2,15,0,0,0.29,0.04,,,0,0,,,0.02,0.04,,,0,0,1,14,0,29,1,1,1,1,,,,,,,,,,,,,,,,,,,,,,,,,,0.2,0.16,0.15,3,0.01,0.49,0,0,0.76,0.77,Uncertain
"Chariton County, MO",29041,Non-core,,,MO,7,7426,,0.001,0,0,0,0,0,10,135,0,0,-0.29,,0,14,189,0,0,709,9548,8,108,0,0,ModerateBurden,,High,High,0.071,22,296,0,1,-0.17,-0.49,-1,0,0.241,43,579,1,1,,,,,,,,,,,,,,,,,,,,,,,,,,,2140,0.288,1837,0.247,4,0.007,26,0.005,2,0.001,-0.0088,0.0014,-0.0006,20,0.035,4,0.007,2119,0.37,1833,0.32,989,0.548,901,0.499,0.07,0.12,0.24,2.6,0.02,0.01,0,0,0.19,0.61,Uncertain
"Ray County, MO",29177,Large fringe metro,"Kansas City, MO-KS",Metropolitan,MO,7,23018,0.011,0.004,0,0,0,0,0,10,43,0,0,0.43,,0,7,30,0,0,1997,8676,27,117,0,8,ModerateBurden,,Moderate,Moderate,0.056,121,526,0,0.99,0.04,-0.09,0,-0.01,0.016,133,578,0,0.99,7,28,0,0,0.29,0.04,,,0,0,,-1,-0.02,0.04,,,0,0,1,25,0,4,1,1,1,1,6493,0.282,5659,0.246,14,0.008,81,0.005,9,0.002,-0.0049,-0.001,-0.0014,132,0.072,50,0.027,6361,0.356,5609,0.314,2361,0.544,2172,0.5,0.11,0.15,0.19,2.6,0.01,0.03,0.01,0,0.26,0.56,Uncertain
"Macon County, MO",29121,Non-core,,,MO,7,15117,,0.002,0,0,0,0,0,10,66,0,0,-0.17,,0,12,79,0,0,1585,10485,16,106,0,0,ModerateBurden,,Substantial,Substantial,0.037,40,265,0,1,-0.036,-0.53,0,0.02,0.073,86,569,0,0.98,0,0,0,0,0.33,0,,,0,0,,,-0.03,-0.02,,,0,0,1,25,0,3,1,1,1,1,4475,0.296,4003,0.265,2,0.002,47,0.004,9,0.003,-0.0015,-0.0009,-0.0012,47,0.036,21,0.016,4428,0.381,3982,0.342,2190,0.636,2058,0.598,0.11,0.15,0.23,2.5,0.02,0.02,0,0.01,0.59,0.68,Uncertain
"Titus County, TX",48449,Micropolitan,"Mount Pleasant, TX",Micropolitan,TX,6,32750,0.714,0.001,0,0,0,0,0,10,31,0,0,0.67,,0,6,18,0,0,3745,11435,84,256,0,0,ModerateBurden,,Moderate,Moderate,0,47,144,0,1,-0.045,-0.73,0,0.01,0.045,174,531,0,0.99,0,0,0,0,0.65,0.02,0.6,0.18,0.22,0,-1,,-0.06,0,-0.1,0,-0.05,0,1,71,8,23,1,1,1,1,,,,,,,,,,,,,,,,,,,,,,,,,,0.18,0.19,0.15,3,0.09,0.44,0,0.01,0.89,0.72,Uncertain
"Andrew County, MO",29003,Small metro,"St. Joseph, MO-KS",Metropolitan,MO,7,17712,0.141,0.003,0,0,0,0,0,10,56,0,0,4,,0,2,11,0,0,1883,10631,20,113,0,0,ModerateBurden,,Substantial,Moderate,0.093,115,649,1,1,0.093,-0.21,0,0,0,145,819,1,1,,,,,,,,,,,,,,,,,,,,,,,,,,,4895,0.276,4337,0.245,14,0.01,21,0.002,3,0.001,0.0028,-0.0028,-0.0023,60,0.043,13,0.009,4835,0.354,4324,0.317,1883,0.548,1685,0.491,0.07,0.09,0.19,2.5,0.01,0.03,0,0.01,0.03,0.25,Uncertain
"Georgetown County, SC",45043,Micropolitan,"Georgetown, SC",Micropolitan,SC,4,62680,1,0.012,0,0,0,0,0,10,16,0,0,-0.38,,0,16,26,0,0,6779,10815,140,223,0,39,ModerateBurden,,Moderate,Moderate,0.019,328,523,1,0.97,-0.007,-0.19,0,0.02,0.026,405,646,1,0.95,3,2,2,1,0.85,0.06,0.74,0.19,0.09,0.06,-0.63,-0.6,0.03,-0.01,0.02,0.05,0.01,0.01,2,184,28,48,1,1,1,1,28390,0.453,23830,0.38,52,0.012,273,0.005,59,0.003,-0.0005,-0.0016,0.0011,547,0.129,297,0.07,27813,0.541,23520,0.457,13508,0.753,12007,0.669,0.12,0.18,0.29,2.4,0.3,0.03,0,0.01,0.68,0.45,Uncertain
"Apache County, AZ",4001,Non-core,,,AZ,9,71887,,0.01,0,0,842,0.012,0,10,14,1,1.4,-0.17,,0,12,17,0,0,11419,15885,433,602,0,9,ModerateBurden,,Moderate,Moderate,0.048,158,220,1,0.96,0.018,-0.42,0,0.01,0.031,271,377,1,0.95,0,0,0,0,0.42,0,0.55,0,0.06,0,-1,,-0.04,-0.01,0,0,0,0,4,121,8,16,0.75,0.75,1,0.75,46022,0.64,37585,0.523,310,0.045,222,0.004,17,0.001,-0.0274,-0.0022,-0.0022,5847,0.848,2920,0.424,40160,0.766,34663,0.661,10015,0.884,8902,0.785,0.23,0.35,0.16,3.4,0,0.07,0.73,0,0.99,0.98,Uncertain
"Gibson County, IN",18051,Non-core,,,IN,5,33659,,0.005,0,0,685,0.02,0,10,30,0,0,-0.38,,0,16,48,0,0,4430,13161,92,273,0,8,ModerateBurden,,Moderate,Moderate,0.039,146,434,2,0.71,-0.033,-0.66,1,-0.27,0.071,425,1263,1,0.98,0,0,0,0,0.03,0,0,0,0,0,,-1,-0.01,0,0,0,0,0,1,44,6,6,1,1,1,1,11968,0.356,10583,0.314,22,0.008,95,0.004,3,0.001,-0.0118,-0.002,-0.003,296,0.106,143,0.051,11663,0.454,10439,0.407,4484,0.75,4311,0.721,0.07,0.1,0.18,2.5,0.03,0.02,0,0.01,0.32,0.47,Uncertain
"Union County, PA",42119,Micropolitan,"Lewisburg, PA",Micropolitan,PA,3,44923,1,0.004,0,0,3621,0.081,0,10,22,1,2.2,-0.6,0,0,25,56,1,2.2,6138,13663,88,196,0,37,ModerateBurden,,Moderate,Substantial,0.014,450,1002,1,0.99,-0.016,-0.61,0,0,0.03,1157,2576,1,0.99,0,0,0,0,0.51,0.03,0.67,0.25,0.09,0,-1,,0,-0.04,0.05,-0.13,0.06,0,1,114,12,16,1,1,1,1,22204,0.494,18250,0.406,50,0.017,281,0.008,57,0.007,-0.0069,-0.0042,-0.0005,689,0.238,346,0.12,21514,0.581,17902,0.484,7268,0.871,6014,0.721,0.1,0.11,0.19,2.4,0.06,0.06,0,0.02,0.36,0.12,Uncertain
"Knox County, OH",39083,Micropolitan,"Mount Vernon, OH",Micropolitan,OH,5,62322,1,0.005,0,0,3449,0.055,0,10,16,0,0,-0.6,,0,25,40,0,0,4564,7323,112,180,0,5,ModerateBurden,,Moderate,Moderate,0.023,540,866,0,0.99,-0.009,-0.29,0,-0.01,0.031,757,1215,0,1,4,7,0,0,0.58,0.03,0.56,0.01,0.11,0,-0.33,,-0.11,-0.02,-0.13,-0.05,-0.04,0,1,61,12,48,1,1,1,1,20335,0.326,19315,0.31,167,0.034,324,0.007,41,0.004,0.0185,-0.0007,-0.0009,591,0.12,294,0.06,19743,0.409,19021,0.394,8189,0.706,7926,0.683,0.09,0.14,0.19,2.5,0.01,0.02,0,0.01,0.29,0.46,Uncertain
"Henry County, OH",39069,Non-core,,,OH,5,27006,,0.002,0,0,0,0,0,10,37,0,0,0.67,,0,6,22,0,0,2730,10109,67,248,0,50,ModerateBurden,,Moderate,Moderate,0.061,149,552,1,1,0.023,-0.39,0,0,0.038,244,904,1,1,1,3,0,0,0.23,0,0.24,0,0.02,0,,,-0.05,0,0.19,0,0.02,0,1,30,3,9,1,1,1,1,11023,0.408,10156,0.376,41,0.018,91,0.004,15,0.003,0.0009,-0.0038,-0.0021,297,0.134,110,0.05,10726,0.517,10046,0.484,4229,0.818,4192,0.811,0.04,0.1,0.19,2.4,0.01,0.08,0,0,0.16,0.22,Likely Decreasing
"Otsego County, NY",36077,Micropolitan,"Oneonta, NY",Micropolitan,NY,2,59493,1,0.003,0,1,7225,0.121,0,10,17,0,0,-0.41,,0,17,29,0,0,3457,5811,47,79,0,64,ModerateBurden,,Moderate,Moderate,0.008,1759,2957,1,0.93,-0.002,-0.14,0,-0.05,0.01,2049,3444,1,0.98,5,2,2,1,0.77,0.02,0.86,0.03,0.16,0.03,-0.44,1,0.04,0,0.03,0,-0.04,0,2,205,30,33,1,1,1,1,29605,0.498,26753,0.45,108,0.033,353,0.007,69,0.005,-0.0263,-0.0049,-0.0101,1296,0.396,577,0.176,28309,0.565,26176,0.522,10149,0.785,9452,0.731,0.06,0.15,0.22,2.3,0.02,0.04,0,0.01,0.42,0.43,Uncertain
"Pike County, GA",13231,Large fringe metro,"Atlanta-Sandy Springs-Alpharetta, GA",Metropolitan,GA,4,18962,0.003,0.002,0,0,0,0,0,10,53,1,5.3,-0.38,0,0,16,84,1,5.3,2327,12272,42,221,0,1,ModerateBurden,,Substantial,Substantial,0.074,79,417,0,1,-0.005,-0.26,0,0.05,0.079,107,564,0,0.95,,,,,,,,,,,,,,,,,,,,,,,,,,,1251,0.066,1175,0.062,16,0.009,72,0.005,12,0.004,0.0052,0.0001,0,29,0.017,13,0.008,1222,0.084,1162,0.08,464,0.151,471,0.154,0.13,0.13,0.16,2.9,0.09,0.02,0,0,0.15,0.32,Uncertain
"Pope County, AR",5115,Micropolitan,"Russellville, AR",Micropolitan,AR,6,64072,0.75,0.021,0,1,6583,0.103,0,10,16,1,1.6,0.43,,0,7,11,0,0,8100,12642,110,172,0,31,ModerateBurden,,Moderate,Moderate,0.019,249,389,0,1,0.011,1.68,0,0,0.008,93,145,0,1,1,1,1,1,0.65,0,0.42,0,0.1,0,-0.5,,-0.01,-0.01,-0.08,-0.1,-0.08,0,1,110,11,9,1,1,1,1,22413,0.35,19087,0.298,55,0.011,335,0.007,34,0.003,0.0037,-0.0004,-0.001,769,0.159,385,0.08,21613,0.436,18700,0.377,7302,0.705,6607,0.638,0.09,0.18,0.16,2.7,0.03,0.1,0.01,0.01,0.79,0.73,Uncertain
"Pulaski County, IN",18131,Non-core,,,IN,5,12353,,0.002,0,0,0,0,0,10,81,0,0,0.67,,0,6,49,0,0,1197,9690,46,372,0,0,ModerateBurden,,High,Moderate,0.119,65,526,1,0.95,0.072,-0.39,0,0.05,0.047,107,866,1,0.91,0,0,0,0,0.39,0,,,0,0,,,-0.08,0,,,0,0,1,16,0,10,1,1,1,1,4370,0.354,3894,0.315,5,0.005,38,0.004,9,0.004,-0.0067,-0.0012,-0.0012,91,0.087,56,0.053,4279,0.445,3838,0.399,1928,0.777,1821,0.734,0.08,0.14,0.2,2.4,0.01,0.03,0,0.01,0.23,0.56,Likely Decreasing
"Hampshire County, MA",25015,Medium metro,"Springfield, MA",Metropolitan,MA,1,160830,0.231,0.023,0,1,32450,0.202,0,10,6,1,0.6,0,0,0,10,6,1,0.6,9150,5689,298,185,0,62,LowBurden,,Low,Low,0.002,7028,4370,0,1,0.001,-0.44,0,0,0.001,12487,7764,0,1,0,0,0,0,0.79,0,0.74,0.01,0.02,0,,,-0.05,-0.01,-0.01,-0.14,-0.02,0,1,126,11,36,1,1,1,1,93874,0.584,78852,0.49,406,0.045,1037,0.008,107,0.004,-0.011,-0.0075,-0.0078,5289,0.59,2700,0.301,88308,0.642,76089,0.553,26218,0.91,23730,0.824,0.02,0.13,0.18,2.4,0.03,0.06,0,0.06,0.23,0.1,Uncertain
"Todd County, KY",21219,Non-core,,,KY,4,12294,,0.003,0,0,0,0,0,10,81,1,8.1,0,,0,10,81,0,0,1180,9598,27,220,0,30,ModerateBurden,,Substantial,Substantial,0.011,119,968,1,0.96,-0.062,0.02,0,-0.03,0.073,117,952,1,0.99,,,,,,,,,,,,,,,,,,,,,,,,,,,3563,0.29,2988,0.243,10,0.009,41,0.005,2,0.001,0.0026,-0.0023,-0.005,42,0.037,10,0.009,3521,0.39,2978,0.33,1312,0.658,1162,0.582,0.15,0.18,0.16,2.6,0.08,0.04,0,0,0.81,0.93,Likely Decreasing
"Mercer County, OH",39107,Micropolitan,"Celina, OH",Micropolitan,OH,5,41172,1,0.004,0,0,715,0.017,0,10,24,0,0,-0.58,,0,24,58,0,0,4868,11824,85,206,0,2,ModerateBurden,,Moderate,High,0.043,222,539,0,0.9,-0.075,-0.13,0,-0.1,0.119,256,622,0,1,2,7,0,0,0.47,0.03,0.17,0,0,0,-0.33,,0.05,-0.07,-0.06,0,0,0,1,28,5,5,1,1,1,1,12582,0.306,11977,0.291,20,0.006,129,0.004,26,0.003,-0.0083,-0.0023,0,191,0.055,84,0.024,12389,0.406,11893,0.39,5633,0.751,5498,0.733,0.04,0.07,0.18,2.5,0,0.02,0,0.01,0.05,0.12,Uncertain
"Sumter County, SC",45085,Small metro,"Sumter, SC",Metropolitan,SC,4,106721,0.76,0.021,0,0,633,0.006,0,10,9,1,0.9,-0.52,0,0,21,20,1,0.9,10517,9855,209,196,0,38,LowBurden,,Low,Moderate,0.003,1122,1051,1,0.31,-0.009,-0.02,0,-0.64,0.012,1146,1074,1,0.95,0,0,2,1,0.53,0.01,0.26,0,0.06,0.01,-1,-0.67,-0.01,0,-0.03,0,-0.02,0.01,1,207,17,15,1,1,1,1,39072,0.366,30525,0.286,51,0.006,483,0.006,114,0.006,-0.0023,0.0003,0.0035,468,0.056,192,0.023,38578,0.474,30324,0.373,14562,0.81,12000,0.667,0.12,0.21,0.17,2.5,0.47,0.04,0,0.01,0.97,0.79,Uncertain
"Conecuh County, AL",1035,Non-core,,,AL,4,12067,,0.002,0,0,0,0,0,10,83,0,0,0.25,,0,8,66,0,0,1129,9356,30,249,0,0,ModerateBurden,,Substantial,High,0.071,40,331,1,0.96,-0.071,-0.42,0,-0.04,0.143,69,572,1,1,4,16,5,20,0.77,0.11,,,,,1,0.25,0.21,0.09,,,,,1,25,0,0,1,1,1,1,3967,0.329,2978,0.247,,,13,0.001,1,0,0,0.0005,0,9,0.01,5,0.006,3958,0.413,2973,0.31,1907,0.673,1449,0.512,0.14,0.22,0.23,2.7,0.45,0.02,0,0,0.81,0.93,Uncertain
"Saline County, IL",17165,Non-core,,,IL,5,23491,,0.002,0,0,0,0,0,10,43,1,4.3,0.11,0,0,9,38,1,4.3,2599,11064,57,243,0,39,ModerateBurden,,Moderate,Moderate,0.032,308,1311,0,1,0.009,-0.25,0,0,0.023,411,1750,0,1,4,6,0,0,0.29,0,,,0.02,0,-0.43,,-0.05,0,,,0.02,0,2,65,0,18,1,1,1,1,9076,0.386,7210,0.307,18,0.01,88,0.005,15,0.003,0.0017,-0.0023,-0.0033,190,0.108,76,0.043,8874,0.481,7133,0.386,3924,0.815,3302,0.686,0.05,0.22,0.2,2.4,0.04,0.02,0,0.01,0.86,0.81,Uncertain
"Marion County, KY",21155,Non-core,,,KY,4,19273,,0.004,0,0,0,0,0,10,52,0,0,0,,0,10,52,0,0,2360,12245,38,197,0,23,ModerateBurden,,Substantial,Substantial,0.012,392,2034,1,0.99,-0.017,-0.21,0,-0.01,0.029,497,2579,1,1,1,2,1,2,0.15,0,0.24,0,0.08,0,,-0.5,0.04,0,0,0,0.05,0,1,64,7,9,1,1,1,1,7628,0.396,6696,0.347,12,0.008,67,0.005,9,0.003,-0.0064,-0.0025,-0.0012,158,0.101,45,0.029,7470,0.51,6651,0.454,2688,0.823,2428,0.744,0.06,0.23,0.17,2.5,0.07,0.03,0,0.01,0.91,0.55,Uncertain
"Mason County, KY",21161,Micropolitan,"Maysville, KY",Micropolitan,KY,4,17070,1,0.004,0,0,0,0,0,10,59,4,23.4,1.5,,0,4,23,0,0,1732,10146,40,234,0,38,ModerateBurden,,Substantial,Moderate,0.038,177,1037,0,0.99,0,-0.14,0,-0.01,0.038,205,1201,0,1,1,2,0,0,0.35,0.01,0.43,0,0,0,-0.95,,0.02,-0.04,-0.1,-0.12,0,0,1,65,6,5,1,1,1,1,6752,0.396,6111,0.358,10,0.007,40,0.003,7,0.002,-0.014,-0.0037,-0.0003,99,0.073,24,0.018,6653,0.507,6087,0.464,2510,0.787,2387,0.748,0.08,0.18,0.19,2.5,0.06,0.02,0,0.01,0.67,0.44,Likely Decreasing
"Crosby County, TX",48107,Medium metro,"Lubbock, TX",Metropolitan,TX,6,5737,0.018,0,0,0,0,0,0,10,174,0,0,0.67,,0,6,105,0,0,672,11713,29,505,0,0,ModerateBurden,,High,High,0.059,17,296,0,0.94,-0.099,-0.26,0,-0.06,0.158,23,401,0,1,0,0,0,0,0,0,,,,,,,-0.04,0,,,,,1,3,0,0,1,1,1,1,,,,,,,,,,,,,,,,,,,,,,,,,,0.2,0.21,0.19,2.8,0.03,0.57,0,0,0.94,0.91,Uncertain
"Bryan County, GA",13029,Medium metro,"Savannah, GA",Metropolitan,GA,4,39627,0.101,0.004,0,0,0,0,0,10,25,0,0,-0.09,-1,0,11,28,1,2.5,3699,9335,41,103,0,97,ModerateBurden,,Moderate,Moderate,0,106,267,0,0.85,-0.031,-0.25,0,-0.01,0.031,141,356,0,0.86,,,,,,,,,,,,,,,,,,,,,,,,,,,10620,0.268,8949,0.226,150,0.037,197,0.007,14,0.003,0.0191,-0.0009,-0.0019,456,0.113,187,0.046,10160,0.363,8761,0.313,2858,0.675,2502,0.591,0.11,0.14,0.11,2.8,0.14,0.08,0,0.02,0.34,0.47,Uncertain
"Polk County, GA",13233,Micropolitan,"Cedartown, GA",Micropolitan,GA,4,42613,1,0.004,0,0,0,0,0,10,23,0,0,1.5,-1,0,4,9,1,2.3,5684,13339,97,228,0,136,ModerateBurden,,Moderate,Low,0.015,158,371,0,0.97,-0.024,-0.32,0,-0.01,0.04,231,542,0,0.98,0,0,0,0,1.04,0,,,0,0,,,0.04,0,,,0,0,1,25,0,4,1,1,1,1,2354,0.055,2184,0.051,21,0.006,159,0.005,19,0.003,-0.0013,-0.0003,-0.0012,122,0.032,70,0.018,2232,0.07,2114,0.066,377,0.056,383,0.057,0.15,0.18,0.16,2.8,0.12,0.14,0,0.01,0.8,0.85,Uncertain
"Logan County, CO",8075,Micropolitan,"Sterling, CO",Micropolitan,CO,8,22409,1,0.004,0,0,0,0,0,10,45,0,0,-0.44,-1,0,18,80,1,4.5,4025,17962,68,303,0,17,ModerateBurden,,Moderate,Substantial,0.005,1020,4552,1,1,-0.003,-0.47,0,0,0.008,1909,8519,1,1,2,9,2,9,0.5,0.09,0.29,0,0,0,-0.6,0,0.04,0,0.07,0,0,0,1,22,4,7,1,1,1,1,3413,0.152,3732,0.167,10,0.008,65,0.004,9,0.002,0.0008,-0.002,-0.0017,56,0.042,25,0.019,3353,0.182,3707,0.202,621,0.153,1228,0.303,0.09,0.15,0.18,2.5,0.04,0.17,0.01,0.01,0.63,0.69,Uncertain
"Calloway County, KY",21035,Micropolitan,"Murray, KY",Micropolitan,KY,4,39001,1,0.009,0,1,6770,0.174,0,10,26,0,0,1,,0,5,13,0,0,3554,9113,50,128,0,34,ModerateBurden,,Moderate,Moderate,0.012,196,503,1,0.99,0.002,-0.58,0,0,0.01,463,1187,1,0.99,5,5,0,0,0.29,0.01,0.36,0,0.04,0,-0.17,,0.1,0,0.16,0,-0.06,0,1,100,20,10,1,1,1,1,14147,0.363,12150,0.312,39,0.017,118,0.004,12,0.002,-0.003,-0.0046,-0.0035,292,0.124,125,0.053,13852,0.433,12025,0.376,5095,0.748,4627,0.679,0.06,0.23,0.17,2.4,0.04,0.03,0,0.02,0.5,0.26,Uncertain
"Carbon County, WY",56007,Non-core,,,WY,8,14800,,0.026,0,0,0,0,0,10,68,0,0,,,0,0,0,0,0,1618,10932,23,155,0,26,ModerateBurden,,Substantial,Low,0.059,165,1115,2,0.86,0.059,-0.27,1,-0.14,0,225,1520,1,0.99,0,0,0,0,0.15,0,0.29,0,0,0,,,-0.02,0,0.21,0,0,0,1,25,6,3,1,1,1,1,5437,0.367,4535,0.306,38,0.034,69,0.006,10,0.004,0.0241,-0.0001,0.0011,60,0.053,5,0.004,5376,0.47,4530,0.396,1781,0.668,1642,0.616,0.1,0.13,0.18,2.3,0.01,0.19,0.01,0.01,0.5,0.17,Uncertain
"Audubon County, IA",19009,Non-core,,,IA,7,5496,,0.002,0,0,0,0,0,10,182,0,0,,,0,0,0,0,0,526,9571,10,182,0,0,ModerateBurden,,High,Low,0,14,255,0,1,0,-0.46,0,0,0,26,473,0,1,0,0,0,0,0.13,0,,,0,0,,,0.02,0,,,0,0,1,17,0,3,1,1,1,1,2725,0.496,2540,0.462,1,0.003,14,0.003,1,0.001,-0.0184,-0.0007,0.0007,66,0.174,8,0.021,2659,0.614,2532,0.584,1225,0.902,1190,0.876,0.05,0.1,0.25,2.1,0,0.02,0,0.01,0.02,0.11,Likely Decreasing
"Taylor County, WV",54091,Micropolitan,"Clarksburg, WV",Micropolitan,WV,3,16695,0.181,0.009,0,0,0,0,0,10,60,1,6,1.5,,0,4,24,0,0,1259,7541,24,144,0,5,ModerateBurden,,Substantial,Moderate,0.03,194,1162,0,0.99,-0.001,-0.33,0,0,0.03,291,1743,0,0.99,0,0,0,0,0.23,0,0,0,0,0,,,0.02,0,0,0,0,0,1,25,2,3,1,1,1,1,688,0.041,399,0.024,7,0.006,29,0.002,3,0.001,-0.0009,-0.0014,0,41,0.035,11,0.009,647,0.048,388,0.029,235,0.067,193,0.055,0.05,0.17,0.21,2.5,0.01,0.01,0,0,0.49,0.28,Uncertain
"Koochiching County, MN",27071,Non-core,,,MN,5,12229,,0.002,0,0,0,0,0,10,82,1,8.2,-0.67,0,0,30,245,1,8.2,932,7621,17,139,0,4,ModerateBurden,,Substantial,High,0.079,370,3026,0,1,-0.031,-0.36,0,0.03,0.11,576,4710,0,0.97,0,0,0,0,0.25,0.01,,,0,0,-1,,-0.25,-0.11,,,0,0,1,16,0,1,1,1,1,1,5916,0.484,5276,0.431,17,0.021,41,0.004,8,0.002,-0.0099,-0.0067,-0.0025,100,0.124,46,0.057,5811,0.577,5230,0.52,2569,0.787,2360,0.723,0.04,0.16,0.27,2.2,0.01,0.01,0.02,0.01,0.44,0.48,Uncertain
"Plumas County, CA",6063,Non-core,,,CA,9,18807,,0,0,0,554,0.029,0,10,53,0,0,,,0,0,0,0,0,733,3897,6,32,0,0,ModerateBurden,,Substantial,Low,,0,0,,,,,,,,0,0,,,2,6,0,0,0.28,0,,,0,0,,,0.06,0,,,0,0,3,33,0,7,1,1,1,1,,,,,,,,,,,,,,,,,,,,,,,,,,0.03,0.12,0.29,2.3,0.01,0.09,0.02,0.01,0.27,0.38,Uncertain
"Chittenden County, VT",50007,Small metro,"Burlington-South Burlington, VT",Metropolitan,VT,1,163774,0.743,0.262,0,1,16241,0.099,0,10,6,1,0.6,-0.23,,0,13,8,0,0,7501,4580,104,64,0,54,LowBurden,,Low,Low,0.004,2927,1787,1,0.99,-0.001,-0.48,0,-0.01,0.005,5606,3423,1,1,2,0,30,6,0.82,0,0.83,0,0.1,0,0.01,0.52,0.02,0,-0.01,0,0,0,1,501,42,98,1,1,1,1,108537,0.663,89033,0.544,287,0.028,894,0.007,80,0.003,-0.0458,0.0066,0.0017,6267,0.616,2474,0.243,102239,0.756,86552,0.64,22450,0.881,20774,0.815,0.03,0.12,0.16,2.3,0.02,0.02,0,0.05,0.18,0.02,Uncertain
"Duplin County, NC",37061,Non-core,,,NC,4,58741,,0.006,0,0,0,0,0,10,17,0,0,2.33,-1,0,3,5,4,6.8,6329,10774,137,233,0,44,ModerateBurden,,Moderate,Low,0.03,282,480,1,1,0,-0.43,0,0,0.031,493,839,1,0.99,2,6,0,0,0.88,0.1,0.87,0.21,0.16,0.02,1,,-0.03,0,-0.06,-0.1,0.02,0.02,1,34,9,7,1,1,1,1,16399,0.279,13863,0.236,18,0.004,138,0.003,16,0.001,-0.0039,-0.0022,-0.0011,215,0.044,97,0.02,16177,0.361,13765,0.308,6257,0.549,5679,0.498,0.18,0.24,0.19,2.7,0.24,0.23,0,0,0.98,0.99,Uncertain
"Waushara County, WI",55137,Non-core,,,WI,5,24443,,0.004,0,0,0,0,0,10,41,0,0,-0.52,,0,21,86,0,0,2573,10527,37,151,0,2,ModerateBurden,,Moderate,Substantial,0.034,293,1199,0,1,0.003,-0.31,0,0,0.03,425,1739,0,1,0,0,0,0,0.42,0,,,0,0,,,0.02,0,,,0,0,1,12,0,2,1,1,1,1,8490,0.347,7914,0.324,25,0.015,80,0.004,10,0.002,-0.0037,-0.0014,-0.0008,150,0.092,42,0.026,8340,0.417,7872,0.394,4045,0.661,3960,0.647,0.08,0.11,0.25,2.3,0.02,0.06,0.01,0.01,0.37,0.23,Uncertain
"Decatur County, IN",18031,Micropolitan,"Greensburg, IN",Micropolitan,IN,5,26559,1,0.004,0,0,0,0,0,10,38,0,0,-0.29,,0,14,53,0,0,2897,10908,92,346,0,23,ModerateBurden,,Moderate,Substantial,0.03,115,433,1,0.85,-0.012,-0.23,0,0,0.042,149,561,1,0.85,1,3,1,3,0.28,0,0,0,0,0,0,,-0.06,0,-0.14,0,0,0,1,32,3,7,1,1,1,1,10050,0.378,8945,0.337,31,0.014,93,0.005,12,0.003,0.0059,-0.0023,-0.0006,222,0.101,93,0.042,9828,0.486,8852,0.437,3864,0.835,3703,0.8,0.07,0.13,0.17,2.5,0.01,0.02,0,0.01,0.21,0.65,Uncertain
"Oceana County, MI",26127,Non-core,,,MI,5,26467,,0.003,0,0,0,0,0,10,38,0,0,-0.44,,0,18,68,0,0,2761,10432,60,227,0,39,ModerateBurden,,Moderate,Substantial,0.023,274,1035,0,0.98,-0.037,-0.15,0,-0.01,0.06,322,1217,0,0.99,0,0,0,0,0.44,0,,,0,0,,,0.02,0,,,0,0,1,10,0,8,1,1,1,1,11112,0.42,10280,0.388,9,0.004,102,0.005,7,0.001,0.0005,-0.0013,-0.0039,160,0.075,143,0.067,10952,0.533,10137,0.493,4161,0.737,3969,0.703,0.1,0.17,0.21,2.5,0.01,0.15,0.01,0,0.86,0.92,Uncertain
"Union County, TN",47173,Medium metro,"Knoxville, TN",Metropolitan,TN,4,19972,0.023,0.003,0,0,0,0,0,10,50,0,0,0.11,,0,9,45,0,0,1954,9784,34,170,0,18,ModerateBurden,,Substantial,High,0,26,130,1,1,-0.1,-0.48,0,0,0.1,50,250,1,1,,,,,,,,,,,,,,,,,,,,,,,,,,,5161,0.258,4388,0.22,5,0.003,39,0.002,5,0.001,0.0006,-0.0029,-0.0022,58,0.037,26,0.017,5102,0.326,4362,0.278,2080,0.56,1904,0.513,0.12,0.22,0.19,2.7,0,0.02,0,0,0.67,0.72,Uncertain
"Schuyler County, NY",36097,Non-core,,,NY,2,17807,,0.001,0,0,0,0,0,10,56,0,0,0.11,,0,9,51,0,0,1066,5986,14,79,0,0,ModerateBurden,,Substantial,Substantial,0.023,429,2409,1,0.97,0.009,-0.19,0,-0.03,0.014,531,2982,1,1,0,0,0,0,0.36,0,,,0,0,-1,,-0.17,-0.01,,,0,0,1,19,0,6,1,1,1,1,9108,0.511,8248,0.463,30,0.026,133,0.009,25,0.006,-0.0305,-0.0026,-0.0018,270,0.235,112,0.097,8837,0.609,8135,0.561,3309,0.846,3117,0.797,0.06,0.14,0.22,2.4,0.01,0.02,0,0.01,0.37,0.6,Uncertain
"Ogemaw County, MI",26129,Non-core,,,MI,5,20997,,0.002,0,0,0,0,0,10,48,0,0,-0.33,-1,0,15,71,2,9.5,1739,8282,43,205,0,41,ModerateBurden,,Moderate,High,0.04,186,886,1,0.99,-0.066,-0.35,0,0,0.106,286,1362,1,0.99,3,3,0,0,0.3,0.02,0.63,0,0,0,2,,0.08,-0.01,0.01,0,-0.14,0,1,88,10,4,1,1,1,1,7668,0.365,7085,0.337,,,44,0.003,11,0.002,-0.0021,-0.0018,-0.0022,34,0.024,33,0.023,7634,0.446,7052,0.412,3759,0.682,3616,0.656,0.08,0.17,0.26,2.2,0,0.02,0.01,0.01,0.63,0.48,Uncertain
"Williams County, OH",39171,Non-core,,,OH,5,36692,,0.003,0,0,0,0,0,10,27,0,0,0.11,,0,9,25,0,0,3466,9446,78,213,0,40,ModerateBurden,,Moderate,Moderate,0.023,284,774,1,1,0.012,-0.32,0,0,0.011,419,1142,1,1,0,0,0,0,0.68,0.02,0.94,0,0.04,0,-1,,-0.02,0,0.2,0,0.04,0,2,37,5,4,1,1,1,1,12409,0.338,12120,0.33,19,0.006,121,0.004,19,0.003,-0.0079,-0.0034,-0.0016,295,0.097,168,0.055,12112,0.427,11951,0.421,5391,0.764,5395,0.764,0.05,0.14,0.19,2.3,0.01,0.05,0,0.01,0.27,0.2,Uncertain
"Grant County, OR",41023,Non-core,,,OR,10,7199,,0.002,0,0,0,0,0,10,139,0,0,9,,0,1,14,0,0,539,7487,6,83,0,37,ModerateBurden,,High,Moderate,0.071,53,736,0,1,0.031,-0.26,0,0,0.04,72,1000,0,1,0,0,0,0,0.25,0,,,0,0,,,0.04,0,,,0,0,1,16,0,2,1,1,1,1,2688,0.373,2458,0.341,20,0.047,56,0.009,19,0.008,0.0448,0.0061,0.0049,39,0.092,20,0.047,2649,0.447,2438,0.411,1312,0.581,1219,0.54,0.06,0.14,0.31,2.1,0,0.04,0.01,0.01,0.55,0.53,Uncertain
"Weakley County, TN",47183,Micropolitan,"Martin, TN",Micropolitan,TN,4,33328,1,0.005,0,0,4806,0.144,0,10,30,0,0,2.33,,0,3,9,0,0,4200,12602,67,201,0,21,ModerateBurden,,Moderate,Low,0.033,62,186,1,0.97,0.023,-0.42,0,-0.01,0.01,106,318,1,0.98,0,0,0,0,0.21,0,0.1,0,0,0,,,-0.01,0,-0.13,0,0,0,1,50,12,5,1,1,1,1,8788,0.264,7355,0.221,9,0.004,54,0.002,12,0.002,-0.0065,-0.0014,-0.0003,95,0.044,27,0.012,8688,0.323,7327,0.272,3895,0.614,3526,0.556,0.1,0.2,0.19,2.3,0.08,0.03,0,0.01,0.66,0.4,Uncertain
"Stephens County, GA",13257,Micropolitan,"Toccoa, GA",Micropolitan,GA,4,25925,1,0.002,0,0,890,0.034,0,10,39,0,0,2.33,,0,3,12,0,0,3133,12085,80,309,0,0,ModerateBurden,,Substantial,Substantial,0.094,142,548,0,0.95,-0.001,-0.01,0,0.05,0.095,144,555,0,0.9,2,4,4,9,0.44,0,0.14,0,0,0,-0.48,0.04,0.08,0,0.07,0,0,0,1,45,6,10,1,1,1,1,1023,0.039,1144,0.044,17,0.009,115,0.006,31,0.006,0.0025,0.0003,0.0025,51,0.026,15,0.008,972,0.048,1129,0.056,277,0.054,309,0.06,0.15,0.16,0.2,2.6,0.11,0.04,0,0.01,0.8,0.64,Uncertain
"Shiawassee County, MI",26155,Micropolitan,"Lansing-East Lansing, MI",Metropolitan,MI,5,68122,0.124,0.007,0,0,0,0,0,10,15,0,0,-0.76,-1,0,41,60,2,2.9,6408,9407,105,154,0,46,ModerateBurdenResolving,,Moderate,Substantial,0.024,639,938,1,0.99,-0.015,-0.24,0,-0.01,0.039,843,1237,1,1,0,0,0,0,0.54,0.08,0.67,0.29,0.13,0.1,-1,-1,-0.1,-0.07,-0.08,-0.14,-0.05,-0.06,1,74,7,17,1,1,1,1,28335,0.416,25390,0.373,35,0.007,242,0.004,57,0.004,0.0049,-0.0037,-0.0015,682,0.129,453,0.086,27651,0.513,24937,0.462,9836,0.758,9215,0.71,0.06,0.11,0.19,2.4,0.01,0.03,0,0,0.13,0.41,Uncertain
"Aitkin County, MN",27001,Non-core,,,MN,5,15886,,0.003,0,0,0,0,0,10,63,0,0,2.33,,0,3,19,0,0,1380,8687,36,227,0,47,ModerateBurden,,Substantial,Moderate,0.02,218,1372,0,1,-0.014,-0.23,0,0.01,0.033,283,1781,0,0.99,2,8,1,4,0.51,0.06,0.11,0,0,0,1,,-0.01,0.01,0,0,-0.02,0,1,25,4,6,1,1,1,1,8012,0.504,7301,0.46,21,0.021,44,0.003,11,0.002,-0.015,-0.002,-0.0011,209,0.208,85,0.085,7791,0.587,7216,0.544,4054,0.755,3890,0.724,0.04,0.13,0.34,2,0,0.01,0.02,0,0.31,0.21,Likely Decreasing
"Darke County, OH",39037,Micropolitan,"Greenville, OH",Micropolitan,OH,5,51113,1,0.004,0,0,0,0,0,10,20,0,0,0.25,,0,8,16,0,0,5407,10579,128,250,0,47,ModerateBurden,,Moderate,Moderate,0.017,260,509,2,0.95,-0.024,-0.43,1,-0.03,0.041,457,894,1,0.98,1,3,0,0,0.4,0.01,0.23,0,0,0,-0.01,,-0.04,-0.05,-0.05,-0.04,0,0,1,31,8,8,1,1,1,1,15209,0.298,14243,0.279,30,0.007,178,0.005,29,0.003,-0.0035,-0.0014,-0.0017,270,0.063,131,0.031,14939,0.383,14112,0.362,7082,0.695,6949,0.682,0.06,0.1,0.2,2.4,0.01,0.02,0,0,0.13,0.2,Uncertain
"Bristol city, VA",51520,Medium metro,"Kingsport-Bristol, TN-VA",Metropolitan,VA,3,16762,0.055,0.002,0,0,0,0,0,10,60,1,6,-0.44,0,0,18,107,1,6,1576,9402,36,215,0,37,ModerateBurden,,High,High,0.227,81,483,1,0.93,-0.011,-0.39,1,-0.04,0.238,133,793,0,0.97,,,,,,,,,,,,,,,,,,,,,,,,,,,8154,0.486,6675,0.398,15,0.012,82,0.006,19,0.005,-0.0025,-0.0045,-0.0022,239,0.196,109,0.089,7907,0.59,6565,0.49,3408,0.94,2960,0.817,0.12,0.23,0.22,2.2,0.06,0.02,0,0.01,0.75,0.71,Uncertain
"Eau Claire County, WI",55035,Small metro,"Eau Claire, WI",Metropolitan,WI,5,104646,0.618,0.018,0,1,9906,0.095,0,10,10,1,1,-0.5,0,0,20,19,1,1,11965,11434,121,116,0,59,LowBurden,,Moderate,Moderate,0.02,825,788,0,1,-0.004,-0.12,0,0,0.024,942,900,0,1,4,1,2,0,0.74,0.03,0.8,0.15,0.35,0.05,-0.34,-0.67,0.02,0,-0.01,0.02,-0.04,0,4,403,38,56,1,1,1,1,52206,0.499,48475,0.463,142,0.02,418,0.005,39,0.002,-0.0162,-0.0016,-0.0007,2287,0.323,1080,0.153,49918,0.597,47395,0.567,14861,0.876,14404,0.849,0.07,0.14,0.16,2.4,0.01,0.03,0,0.04,0.22,0.03,Uncertain
"Benton County, IN",18007,Small metro,"Lafayette-West Lafayette, IN",Metropolitan,IN,5,8748,0.038,0.001,0,0,0,0,0,10,114,0,0,1.5,,0,4,46,0,0,1005,11488,14,160,0,0,ModerateBurden,,High,High,0.075,69,789,1,1,-0.031,-0.24,0,0.04,0.106,91,1040,1,0.96,,,,,,,,,,,,,,,,,,,,,,,,,,,2880,0.329,2429,0.278,9,0.011,38,0.006,3,0.002,-0.0049,-0.0026,-0.0025,80,0.098,29,0.035,2800,0.427,2400,0.366,1074,0.684,1009,0.642,0.1,0.16,0.18,2.5,0.01,0.05,0,0,0.33,0.69,Uncertain
"Le Flore County, OK",40079,Medium metro,,,OK,6,49853,,0.013,0,0,0,0,0,10,20,0,0,0.11,-1,0,9,18,3,6,5609,11251,67,134,0,18,ModerateBurden,,Moderate,High,0.066,126,253,0,0.97,-0.049,0.31,0,-0.02,0.115,96,193,0,0.99,0,0,0,0,0.94,0,,,0,0,,,-0.02,0,,,0,0,1,14,0,7,1,1,1,1,14009,0.281,12148,0.244,18,0.004,116,0.003,16,0.002,-0.0035,-0.0008,-0.0015,223,0.052,100,0.023,13786,0.364,12048,0.318,5839,0.641,5361,0.589,0.18,0.22,0.18,2.6,0.02,0.07,0.13,0.01,0.9,0.95,Likely Decreasing
"Mitchell County, NC",37121,Non-core,,,NC,4,14964,,0.001,0,0,0,0,0,9,60,0,0,,,0,0,0,0,0,1473,9844,16,107,0,25,ModerateBurden,,Substantial,Low,0.027,83,555,1,0.97,0.001,-0.33,0,-0.03,0.025,123,822,1,1,0,0,0,0,0.33,0.03,0.19,0,0,0,,,0.08,0.02,-0.12,-0.1,-0.04,0,1,38,6,7,1,1,1,1,5385,0.36,4620,0.309,4,0.004,40,0.003,11,0.003,0.0021,-0.0034,0,24,0.025,11,0.011,5359,0.438,4609,0.377,2426,0.637,2158,0.566,0.13,0.14,0.25,2.3,0.01,0.06,0,0.01,0.42,0.64,Uncertain
"Kleberg County, TX",48273,Micropolitan,"Kingsville, TX",Micropolitan,TX,6,30680,0.987,0.001,0,1,5980,0.195,0,9,29,0,0,0.8,,0,5,16,0,0,2668,8696,93,303,0,0,ModerateBurden,,Moderate,Moderate,0.047,83,271,1,1,0.028,-0.13,0,0,0.019,95,310,1,1,1,2,2,4,0.45,0.01,0.76,0.02,0.1,0,-0.42,,0.05,-0.01,0.06,0,-0.07,-0.01,1,48,7,16,1,1,1,1,,,,,,,,,,,,,,,,,,,,,,,,,,0.17,0.27,0.13,2.7,0.03,0.73,0,0.02,0.98,0.78,Uncertain
"Hubbard County, MN",27057,Non-core,,,MN,5,21491,,0.004,0,0,0,0,0,9,42,0,0,-0.18,,0,11,51,0,0,1949,9069,41,191,0,24,ModerateBurden,,Substantial,Substantial,0.094,179,833,0,0.96,0.016,-0.24,0,0,0.077,236,1098,0,0.97,1,4,0,0,0.56,0.02,0.91,0,0.02,0,0,,0.05,-0.01,0.29,-0.11,-0.01,0,1,25,5,15,1,1,1,1,8339,0.388,7457,0.347,13,0.008,63,0.004,24,0.004,-0.0114,-0.0009,0.0009,193,0.123,73,0.046,8135,0.481,7383,0.436,4030,0.743,3810,0.703,0.06,0.11,0.25,2.4,0,0.02,0.03,0.01,0.21,0.15,Uncertain
"Marinette County, WI",55075,Micropolitan,"Marinette, WI-MI",Micropolitan,WI,5,40350,0.639,0.007,0,0,0,0,0,9,22,1,2.5,-0.55,-0.5,0,20,50,2,5,4708,11668,72,178,0,20,ModerateBurden,,Moderate,Substantial,0.024,647,1603,0,1,0.008,-0.13,-1,0,0.016,741,1836,1,1,1,1,0,0,0.49,0,0.4,0,0.01,0,,,-0.02,-0.01,0.01,-0.03,-0.04,0,1,83,14,23,1,1,1,1,16423,0.407,14880,0.369,47,0.017,160,0.005,22,0.002,0.0039,-0.0005,-0.0012,282,0.101,134,0.048,16141,0.493,14746,0.45,7807,0.789,7478,0.756,0.05,0.13,0.25,2.1,0.01,0.02,0.01,0.01,0.3,0.09,Uncertain
"Newton County, IN",18111,Large fringe metro,"Chicago-Naperville-Elgin, IL-IN-WI",Metropolitan,IN,5,13984,0.001,0.002,0,0,0,0,0,9,64,0,0,0.29,,0,7,50,0,0,1119,8002,35,250,0,11,ModerateBurden,,Substantial,High,0.04,86,615,1,0.98,-0.062,-0.4,0,-0.01,0.102,143,1023,1,0.99,,,,,,,,,,,,,,,,,,,,,,,,,,,3380,0.242,2915,0.208,4,0.004,47,0.004,7,0.002,-0.0085,-0.0041,-0.0011,50,0.047,19,0.018,3330,0.301,2896,0.262,1493,0.53,1417,0.503,0.09,0.13,0.2,2.5,0.01,0.07,0,0.01,0.34,0.64,Uncertain
"Morrow County, OR",41049,Micropolitan,"Hermiston-Pendleton, OR",Micropolitan,OR,10,11603,0.13,0.003,0,0,0,0,0,9,78,0,0,-0.31,,0,13,112,0,0,1144,9860,16,138,0,0,ModerateBurden,,Substantial,High,0.014,77,664,1,0.92,-0.071,-0.25,0,-0.08,0.085,103,888,1,1,0,0,0,0,0.33,0,,,0,0,,,-0.07,0,,,0,0,1,13,0,3,1,1,1,1,4523,0.39,4031,0.347,10,0.009,65,0.008,7,0.004,-0.0153,-0.0017,-0.0015,135,0.122,90,0.081,4387,0.521,3941,0.468,1354,0.696,1273,0.654,0.1,0.16,0.17,2.8,0.01,0.38,0.01,0,0.76,0.84,Likely Decreasing
"Macoupin County, IL",17117,Large fringe metro,"St. Louis, MO-IL",Metropolitan,IL,5,44926,0.016,0.004,0,0,548,0.012,0,9,20,1,2.2,-0.53,,0,19,42,0,0,4774,10626,88,196,0,13,ModerateBurden,,Moderate,Moderate,0.007,517,1151,0,1,-0.006,-0.31,0,0,0.013,745,1658,0,1,2,4,0,0,0.28,0.01,,,0,0,-0.5,-1,0,-0.01,,,0,0,2,50,0,6,1,1,1,1,19812,0.441,15647,0.348,46,0.013,309,0.009,61,0.007,-0.0017,-0.0007,-0.0004,587,0.167,234,0.066,19200,0.542,15412,0.435,7948,0.869,6609,0.723,0.04,0.13,0.2,2.4,0.01,0.01,0,0,0.2,0.53,Uncertain
"Jackson County, OH",39079,Micropolitan,"Jackson, OH",Micropolitan,OH,5,32413,1,0.003,0,0,0,0,0,9,28,0,0,0.12,,0,8,25,0,0,3168,9774,54,167,0,46,ModerateBurden,,Moderate,Moderate,0.015,357,1101,1,0.96,-0.001,-0.39,0,-0.03,0.017,581,1792,1,0.99,0,0,0,0,0.73,0,,,0,0,,,-0.1,0,,,0,0,1,18,0,3,1,1,1,1,10921,0.337,10481,0.323,39,0.015,133,0.005,23,0.004,0.0011,-0.0022,-0.0021,286,0.108,124,0.047,10635,0.431,10357,0.42,4085,0.714,4019,0.703,0.1,0.2,0.18,2.5,0.01,0.01,0,0,0.77,0.79,Uncertain
"Benton County, MO",29015,Non-core,,,MO,7,19443,,0.003,0,0,0,0,0,9,46,0,0,1.25,,0,4,21,0,0,1704,8764,34,175,0,11,ModerateBurden,,Moderate,Moderate,0.018,206,1060,1,0.93,0.014,-0.28,0,-0.07,0.004,286,1471,1,1,,,,,,,,,,,,,,,,,,,,,,,,,,,7114,0.366,6357,0.327,20,0.017,51,0.003,10,0.002,0.0124,-0.0001,-0.0005,48,0.04,11,0.009,7066,0.44,6346,0.395,4002,0.659,3723,0.613,0.12,0.19,0.31,2.4,0.01,0.02,0.01,0,0.55,0.81,Uncertain
"Barbour County, AL",1005,Non-core,"Eufaula, AL-GA",Micropolitan,AL,4,24686,0.915,0.005,0,0,0,0,0,9,36,0,0,0.5,-1,0,6,24,1,4.1,2343,9491,59,239,0,38,ModerateBurden,,Substantial,Moderate,0.081,98,397,0,0.98,0.06,-0.06,0,0.02,0.021,104,421,0,0.96,1,2,0,0,0.56,0.01,0.43,0,0,0,-0.01,,-0.04,0,-0.23,0,-0.24,0,1,43,5,3,1,1,1,1,6887,0.279,4973,0.201,,,31,0.002,10,0.002,0,-0.0064,-0.0006,23,0.013,11,0.006,6864,0.35,4962,0.253,3143,0.647,2657,0.547,0.11,0.29,0.2,2.5,0.48,0.05,0,0,1,0.99,Uncertain
"Upshur County, TX",48459,Small metro,"Longview, TX",Metropolitan,TX,6,41753,0.146,0.001,0,0,0,0,0,9,22,0,0,0.29,,0,7,17,0,0,3312,7932,75,180,0,18,ModerateBurden,,Moderate,Moderate,0.041,74,177,1,1,-0.004,-0.16,0,0.02,0.045,88,211,1,0.98,,,,,,,,,,,,,,,,,,,,,,,,,,,,,,,,,,,,,,,,,,,,,,,,,,,,0.17,0.13,0.19,2.9,0.08,0.09,0.01,0,0.59,0.86,Uncertain
"Caguas Municipio, PR",72025,,"San Juan-Bayamón-Caguas, PR",Metropolitan,PR,2,,,,,0,0,0,0,9,7,0,0,-0.68,,0,28,22,0,0,6255,5020,0,0,0,,,,Low,Moderate,0.014,1905,1529,,,-0.012,-0.35,,,0.026,2927,2349,,,0,0,4,1,0.59,0.01,0.77,0.05,0.37,0.01,-1,,-0.03,0,0.03,-0.01,0.06,0,2,590,43,97,1,1,1,1,65755,0.528,49793,0.4,375,0.042,1063,0.01,124,0.005,-0.0391,-0.0181,-0.0149,3577,0.403,1361,0.153,62151,0.608,48429,0.474,16242,0.622,13963,0.535,0.06,0.37,,,,,,,,,
"Oconto County, WI",55083,Medium metro,"Green Bay, WI",Metropolitan,WI,5,37930,0.117,0.007,0,0,0,0,0,9,24,0,0,-0.4,-1,0,15,40,4,10.5,5085,13406,68,179,0,22,ModerateBurden,,Moderate,Moderate,0.023,256,675,1,0.99,0.003,-0.27,0,0,0.02,349,920,1,1,0,0,0,0,0.38,0.03,,,0,0,-1,-1,0.02,0.02,,,0,0,2,30,0,4,1,1,1,1,15901,0.419,14720,0.388,69,0.025,169,0.006,33,0.004,0.0148,-0.0007,0.0009,395,0.142,184,0.066,15505,0.512,14536,0.48,6533,0.825,6341,0.801,0.05,0.09,0.21,2.3,0,0.02,0.01,0,0.06,0.07,Uncertain
"Williamsburg County, SC",45089,Non-core,,,SC,4,30368,,0.006,0,0,0,0,0,9,30,0,0,-0.18,,0,11,36,0,0,4111,13537,100,329,0,31,ModerateBurden,,Moderate,Moderate,0.038,299,985,1,1,0.003,-0.29,0,0.07,0.035,422,1390,1,0.92,0,0,0,0,0.84,0,0.79,0,0,0,,,-0.01,-0.01,-0.18,-0.04,0,0,1,16,4,3,1,1,1,1,12501,0.412,10956,0.361,27,0.012,142,0.006,22,0.003,-0.0004,-0.0037,-0.0003,163,0.071,69,0.03,12335,0.51,10886,0.45,4944,0.749,4518,0.684,0.1,0.25,0.22,2.4,0.64,0.02,0,0.01,0.97,0.98,Uncertain
"Colusa County, CA",6011,Non-core,,,CA,9,21547,,0.001,0,0,0,0,0,9,42,0,0,-0.18,,0,11,51,0,0,2274,10554,18,84,0,6,ModerateBurden,,Moderate,Substantial,,0,0,,,,,,,,0,0,,,1,3,0,0,0.91,0,0,0,0,0,,,-0.01,-0.01,0,0,0,0,1,37,5,4,1,1,1,1,9539,0.443,7548,0.35,27,0.013,145,0.009,9,0.003,-0.0073,-0.0064,-0.0034,236,0.115,120,0.058,9295,0.592,7427,0.473,2562,0.797,2076,0.646,0.1,0.14,0.15,3,0.01,0.6,0.01,0.01,0.74,0.84,Uncertain
"Miller County, AR",5091,Small metro,"Texarkana, TX-AR",Metropolitan,AR,6,43257,0.291,0.014,0,0,0,0,0,9,21,0,0,-0.1,,0,10,23,0,0,4414,10204,38,88,0,11,ModerateBurden,,Moderate,Moderate,0.032,59,136,0,0.98,0.032,-0.39,0,-0.02,0,97,224,0,1,,,,,,,,,,,,,,,,,,,,,,,,,,,4171,0.096,3405,0.079,6,0.002,76,0.002,16,0.002,0.0006,-0.0013,-0.0011,23,0.007,10,0.003,4147,0.125,3395,0.102,1912,0.257,1645,0.221,0.11,0.21,0.17,2.5,0.25,0.04,0.01,0,0.91,0.89,Uncertain
"Rusk County, WI",55107,Non-core,,,WI,5,14178,,0.002,0,0,0,0,0,9,63,2,14.1,0,,0,9,63,0,0,1443,10178,20,141,0,8,ModerateBurden,,Substantial,Substantial,0.041,182,1284,2,1,0.01,-0.45,1,0,0.031,328,2313,1,1,6,60,0,0,0.31,0,,,0,0,0.2,,-0.01,-0.01,,,0,0,1,10,0,1,1,1,1,1,4552,0.321,4117,0.29,17,0.017,64,0.006,10,0.003,0.0058,-0.0027,-0.0026,77,0.075,38,0.037,4475,0.396,4079,0.361,2201,0.625,2067,0.587,0.09,0.14,0.25,2.2,0.01,0.02,0.01,0,0.35,0.2,Uncertain
"Muscatine County, IA",19139,Micropolitan,"Muscatine, IA",Micropolitan,IA,7,42664,1,0.014,0,0,0,0,0,9,21,1,2.3,-0.4,0,0,15,35,1,2.3,4871,11417,105,246,0,20,ModerateBurden,,Moderate,Moderate,0.024,306,717,0,0.99,-0.021,-0.34,-1,0,0.046,463,1085,1,0.99,1,6,0,0,0.64,0.03,0.34,0,0,0,,-1,0.03,0.03,-0.03,0,0,0,1,17,5,4,1,1,1,1,20490,0.48,18550,0.435,120,0.033,181,0.006,23,0.003,0.0039,-0.0049,-0.002,772,0.213,270,0.074,19718,0.614,18280,0.569,6415,0.874,6138,0.836,0.04,0.1,0.17,2.6,0.03,0.18,0,0.01,0.39,0.45,Uncertain
"Wicomico County, MD",24045,Medium metro,"Salisbury, MD-DE",Metropolitan,MD,3,103609,0.249,0.017,0,1,7597,0.073,0,9,9,1,1,-0.82,-0.94,0,50,48,18,17.4,7693,7425,172,166,0,42,LowBurden,,Low,Moderate,0.015,1889,1823,1,0.98,-0.019,-0.17,0,0.01,0.033,2266,2187,1,0.98,10,3,2,1,0.78,0.02,0.44,0.02,0.12,0.02,0.11,-0.67,-0.03,0.01,-0.03,0,0.02,0.02,2,337,68,59,1,1,1,1,44783,0.432,38802,0.375,146,0.019,497,0.006,84,0.005,-0.0306,-0.0045,-0.0007,1607,0.21,608,0.079,43173,0.534,38193,0.472,14114,0.833,13167,0.777,0.07,0.15,0.16,2.6,0.27,0.06,0,0.03,0.77,0.3,Uncertain
"Marion County, MO",29127,Micropolitan,"Hannibal, MO",Micropolitan,MO,7,28530,0.735,0.005,0,0,672,0.024,0,9,32,2,7,0.8,1,0,5,18,1,3.5,3642,12766,53,186,0,0,ModerateBurden,,Moderate,Moderate,0.022,118,414,1,0.96,-0.015,-0.33,0,-0.04,0.037,175,613,1,1,1,1,0,0,0.64,0.01,0.39,0.02,0.02,0.02,,,-0.01,-0.02,-0.12,-0.07,-0.15,-0.04,1,99,12,16,1,1,1,1,9225,0.323,8380,0.294,6,0.003,68,0.003,8,0.002,-0.0076,-0.0029,-0.0036,124,0.055,64,0.028,9099,0.415,8316,0.379,3941,0.754,3768,0.721,0.1,0.19,0.18,2.4,0.05,0.02,0,0.01,0.55,0.53,Uncertain
"Curry County, OR",41015,Micropolitan,"Brookings, OR",Micropolitan,OR,10,22925,1,0.005,0,0,0,0,0,9,39,0,0,0.29,,0,7,31,0,0,677,2953,10,44,0,0,ModerateBurden,,Substantial,Moderate,0.097,79,345,0,0.98,0.059,-0.21,0,0.01,0.038,100,436,0,0.97,0,0,0,0,0.3,0,,,0,0,-1,,-0.1,-0.01,,,0,0,1,26,0,7,1,1,1,1,11197,0.488,8897,0.388,4,0.004,127,0.006,35,0.004,-0.0094,-0.0015,-0.0009,243,0.229,35,0.033,10947,0.556,8861,0.45,6029,0.751,4932,0.615,0.07,0.15,0.35,2.1,0,0.07,0.02,0.01,0.49,0.28,Uncertain
"Stephens County, OK",40137,Micropolitan,"Duncan, OK",Micropolitan,OK,6,43143,1,0.011,0,0,0,0,0,9,21,1,2.3,0.8,-0.5,0,5,12,2,4.6,4890,11334,105,243,0,16,ModerateBurden,,Moderate,Moderate,0.027,54,125,1,1,-0.015,-0.39,0,0,0.042,88,204,1,1,0,0,0,0,0.79,0,0.56,0,0,0,-1,,0.03,-0.03,0.02,-0.07,-0.02,-0.01,1,43,8,33,1,1,1,1,16316,0.378,13194,0.306,18,0.005,125,0.004,17,0.002,-0.0031,-0.0014,-0.0013,246,0.069,107,0.03,16068,0.484,13087,0.394,7150,0.816,5992,0.684,0.14,0.15,0.2,2.6,0.02,0.08,0.05,0.01,0.61,0.34,Uncertain
"Humboldt County, NV",32013,Micropolitan,"Winnemucca, NV",Micropolitan,NV,9,16831,1,0.005,0,0,0,0,0,9,53,0,0,,,0,0,0,0,0,1202,7142,14,83,0,34,ModerateBurden,,Substantial,Low,0.025,125,743,0,0.96,0.025,-0.17,0,-0.03,0,151,897,0,0.99,0,0,0,0,0.35,0.03,0.05,0,0,0,-1,,-0.1,0.01,-0.48,-0.05,0,0,1,33,3,5,1,1,1,1,5461,0.324,4826,0.287,16,0.011,60,0.005,14,0.006,0.0014,-0.0026,-0.0021,111,0.075,56,0.038,5349,0.434,4770,0.387,1760,0.725,1590,0.655,0.13,0.12,0.14,2.7,0.01,0.28,0.04,0.01,0.59,0.52,Uncertain
"Martin County, KY",21159,Non-core,,,KY,4,11195,,0.003,0,0,0,0,0,9,80,0,0,1.25,,0,4,36,0,0,1050,9379,20,179,0,0,ModerateBurden,,Substantial,Moderate,0.043,50,447,0,0.98,-0.004,-0.63,-1,-0.02,0.047,134,1197,1,1,,,,,,,,,,,,,,,,,,,,,,,,,,,4441,0.397,3774,0.337,3,0.004,108,0.012,39,0.02,0,0.0069,0.0188,36,0.046,22,0.028,4405,0.488,3752,0.416,1250,0.654,1051,0.55,0.07,0.26,0.17,2.6,0.07,0.04,0,0,0.85,0.94,Uncertain
"Jefferson County, IN",18077,Micropolitan,"Madison, IN",Micropolitan,IN,5,32308,1,0.005,0,0,1097,0.034,0,9,28,2,6.2,-0.31,,0,13,40,0,0,3348,10363,84,260,0,31,ModerateBurden,,Moderate,Moderate,0.006,437,1353,2,0.89,-0.004,1.71,0,-0.09,0.01,161,498,2,0.98,1,2,0,0,0.87,0.02,0.79,0.02,0.02,0,-0.5,,0.13,0,0.05,-0.14,-0.12,0,1,54,6,6,1,1,1,1,14156,0.438,12512,0.387,29,0.013,134,0.005,16,0.003,-0.0044,-0.001,0.0002,274,0.12,108,0.047,13882,0.54,12404,0.482,5321,0.897,5067,0.854,0.07,0.15,0.18,2.3,0.02,0.03,0,0.01,0.44,0.51,Uncertain
"Pulaski County, VA",51155,Small metro,"Blacksburg-Christiansburg, VA",Metropolitan,VA,3,34027,0.203,0.004,0,0,0,0,0,9,26,1,2.9,-0.31,,0,13,38,0,0,2688,7900,62,182,0,30,ModerateBurden,,Moderate,Moderate,0.064,194,570,1,0.98,-0.014,-0.14,0,-0.01,0.078,226,664,1,1,1,2,0,0,0.43,0.02,0.4,0.05,0.03,0,-0.67,,-0.05,-0.04,0,-0.06,0,0,1,61,9,17,1,1,1,1,6044,0.178,4928,0.145,21,0.01,127,0.005,20,0.003,-0.002,0.0009,0.0004,178,0.087,76,0.037,5854,0.208,4849,0.173,2197,0.275,1959,0.245,0.07,0.13,0.23,2.3,0.05,0.02,0,0.01,0.48,0.53,Likely Decreasing
"Doddridge County, WV",54017,Micropolitan,"Clarksburg, WV",Micropolitan,WV,3,8448,0.091,0.005,0,0,0,0,0,9,107,0,0,0.12,,0,8,95,0,0,630,7457,6,71,0,19,ModerateBurden,,High,High,0.143,69,817,1,0.95,0.023,-0.37,0,-0.05,0.12,109,1290,1,1,,,,,,,,,,,,,,,,,,,,,,,,,,,347,0.041,176,0.021,,,26,0.004,5,0.003,-0.0083,-0.0013,-0.0011,12,0.025,1,0.002,335,0.047,175,0.024,126,0.068,87,0.047,0.07,0.15,0.22,3,0.02,0.01,0,0,0.36,0.33,Uncertain
"Montgomery County, MO",29139,Non-core,,,MO,7,11551,,0.002,0,0,0,0,0,9,78,1,8.7,2,,0,3,26,0,0,1049,9081,12,104,0,0,ModerateBurden,,Substantial,Moderate,0.048,52,450,1,1,-0.02,0.13,0,0,0.068,46,398,1,1,,,,,,,,,,,,,,,,,,,,,,,,,,,4221,0.365,3651,0.316,6,0.006,34,0.004,6,0.002,-0.0108,-0.0018,0.0004,40,0.043,6,0.006,4181,0.464,3645,0.404,1918,0.778,1811,0.734,0.1,0.17,0.21,2.3,0.02,0.02,0,0,0.53,0.86,Uncertain
"Jennings County, IN",18079,Micropolitan,"North Vernon, IN",Micropolitan,IN,5,27735,1,0.004,0,0,0,0,0,9,32,0,0,-0.31,,0,13,47,0,0,2343,8448,49,177,0,25,ModerateBurden,,Moderate,Moderate,0.022,197,710,1,0.99,-0.053,-0.22,0,0.02,0.075,251,905,1,0.97,0,0,4,50,0.18,0,,,0,0,,1.29,-0.07,0,,,0,0,1,8,0,3,1,1,1,1,8460,0.305,7282,0.263,17,0.008,99,0.005,7,0.001,-0.0032,-0.0027,-0.0009,154,0.069,46,0.021,8306,0.39,7236,0.34,3196,0.684,3046,0.652,0.1,0.15,0.17,2.6,0.01,0.03,0,0,0.38,0.41,Uncertain
"Dorado Municipio, PR",72051,,"San Juan-Bayamón-Caguas, PR",Metropolitan,PR,2,,,,,0,0,0,0,9,25,0,0,3.5,,0,2,6,0,0,2027,5609,0,0,0,,,,Moderate,Low,0.013,385,1065,,,-0.004,-0.34,,,0.017,587,1624,,,,,,,,,,,,,,,,,,,,,,,,,,,,,17887,0.495,13921,0.385,124,0.048,949,0.032,113,0.017,-0.0498,-0.0211,-0.0096,925,0.36,289,0.112,16957,0.572,13631,0.46,4119,0.631,3545,0.543,0.05,0.34,,,,,,,,,
"Freeborn County, MN",27047,Micropolitan,"Albert Lea, MN",Micropolitan,MN,5,30281,1,0.005,0,0,0,0,0,9,30,0,0,0.12,-1,0,8,26,1,3.3,3461,11430,31,102,0,47,ModerateBurden,,Moderate,Moderate,0.03,427,1410,0,0.99,0.002,-0.21,0,-0.01,0.028,540,1783,0,1,0,0,1,2,0.66,0,0.67,0,0,0,,-0.64,-0.02,-0.02,-0.1,-0.03,0,0,1,63,9,8,1,1,1,1,14371,0.475,12809,0.423,32,0.014,107,0.005,15,0.002,-0.029,-0.0022,0.0004,459,0.199,222,0.096,13879,0.586,12582,0.532,5672,0.831,5436,0.796,0.06,0.12,0.23,2.3,0.01,0.1,0,0.03,0.43,0.13,Uncertain
"Salem County, NJ",34033,Large fringe metro,"Philadelphia-Camden-Wilmington, PA-NJ-DE-MD",Metropolitan,NJ,2,62385,0.01,0.007,0,0,0,0,0,9,14,0,0,-0.18,,0,11,18,0,0,6086,9756,185,297,0,41,ModerateBurden,,Moderate,Moderate,0.013,675,1082,0,1,-0.017,-0.15,0,0,0.03,796,1276,0,1,2,1,2,1,0.26,0.01,0.42,0.02,0.08,0,-0.5,-0.82,-0.05,0,-0.1,-0.02,0.04,0,2,222,19,18,1,1,1,1,31068,0.498,23618,0.379,95,0.021,496,0.01,57,0.005,-0.0283,-0.0038,-0.0006,882,0.191,351,0.076,30184,0.615,23267,0.474,10114,0.852,7945,0.669,0.06,0.13,0.19,2.6,0.13,0.1,0,0.01,0.59,0.46,Uncertain
"Pottawatomie County, OK",40125,Micropolitan,"Shawnee, OK",Micropolitan,OK,6,72592,1,0.018,0,0,1855,0.026,0,9,12,1,1.4,-0.31,-0.67,0,13,18,3,4.1,8397,11567,131,180,0,46,ModerateBurden,,Moderate,Moderate,0.008,281,387,0,0.98,-0.031,-0.31,0,-0.02,0.039,409,563,0,1,0,0,10,14,0.8,0.01,0.35,0.01,0.09,0.01,-1,-0.56,0.03,-0.02,0,-0.03,0.02,0.01,2,70,23,28,1,1,1,1,25381,0.35,20955,0.289,46,0.008,206,0.004,30,0.002,-0.0116,-0.002,0.0001,584,0.101,249,0.043,24792,0.446,20706,0.372,9129,0.757,8187,0.679,0.14,0.16,0.17,2.6,0.03,0.05,0.13,0.01,0.78,0.47,Uncertain
"Talbot County, MD",24041,Micropolitan,"Easton, MD",Micropolitan,MD,3,37181,1,0.006,0,0,0,0,0,9,24,0,0,1.25,-1,0,4,11,7,18.8,2167,5828,44,118,0,21,ModerateBurden,,Moderate,Moderate,0.033,424,1140,1,0.98,0.01,-0.25,0,-0.02,0.023,564,1517,1,0.99,1,1,11,14,0.91,0.01,1.03,0,0.11,0.01,-0.49,-0.06,0.01,0,0,0,0.04,0,1,79,5,20,1,1,1,1,22823,0.614,20457,0.55,82,0.034,197,0.006,24,0.002,-0.013,-0.0017,-0.0009,755,0.316,326,0.137,22067,0.726,20130,0.662,9615,0.87,9092,0.822,0.05,0.1,0.3,2.2,0.12,0.07,0,0.01,0.13,0.17,Uncertain
"Monroe County, MO",29137,Non-core,,,MO,7,8644,,0.001,0,0,0,0,0,9,104,0,0,,,0,0,0,0,0,1009,11673,12,139,0,0,ModerateBurden,,High,Low,0.182,17,197,0,1,0.182,-0.43,-1,0.04,0,30,347,1,0.96,,,,,,,,,,,,,,,,,,,,,,,,,,,3015,0.349,2668,0.309,,,11,0.002,2,0.001,-0.0093,-0.0015,-0.0024,18,0.028,7,0.011,2997,0.442,2661,0.392,1487,0.717,1377,0.664,0.11,0.14,0.24,2.3,0.03,0.02,0,0,0.39,0.89,Uncertain
"Washington County, OH",39167,Micropolitan,"Marietta, OH",Micropolitan,OH,5,59911,1,0.005,0,0,1069,0.018,0,9,15,0,0,-0.53,,0,19,32,0,0,5286,8823,109,182,0,11,ModerateBurden,,Moderate,Moderate,0.042,363,606,0,0.99,-0.027,-0.18,0,0.03,0.068,442,738,0,0.95,3,1,0,0,0.77,0.03,0.95,0.01,0.14,0,-0.73,,-0.02,-0.01,-0.02,0,0.02,0,2,207,12,83,1,1,1,1,24565,0.41,23228,0.388,69,0.016,505,0.011,117,0.009,0.0005,0.0035,0.0046,646,0.152,334,0.079,23919,0.497,22894,0.476,9872,0.763,9631,0.744,0.07,0.15,0.22,2.4,0.01,0.01,0,0.01,0.35,0.54,Uncertain
"Wood County, TX",48499,Non-core,,,TX,6,45539,,0.002,0,0,923,0.02,0,9,20,0,0,-0.25,-1,0,12,26,1,2.2,3471,7622,129,283,0,7,ModerateBurden,,Moderate,High,0.031,104,228,1,0.98,-0.073,-0.3,0,0,0.104,149,327,1,0.98,1,2,0,0,0.4,0.01,,,0,0,,,-0.02,0.01,,,0,0,2,60,0,21,1,1,1,1,,,,,,,,,,,,,,,,,,,,,,,,,,0.14,0.14,0.28,2.6,0.05,0.1,0.01,0.01,0.63,0.8,Uncertain
"Bolivar County, MS",28011,Micropolitan,"Cleveland, MS",Micropolitan,MS,4,30628,1,0.01,0,0,2260,0.074,0,9,29,0,0,2,-1,0,3,10,1,3.3,4823,15747,133,434,0,0,ModerateBurden,,Moderate,Moderate,0,55,180,0,1,0,0.15,0,0,0,48,157,0,1,0,0,0,0,0.78,0,0.96,0,0,0,,,-0.12,0,-0.01,0,-0.06,0,1,33,7,10,1,1,1,1,12871,0.42,10322,0.337,32,0.013,181,0.008,30,0.006,0.0071,0.0049,0.0032,162,0.068,64,0.027,12707,0.549,10258,0.443,4352,0.871,3762,0.753,0.15,0.35,0.16,2.6,0.63,0.02,0,0.01,0.97,0.88,Uncertain
"George County, MS",28039,Non-core,,,MS,4,24500,,0.008,0,0,0,0,0,9,37,0,0,-0.1,,0,10,41,0,0,2517,10273,48,196,0,30,ModerateBurden,,Moderate,Moderate,0.043,29,118,1,1,0.018,0.12,0,0,0.026,26,106,1,1,0,0,0,0,0.3,0,0.45,0,0,0,,,-0.06,0,-0.31,0,0,0,1,42,6,3,1,1,1,1,6142,0.251,5412,0.221,7,0.003,57,0.003,12,0.003,0.0015,0.0006,-0.0008,42,0.02,23,0.011,6099,0.338,5389,0.299,2653,0.741,2488,0.695,0.15,0.15,0.15,3.2,0.08,0.03,0,0.01,0.61,0.37,Likely Decreasing
"Kendall County, TX",48259,Large fringe metro,"San Antonio-New Braunfels, TX",Metropolitan,TX,6,47431,0.019,0.002,0,0,0,0,0,9,19,0,0,-0.25,,0,12,25,0,0,3349,7061,72,152,0,31,ModerateBurden,,Moderate,Moderate,0.008,384,810,0,1,-0.011,0.04,0,0.01,0.02,369,778,0,0.99,,,,,,,,,,,,,,,,,,,,,,,,,,,,,,,,,,,,,,,,,,,,,,,,,,,,0.09,0.05,0.19,2.9,0.01,0.25,0,0.01,0.23,0.23,Uncertain
"Hardy County, WV",54031,Non-core,,,WV,3,13776,,0.008,0,0,0,0,0,9,65,0,0,,,0,0,0,0,0,1561,11331,24,174,0,31,ModerateBurden,,Substantial,Low,0.033,91,661,0,0.94,-0.011,-0.36,0,0,0.044,142,1031,0,0.94,,,,,,,,,,,,,,,,,,,,,,,,,,,2969,0.216,2623,0.19,2,0.002,37,0.003,7,0.002,-0.002,-0.0014,-0.0016,16,0.016,6,0.006,2952,0.27,2617,0.239,1184,0.382,1087,0.351,0.06,0.12,0.22,2.5,0.03,0.05,0,0.01,0.28,0.31,Uncertain
"Clark County, AR",5019,Micropolitan,"Arkadelphia, AR",Micropolitan,AR,6,22320,1,0.007,0,0,4354,0.195,0,9,40,0,0,3.5,,0,2,9,0,0,2131,9547,41,184,0,0,ModerateBurden,,Moderate,Low,0,34,152,0,1,0,2.78,0,0,0,9,40,0,1,1,5,4,20,0.34,0.01,0.42,0,0.24,0,,0,-0.1,-0.02,-0.35,0,0,0,1,20,2,7,1,1,1,1,7959,0.357,6818,0.305,21,0.015,55,0.003,6,0.002,-0.0065,-0.0028,-0.0029,178,0.128,75,0.054,7776,0.43,6743,0.373,2976,0.793,2744,0.731,0.09,0.2,0.17,2.3,0.24,0.05,0,0.01,0.79,0.93,Uncertain
"Carroll County, KY",21041,Non-core,,,KY,4,10631,,0.002,0,0,0,0,0,9,85,1,9.4,1.25,,0,4,38,0,0,1034,9726,20,188,0,0,ModerateBurden,,High,Moderate,0.111,109,1025,0,0.96,0.079,0.06,0,-0.04,0.032,103,969,0,1,0,0,1,3,0.21,0,,,,,,,0.01,0,,,,,1,29,0,0,1,1,1,1,4084,0.384,3429,0.323,2,0.002,44,0.006,2,0.001,-0.0829,-0.0046,-0.0018,110,0.132,15,0.018,3974,0.503,3414,0.433,1364,0.818,1217,0.73,0.08,0.26,0.16,2.6,0.02,0.07,0,0,0.89,0.94,Uncertain
"Barron County, WI",55005,Non-core,,,WI,5,45244,,0.008,0,0,0,0,0,9,20,1,2.2,0.12,,0,8,18,0,0,6035,13339,84,186,0,20,ModerateBurden,,Moderate,Moderate,0.014,339,749,1,0.98,-0.013,-0.39,1,-0.01,0.027,557,1231,0,0.99,4,5,1,1,0.45,0.03,0.63,0.23,0,0,-0.75,-0.83,-0.1,-0.02,-0.17,-0.2,0,0,3,87,5,11,1,1,1,1,19459,0.43,17698,0.391,43,0.012,180,0.005,33,0.003,-0.0058,-0.0023,-0.0004,444,0.128,218,0.063,19013,0.535,17480,0.492,8229,0.806,7788,0.763,0.07,0.12,0.23,2.3,0.02,0.03,0.01,0.01,0.33,0.17,Uncertain
"Finney County, KS",20055,Micropolitan,"Garden City, KS",Micropolitan,KS,7,36467,0.905,0.013,0,0,0,0,0,9,25,1,2.7,0.5,0,0,6,16,1,2.7,6103,16736,74,203,0,6,ModerateBurden,,Substantial,Moderate,0.096,114,313,0,0.99,0.037,-0.57,-1,0,0.059,267,732,1,0.99,17,7,2,1,0.58,0.12,0.39,0.16,0.15,0,-0.32,0,-0.02,-0.01,-0.01,0.01,0.14,0,1,248,20,12,1,1,1,1,12729,0.349,8588,0.236,83,0.023,291,0.011,22,0.005,-0.0036,0.0002,0.001,430,0.119,103,0.029,12297,0.483,8485,0.333,3161,0.763,2155,0.52,0.13,0.15,0.11,2.9,0.04,0.51,0,0.04,0.82,0.6,Uncertain
"Accomack County, VA",51001,Non-core,,,VA,3,32316,,0.004,0,0,0,0,0,9,28,1,3.1,0.29,,0,7,22,0,0,2865,8866,43,133,0,34,ModerateBurden,,Moderate,Moderate,0.048,177,548,1,0.99,0.001,-0.26,0,0.01,0.047,238,736,1,0.99,0,0,7,15,0.53,0.02,0.41,0.03,0.05,0,,-0.46,0,-0.01,-0.11,-0.07,-0.01,-0.01,1,46,10,24,1,1,1,1,16078,0.498,13703,0.424,51,0.023,274,0.011,38,0.005,-0.0134,0.0011,-0.0013,319,0.142,90,0.04,15755,0.615,13612,0.531,6602,0.832,6172,0.778,0.17,0.2,0.25,2.4,0.28,0.09,0,0.01,0.8,0.83,Uncertain
"Waller County, TX",48473,Large fringe metro,"Houston-The Woodlands-Sugar Land, TX",Metropolitan,TX,6,55246,0.008,0.002,0,1,8427,0.153,0,9,16,0,0,,,0,0,0,0,0,4193,7590,49,89,0,35,ModerateBurden,,Moderate,Low,0.055,296,536,1,0.97,0.02,-0.34,0,-0.02,0.035,449,813,1,0.99,,,,,,,,,,,,,,,,,,,,,,,,,,,,,,,,,,,,,,,,,,,,,,,,,,,,0.2,0.17,0.12,3.1,0.24,0.31,0,0.01,0.83,0.75,Uncertain
"Cass County, TX",48067,Non-core,,,TX,6,30026,,0.001,0,0,0,0,0,9,30,0,0,-0.62,-1,0,24,80,1,3.3,1972,6568,83,276,0,0,ModerateBurden,,Moderate,Substantial,0.029,58,193,0,0.97,-0.004,-0.48,0,-0.03,0.033,111,370,0,1,,,,,,,,,,,,,,,,,,,,,,,,,,,,,,,,,,,,,,,,,,,,,,,,,,,,0.15,0.2,0.23,2.5,0.17,0.05,0.01,0,0.78,0.78,Uncertain
"Blaine County, MT",30005,Non-core,,,MT,8,6681,,0.006,0,0,0,0,0,9,135,0,0,0,-1,0,9,135,1,15,803,12019,24,359,0,7,ModerateBurden,,High,High,0.154,7,105,0,0.85,0.011,-0.46,-1,-0.05,0.143,13,195,1,0.9,0,0,0,0,0.02,0,,,,,,,0.02,0,,,,,1,6,0,0,1,1,1,1,4475,0.67,3762,0.563,53,0.081,28,0.006,,,0.0676,-0.0004,-0.0019,419,0.644,211,0.324,4050,0.86,3551,0.754,1054,0.996,990,0.936,0.18,0.3,0.16,2.8,0,0.04,0.49,0,0.92,0.63,Uncertain
"Clare County, MI",26035,Non-core,,,MI,5,30950,,0.003,0,0,0,0,0,9,29,1,3.2,-0.31,0,0,13,42,1,3.2,2464,7961,82,265,0,43,ModerateBurden,,Moderate,Moderate,0.01,271,876,0,0.99,-0.038,-0.32,-1,0.01,0.049,400,1292,1,0.98,2,4,0,0,0.18,0.02,,,0,0,,,0,0.02,,,0,0,1,49,0,5,1,1,1,1,11113,0.359,10390,0.336,4,0.002,84,0.003,20,0.003,0,-0.0014,-0.0007,109,0.051,113,0.053,11003,0.444,10277,0.414,4849,0.649,4780,0.64,0.11,0.23,0.24,2.4,0.01,0.02,0.01,0,0.77,0.88,Uncertain
"Tuolumne County, CA",6109,Micropolitan,"Sonora, CA",Micropolitan,CA,9,54478,1,0.001,0,0,0,0,0,9,17,2,3.7,0,,0,9,17,0,0,4177,7667,69,127,0,14,ModerateBurden,,Moderate,Moderate,,729,1338,,,,-0.4,,,0.012,1206,2214,,,0,0,18,25,0.69,0.01,0.45,0.07,0.04,0.01,,0,0.03,-0.01,-0.17,-0.1,0,-0.02,1,72,6,29,1,1,1,1,26946,0.495,21578,0.396,7,0.002,141,0.003,37,0.003,-0.0258,-0.0031,-0.0012,408,0.128,180,0.057,26504,0.585,21394,0.472,12665,0.861,10738,0.73,0.06,0.13,0.27,2.2,0.02,0.13,0.01,0.01,0.47,0.23,Uncertain
"Randolph County, AR",5121,Non-core,,,AR,6,17958,,0.006,0,0,0,0,0,9,50,0,0,-0.57,,0,21,117,0,0,2187,12178,47,262,0,4,ModerateBurden,,Substantial,High,0.007,105,585,0,1,0.007,0.67,0,0.11,0,63,351,0,0.89,0,0,4,10,0.33,0,0,0,0,0,-1,0.33,-0.01,-0.01,0,0,0,0,1,40,3,2,1,1,1,1,4264,0.237,3125,0.174,8,0.005,40,0.003,5,0.001,0.0027,-0.0021,-0.0023,50,0.034,23,0.016,4198,0.307,3101,0.226,1797,0.507,1307,0.369,0.08,0.18,0.2,2.3,0.01,0.02,0.01,0,0.72,0.9,Uncertain
"Gibson County, TN",47053,Non-core,"Jackson, TN",Metropolitan,TN,4,49133,0.275,0.007,0,0,0,0,0,9,18,0,0,-0.47,,0,17,35,0,0,6621,13476,147,299,0,7,ModerateBurden,,Moderate,Moderate,0.054,154,313,1,0.95,-0.012,-0.32,0,-0.03,0.066,228,464,1,0.98,0,0,0,0,0.16,0,0.08,0,0,0,,,0.03,0,0.08,0,0,0,1,39,4,7,1,1,1,1,15131,0.308,12630,0.257,22,0.005,135,0.004,19,0.002,0.0017,-0.001,-0.0016,142,0.035,46,0.011,14985,0.401,12584,0.337,6984,0.777,6270,0.698,0.08,0.17,0.18,2.5,0.18,0.03,0,0,0.74,0.7,Uncertain
"Grand Forks County, ND",38035,Small metro,"Grand Forks, ND-MN",Metropolitan,ND,8,69451,0.689,0.091,0,1,9935,0.143,0,9,13,2,2.9,-0.53,,0,19,27,0,0,10692,15395,79,114,0,45,ModerateBurden,,Moderate,Moderate,0.027,405,583,0,0.99,-0.004,-0.33,0,0.01,0.031,609,877,0,0.98,0,0,1,1,0.8,0.01,0.8,0.01,0.05,0,-1,,-0.06,0,-0.17,-0.04,-0.02,0,2,200,17,89,1,1,1,1,33060,0.476,28794,0.415,61,0.015,244,0.004,15,0.002,0.0005,-0.0022,0,803,0.191,525,0.125,32234,0.589,28268,0.516,8390,0.907,7134,0.771,0.07,0.17,0.13,2.2,0.04,0.05,0.03,0.03,0.3,0.03,Uncertain
"Ponce Municipio, PR",72113,,"Ponce, PR",Metropolitan,PR,2,,,,,1,5858,0.035,0,9,7,0,0,-0.67,,0,27,20,0,0,3374,2558,0,0,0,,,,Low,Moderate,0.009,886,672,,,-0.021,-0.67,,,0.03,2670,2025,,,2,0,7,1,0.54,0,0.68,0.01,0.26,0,-0.67,0,0.01,0,0.05,0.01,0.03,0,4,765,79,148,1,1,1,1,74735,0.567,56780,0.431,950,0.101,1846,0.017,227,0.008,0.0087,-0.0086,-0.0103,3988,0.425,1337,0.142,70720,0.653,55440,0.512,20979,0.698,18060,0.601,0.05,0.51,,,,,,,,,
"Lamar County, AL",1075,Non-core,,,AL,4,13805,,0.003,0,0,0,0,0,9,65,0,0,0.12,,0,8,58,0,0,1459,10569,37,268,0,13,ModerateBurden,,High,High,0.128,58,420,0,0.98,0.024,-0.38,0,0,0.104,93,674,0,0.98,,,,,,,,,,,,,,,,,,,,,,,,,,,4335,0.314,3731,0.27,1,0.001,18,0.002,3,0.001,0.0009,0.0005,-0.001,8,0.007,4,0.004,4327,0.399,3727,0.343,2197,0.718,1931,0.631,0.09,0.21,0.22,2.3,0.1,0.02,0,0,0.63,0.78,Uncertain
"Hardin County, TN",47071,Non-core,,,TN,4,25652,,0.004,0,0,0,0,0,9,35,0,0,2,,0,3,12,0,0,3601,14038,68,265,0,0,ModerateBurden,,Moderate,Moderate,0,58,226,1,1,-0.011,-0.44,0,0,0.011,103,402,1,1,0,0,0,0,0.14,0,,,0,0,,,0.02,0,,,0,0,1,52,0,6,1,1,1,1,7862,0.306,6753,0.263,8,0.004,29,0.001,6,0.001,-0.0026,-0.002,-0.001,87,0.046,29,0.015,7774,0.381,6724,0.329,3667,0.613,3335,0.558,0.11,0.21,0.23,2.5,0.03,0.03,0,0.01,0.71,0.74,Likely Decreasing
"Owyhee County, ID",16073,Medium metro,"Boise City, ID",Metropolitan,ID,10,11823,0.016,0.007,0,0,0,0,0,9,76,0,0,3.5,,0,2,17,0,0,1086,9185,30,254,0,0,ModerateBurden,,High,Moderate,0.107,72,609,0,1,0.07,-0.65,-1,0,0.038,205,1734,1,1,,,,,,,,,,,,,,,,,,,,,,,,,,,2729,0.231,2361,0.2,,,63,0.007,15,0.007,,0.0001,-0.0009,,,,,2729,0.31,2361,0.268,1090,0.511,986,0.462,0.24,0.21,0.18,2.7,0,0.26,0.03,0.01,0.82,0.74,Uncertain
"Brown County, OH",39015,Large fringe metro,"Cincinnati, OH-KY-IN",Metropolitan,OH,5,43432,0.02,0.004,0,0,0,0,0,9,21,0,0,-0.25,,0,12,28,0,0,4010,9233,61,140,0,18,ModerateBurden,,Moderate,Moderate,0.033,216,497,1,1,0.005,-0.47,1,0,0.028,407,937,0,1,,,,,,,,,,,,,,,,,,,,,,,,,,,13162,0.303,12212,0.281,31,0.009,149,0.004,33,0.004,-0.0014,-0.0066,-0.0054,257,0.072,123,0.035,12905,0.385,12089,0.361,5600,0.703,5378,0.675,0.08,0.16,0.18,2.5,0.01,0.01,0,0,0.4,0.43,Uncertain
"Trigg County, KY",21221,Medium metro,"Clarksville, TN-KY",Metropolitan,KY,4,14651,0.048,0.003,0,0,0,0,0,9,61,0,0,-0.4,,0,15,102,0,0,1345,9180,15,102,0,0,ModerateBurden,,Substantial,High,0.03,54,369,1,0.88,0.03,0,0,-0.11,0,54,369,1,0.99,0,0,0,0,0.84,0,,,,,,,0.09,0,,,,,1,11,0,0,1,1,1,1,5266,0.359,4555,0.311,9,0.008,51,0.004,11,0.003,-0.0035,-0.0024,-0.0012,63,0.055,19,0.017,5201,0.45,4536,0.393,2407,0.709,2220,0.654,0.1,0.11,0.23,2.4,0.07,0.02,0,0,0.36,0.79,Uncertain
"Pend Oreille County, WA",53051,Medium metro,,,WA,10,13724,,0.002,0,0,0,0,0,9,66,0,0,-0.53,,0,19,138,0,0,809,5895,9,66,0,4,ModerateBurden,,Substantial,High,0.017,191,1392,,,-0.026,-0.06,,,0.043,204,1486,,,3,28,4,37,0.57,0.15,,,0,0,0.52,-0.71,-0.2,0,,,0,0,1,11,0,4,1,1,1,1,4287,0.312,3676,0.268,12,0.012,66,0.006,12,0.003,0,-0.0017,-0.0032,79,0.082,32,0.033,4208,0.379,3644,0.328,2141,0.58,1909,0.517,0.08,0.15,0.27,2.3,0.01,0.04,0.03,0.01,0.54,0.53,Uncertain
"Knox County, ME",23013,Non-core,,,ME,1,39772,,0.03,0,0,0,0,0,9,23,0,0,-0.4,-1,0,15,38,1,2.5,1140,2866,6,15,0,23,ModerateBurden,,Moderate,Moderate,0.021,468,1177,1,0.95,-0.006,0.01,0,0.07,0.026,462,1162,1,0.88,1,1,15,17,0.54,0,0.7,0.02,0,0,-0.5,0.07,-0.04,-0.01,-0.05,-0.07,-0.01,0,1,89,8,12,1,1,1,1,27737,0.697,24465,0.615,88,0.034,358,0.011,33,0.003,0.0203,0.001,0.0005,1218,0.468,302,0.116,26516,0.809,24163,0.737,10113,0.977,9656,0.932,0.11,0.11,0.26,2.2,0.01,0.02,0,0.01,0.15,0.15,Uncertain
"Decatur County, KS",20039,Non-core,,,KS,7,2827,,0.001,0,0,0,0,0,9,318,0,0,8,,0,1,35,0,0,277,9798,12,424,0,0,ModerateBurden,,High,High,0,5,177,0,1,-0.286,1.5,0,0,0.286,2,71,0,1,0,0,0,0,0.27,0,,,0,0,,,-0.24,0,,,0,0,1,12,0,1,1,1,1,1,909,0.322,845,0.299,,,6,0.003,3,0.004,-0.0113,0.0013,0.0025,3,0.017,,,906,0.4,845,0.373,505,0.629,475,0.592,0.11,0.19,0.28,1.9,0.01,0.03,0,0,0.16,0.29,Uncertain
"Vega Alta Municipio, PR",72143,,"San Juan-Bayamón-Caguas, PR",Metropolitan,PR,2,,,,,0,0,0,0,9,25,0,0,-0.18,,0,11,31,0,0,1763,4889,0,0,0,,,,Moderate,Moderate,0.006,202,560,,,-0.026,-0.45,,,0.032,367,1018,,,,,,,,,,,,,,,,,,,,,,,,,,,,,14039,0.389,11160,0.309,63,0.025,343,0.012,27,0.004,-0.0269,-0.0089,-0.0033,497,0.194,152,0.059,13539,0.457,11008,0.372,3642,0.528,3324,0.482,0.05,0.48,,,,,,,,,
"Bremer County, IA",19017,Small metro,"Waterloo-Cedar Falls, IA",Metropolitan,IA,7,25062,0.149,0.008,0,0,1456,0.058,0,9,36,0,0,0.5,,0,6,24,0,0,2877,11480,60,239,0,15,ModerateBurden,,Moderate,Moderate,0.043,89,355,0,1,0.027,-0.4,0,0.01,0.016,148,591,0,0.99,0,0,0,0,0.24,0.01,,,0.11,0,-1,,-0.07,-0.02,,,0.11,0,2,37,0,11,1,1,1,1,12402,0.495,11306,0.451,56,0.028,79,0.004,6,0.001,-0.0125,-0.0025,-0.002,422,0.21,167,0.083,11980,0.616,11139,0.573,4461,0.896,4217,0.847,0.03,0.08,0.2,2.4,0.01,0.02,0,0.01,0.03,0.07,Uncertain
"Oldham County, KY",21185,Large fringe metro,"Louisville/Jefferson County, KY-IN",Metropolitan,KY,4,66799,0.053,0.015,0,0,0,0,0,9,13,1,1.5,0.5,,0,6,9,0,0,7674,11488,84,126,0,23,ModerateBurden,,Moderate,Low,0.015,427,639,1,0.99,-0.005,-0.41,0,0,0.019,718,1075,1,0.98,0,0,0,0,0.23,0.02,0.16,0.05,0.04,0,,,-0.03,0,0.02,0.02,-0.09,0,1,61,21,8,1,1,1,1,32815,0.491,27913,0.418,164,0.024,297,0.006,28,0.003,-0.0124,-0.0023,0.0002,2011,0.298,853,0.126,30799,0.618,27060,0.543,7694,0.843,7195,0.788,0.03,0.06,0.14,3,0.04,0.04,0,0.02,0.04,0.15,Uncertain
"Roosevelt County, NM",35041,Micropolitan,"Portales, NM",Micropolitan,NM,6,18500,1,0.009,0,0,2803,0.152,0,9,49,0,0,-0.36,,0,14,76,0,0,2016,10897,59,319,0,14,ModerateBurden,,Moderate,Substantial,0,168,908,3,0.51,-0.041,-0.21,1,-0.14,0.041,214,1157,2,0.65,0,0,0,0,0.22,0,,,0,0,-1,,0.02,-0.05,,,0,0,1,16,0,7,1,1,1,1,2584,0.14,3190,0.172,14,0.01,98,0.007,12,0.004,-0.0027,-0.0016,-0.0004,88,0.06,31,0.021,2496,0.178,3159,0.226,555,0.204,921,0.339,0.14,0.26,0.15,2.6,0.02,0.43,0.01,0.01,0.94,0.73,Uncertain
"Jerome County, ID",16053,Micropolitan,"Twin Falls, ID",Metropolitan,ID,10,24412,0.219,0.014,0,0,0,0,0,9,37,0,0,0.12,,0,8,33,0,0,2636,10798,23,94,0,36,ModerateBurden,,Moderate,Moderate,0.058,169,692,1,1,0.047,-0.04,0,0,0.011,176,721,1,1,0,0,0,0,0.31,0,,,,,,,-0.03,0,,,,,1,20,0,0,1,1,1,1,6987,0.286,6057,0.248,,,85,0.005,10,0.003,,-0.005,-0.0015,,,,,6987,0.412,6057,0.357,2310,0.715,2143,0.663,0.2,0.18,0.13,3,0,0.37,0.01,0,0.67,0.55,Uncertain
"Armstrong County, PA",42005,Large fringe metro,"Pittsburgh, PA",Metropolitan,PA,3,64735,0.028,0.005,0,0,0,0,0,9,14,2,3.1,-0.62,-0.67,0,24,37,6,9.3,5988,9250,146,226,0,38,ModerateBurden,,Moderate,Moderate,0.027,352,544,1,0.98,-0.014,-0.2,0,0,0.041,442,683,1,0.97,0,0,0,0,0.81,0.02,0.59,0,0,0,-1,,-0.04,-0.02,0.01,0,-0.02,0,1,44,10,8,1,1,1,1,31720,0.49,27822,0.43,74,0.017,439,0.008,86,0.006,0.003,-0.0005,0.0012,689,0.158,315,0.072,31030,0.593,27507,0.525,13348,0.912,11979,0.819,0.05,0.12,0.23,2.3,0.01,0.01,0,0,0.25,0.5,Uncertain
"Luce County, MI",26095,Non-core,,,MI,5,6229,,0.001,0,0,0,0,0,9,144,1,16.1,-0.31,,0,13,209,0,0,480,7706,5,80,0,13,ModerateBurden,,High,High,0.009,587,9424,2,0.97,-0.002,0.19,0,-0.01,0.012,495,7947,2,0.98,0,0,0,0,0.18,0,,,0,0,-1,-1,-0.13,-0.1,,,0,0,1,33,0,3,1,1,1,1,2355,0.378,2129,0.342,5,0.015,20,0.004,4,0.003,0.0116,-0.0023,-0.0008,40,0.116,13,0.038,2315,0.443,2116,0.405,1028,0.783,956,0.728,0.06,0.17,0.21,2.4,0.12,0.02,0.05,0,0.53,0.63,Uncertain
"Cleveland County, AR",5025,Small metro,"Pine Bluff, AR",Metropolitan,AR,6,7956,0.091,0.003,0,0,0,0,0,9,113,0,0,0.8,,0,5,63,0,0,969,12179,25,314,0,0,ModerateBurden,,High,Substantial,0.061,26,327,0,1,0.017,1.89,0,0,0.043,9,113,0,1,,,,,,,,,,,,,,,,,,,,,,,,,,,2837,0.357,2476,0.311,5,0.007,31,0.005,4,0.002,0,-0.0005,-0.0023,38,0.055,14,0.02,2797,0.448,2462,0.395,1143,0.67,1045,0.613,0.05,0.19,0.21,2.5,0.11,0.02,0,0,0.56,0.81,Uncertain
"Cherokee County, TX",48073,Micropolitan,"Jacksonville, TX",Micropolitan,TX,6,52646,1,0.002,0,0,34,0.001,0,9,17,1,1.9,-0.57,,0,21,40,0,0,4268,8107,143,272,0,9,ModerateBurden,,High,Moderate,0.111,292,555,1,1,0.103,-0.06,-1,0.33,0.008,312,593,2,0.67,13,12,1,1,0.31,0.02,0.14,0.14,0.04,0,0.97,,-0.03,0,,,-0.05,0,2,107,5,27,1,1,1,1,,,,,,,,,,,,,,,,,,,,,,,,,,0.19,0.18,0.18,2.7,0.14,0.24,0,0,0.92,0.85,Uncertain
"Unallocated, CA",6000,,,,CA,9,,,,,,,,0,9,,0,,-1.64,,0,-14,,0,,37,,0,,0,,,,,,,11349,,,,,-0.48,,,0.01,21972,,,,,,,,,,,,,,,,,,,,,,,,,,,,,,798731,,530539,,2644,,10914,,938,,,,,29443,,6934,,767632,,523423,,164070,,121398,,,,,,,,,,,,
"Potter County, PA",42105,Non-core,,,PA,3,16526,,0.001,0,0,0,0,0,9,54,2,12.1,-0.31,,0,13,79,0,0,1191,7207,25,151,0,14,ModerateBurden,,Substantial,Substantial,0.048,132,799,1,1,0.02,-0.37,0,0.01,0.028,209,1265,1,0.99,0,0,0,0,0.21,0,0.19,0,0,0,-1,,-0.23,-0.03,-0.43,0,0,0,1,45,6,4,1,1,1,1,3654,0.221,3666,0.222,9,0.007,206,0.016,62,0.015,0.0016,0.0068,0.0096,39,0.032,12,0.01,3615,0.274,3654,0.277,1649,0.408,1855,0.459,0.07,0.14,0.24,2.6,0.01,0.01,0,0,0.44,0.36,Uncertain
"Troup County, GA",13285,Micropolitan,"LaGrange, GA-AL",Micropolitan,GA,4,69922,0.678,0.007,0,0,2064,0.03,0,9,13,3,4.3,-0.18,0.5,0,11,16,2,2.9,7586,10849,234,335,0,24,ModerateBurden,,Moderate,Moderate,0.029,480,686,0,0.99,0.001,-0.25,0,0.02,0.028,643,920,0,0.97,23,16,19,14,0.79,0.04,0.84,0.13,0.12,0.11,-0.16,-0.12,-0.13,0,-0.03,-0.08,-0.05,0.05,1,140,14,22,1,1,1,1,7763,0.111,8094,0.116,95,0.016,292,0.006,44,0.004,0.0085,-0.0006,-0.0001,199,0.034,78,0.013,7562,0.143,8015,0.151,3428,0.322,3798,0.357,0.13,0.2,0.15,2.7,0.36,0.04,0,0.02,0.9,0.83,Uncertain
"Hocking County, OH",39073,Large fringe metro,"Columbus, OH",Metropolitan,OH,5,28264,0.013,0.002,0,0,0,0,0,8,28,0,0,-0.2,,0,10,35,0,0,2196,7770,62,219,0,8,ModerateBurden,,Moderate,Moderate,0.009,177,626,1,0.99,-0.005,-0.34,0,-0.01,0.014,268,948,1,1,0,0,0,0,0.62,0,0.14,0,0,0,-1,-1,-0.14,-0.02,-0.31,0,0,0,1,25,5,2,1,1,1,1,9950,0.352,9459,0.335,58,0.026,81,0.004,17,0.003,0.0233,-0.0037,-0.0015,284,0.13,104,0.048,9666,0.437,9355,0.423,3916,0.712,3812,0.693,0.07,0.14,0.19,2.5,0.01,0.01,0,0,0.47,0.65,Uncertain
"Jefferson County, PA",42065,Non-core,,,PA,3,43425,,0.003,0,0,0,0,0,8,18,1,2.3,-0.7,,0,27,62,0,0,3335,7680,99,228,0,45,ModerateBurden,,Moderate,Substantial,0.022,220,507,0,0.97,-0.049,-0.08,-1,0.02,0.071,240,553,1,0.94,0,0,2,3,0.34,0,0.4,0,0,0,-1,1,0.09,-0.03,0.17,-0.06,-0.02,-0.02,2,65,5,17,1,1,1,1,18459,0.425,15889,0.366,32,0.01,167,0.005,26,0.003,-0.0097,-0.0032,-0.0012,319,0.1,97,0.03,18139,0.53,15791,0.462,8091,0.866,7276,0.779,0.08,0.14,0.22,2.4,0,0.01,0,0,0.33,0.7,Uncertain
"Pierce County, WI",55093,Large fringe metro,"Minneapolis-St. Paul-Bloomington, MN-WI",Metropolitan,WI,5,42754,0.012,0.007,0,1,5396,0.126,0,8,19,0,0,1.67,,0,3,7,0,0,4982,11653,43,101,0,33,ModerateBurden,,Moderate,Low,0.007,315,737,0,0.99,0,-0.21,0,0.01,0.008,401,938,0,0.99,0,0,0,0,0.31,0,,,0,0,-1,,-0.09,-0.01,,,0,0,1,22,0,6,1,1,1,1,15799,0.37,14058,0.329,56,0.017,126,0.004,12,0.002,-0.0131,-0.0018,0,543,0.166,237,0.072,15256,0.449,13821,0.407,5361,0.822,5150,0.79,0.05,0.1,0.15,2.5,0.01,0.02,0,0.01,0.08,0.14,Uncertain
"Ross County, OH",39141,Micropolitan,"Chillicothe, OH",Micropolitan,OH,5,76666,1,0.007,0,0,0,0,0,8,10,0,0,-0.38,,0,13,17,0,0,6922,9029,159,207,0,54,ModerateBurden,,Moderate,Moderate,0.007,777,1013,1,0.95,-0.015,-0.48,0,-0.02,0.022,1496,1951,1,0.98,3,2,0,0,0.89,0.01,0.85,0.02,0.04,0,-0.25,,0,-0.02,-0.07,-0.02,-0.02,0,2,178,12,71,1,0.5,1,1,28731,0.375,26954,0.352,77,0.013,357,0.006,42,0.003,0.0033,-0.0022,-0.0018,564,0.098,270,0.047,28166,0.466,26683,0.441,9977,0.759,9560,0.728,0.07,0.18,0.17,2.5,0.06,0.01,0,0.01,0.73,0.29,Uncertain
"Hart County, GA",13147,Non-core,,,GA,4,26205,,0.002,0,0,0,0,0,8,31,0,0,-0.38,-1,0,13,50,2,7.6,2386,9105,56,214,0,0,ModerateBurden,,High,High,0.139,70,267,0,0.74,-0.004,-0.05,0,-0.07,0.143,74,282,0,0.81,,,,,,,,,,,,,,,,,,,,,,,,,,,5727,0.219,5038,0.192,11,0.006,92,0.004,22,0.004,0.0015,-0.0013,-0.001,60,0.031,40,0.021,5667,0.273,4998,0.24,2783,0.481,2534,0.438,0.11,0.17,0.22,2.5,0.19,0.04,0,0.01,0.72,0.84,Uncertain
"Rutherford County, NC",37161,Micropolitan,"Forest City, NC",Micropolitan,NC,4,67029,1,0.006,0,0,0,0,0,8,12,0,0,0,,0,8,12,0,0,7410,11055,213,318,0,23,ModerateBurden,,Moderate,Moderate,0.014,643,959,1,0.99,-0.003,-0.28,0,0,0.018,897,1338,1,0.99,0,0,17,14,0.36,0.01,0.4,0.01,0.02,0,-1,0,0.04,0,0.01,-0.09,-0.06,0,1,125,10,9,1,1,1,1,20197,0.301,16627,0.248,18,0.004,119,0.002,18,0.001,-0.001,-0.001,-0.0009,333,0.067,208,0.042,19847,0.372,16409,0.307,8923,0.601,7494,0.504,0.11,0.18,0.22,2.5,0.1,0.05,0,0.01,0.76,0.85,Uncertain
"San Germán Municipio, PR",72125,,"San Germán, PR",Metropolitan,PR,2,,,,,0,3838,0.108,0,8,26,0,0,1,,0,4,13,0,0,615,2035,0,0,0,,,,Moderate,Moderate,0.024,156,516,,,-0.022,-0.33,,,0.047,234,774,,,1,0,1,0,0.64,0.01,0.79,0.06,0.23,0,-0.03,-0.03,0,-0.01,-0.11,-0.05,-0.02,-0.02,2,228,18,49,1,1,1,1,15379,0.509,11909,0.394,147,0.068,390,0.016,77,0.01,-0.0153,-0.0077,-0.0072,731,0.34,203,0.094,14644,0.59,11705,0.472,4480,0.585,3830,0.5,0.04,0.52,,,,,,,,,
"Baxter County, AR",5005,Micropolitan,"Mountain Home, AR",Micropolitan,AR,6,41932,1,0.014,0,0,0,0,0,8,19,0,0,-0.11,,0,9,21,0,0,3211,7658,104,248,0,28,ModerateBurden,,Moderate,Moderate,0.064,64,153,0,1,0.05,0.39,0,0,0.014,46,110,0,1,0,0,0,0,0.64,0,0.7,0.06,0.16,0.03,,,0.03,0,-0.06,-0.01,0.02,-0.03,2,245,17,17,1,1,1,1,15280,0.364,12877,0.307,16,0.006,136,0.004,42,0.003,0,-0.0012,-0.0005,130,0.047,81,0.029,15148,0.44,12796,0.371,8531,0.653,7223,0.553,0.06,0.14,0.31,2.2,0,0.03,0.01,0,0.28,0.23,Uncertain
"Arecibo Municipio, PR",72013,,"Arecibo, PR",Metropolitan,PR,2,,,,,0,0,0,0,8,10,0,0,0.33,,0,6,7,0,0,2967,3620,0,0,0,,,,Moderate,Low,0.012,2125,2593,,,-0.001,-0.22,,,0.013,2727,3327,,,0,0,1,0,0.57,0,0.88,0,0.37,0,-1,-0.03,-0.01,-0.01,-0.07,-0.03,0.02,0,2,312,14,47,1,1,1,1,51499,0.628,41961,0.512,494,0.085,1963,0.029,239,0.013,-0.0406,-0.0156,-0.0162,3193,0.547,1343,0.23,48279,0.718,40615,0.604,12325,0.671,10165,0.554,0.05,0.48,,,,,,,,,
"Ashley County, AR",5003,Non-core,,,AR,6,19657,,0.007,0,0,0,0,0,8,41,0,0,7,,0,1,5,0,0,2044,10398,35,178,0,29,ModerateBurden,,Moderate,Moderate,0.016,28,142,2,0.95,-0.035,0.4,1,0.05,0.051,20,102,1,0.9,3,12,24,96,0.59,0.02,0.5,0,0,0,,0.09,0.03,0.02,0.02,0,0,0,1,25,6,4,1,1,1,1,6697,0.341,5798,0.295,17,0.011,61,0.004,5,0.001,0.0059,-0.0024,-0.0041,78,0.051,38,0.025,6615,0.434,5760,0.377,2909,0.707,2638,0.641,0.09,0.2,0.21,2.6,0.24,0.06,0,0,0.86,0.91,Likely Decreasing
"Douglas County, MO",29067,Non-core,,,MO,7,13185,,0.002,0,0,0,0,0,8,61,0,0,-0.27,,0,11,83,0,0,958,7266,29,220,0,5,ModerateBurden,,Substantial,High,0.023,60,455,0,1,-0.12,-0.27,-1,0.01,0.143,82,622,1,0.99,,,,,,,,,,,,,,,,,,,,,,,,,,,2143,0.163,1826,0.138,3,0.003,16,0.002,4,0.001,0.0019,-0.0009,0.0003,16,0.015,5,0.005,2127,0.207,1821,0.177,1108,0.337,989,0.301,0.15,0.21,0.25,2.6,0,0.02,0.01,0,0.52,0.62,Uncertain
"Gallia County, OH",39053,Micropolitan,"Point Pleasant, WV-OH",Micropolitan,OH,5,29898,0.53,0.003,0,0,1104,0.037,0,8,27,0,0,0,,0,8,27,0,0,2397,8017,50,167,0,8,ModerateBurden,,Moderate,Moderate,0.022,342,1144,0,1,-0.001,-0.12,-1,0,0.023,390,1304,1,1,2,2,0,0,0.4,0.02,0.4,0.06,0.42,0.01,-0.6,,-0.08,-0.01,-0.03,0.02,-0.1,0.01,1,116,14,26,1,1,1,1,9923,0.332,9507,0.318,12,0.005,85,0.004,22,0.004,-0.0048,-0.0013,-0.0002,180,0.078,102,0.044,9743,0.422,9405,0.407,4133,0.717,4044,0.701,0.11,0.23,0.19,2.5,0.02,0.01,0,0.01,0.66,0.36,Uncertain
"Dent County, MO",29065,Non-core,,,MO,7,15573,,0.003,0,0,0,0,0,8,51,1,6.4,-0.58,,0,19,122,0,0,1008,6473,18,116,0,0,ModerateBurden,,High,High,0.111,118,758,0,1,0.04,-0.38,-1,0,0.071,189,1214,1,1,1,4,3,12,0.41,0.03,,,0,0,0,,0.13,0.01,,,0,0,1,25,0,4,1,1,1,1,3359,0.216,2936,0.189,3,0.003,34,0.003,10,0.003,0.0009,-0.0012,-0.0012,31,0.027,19,0.016,3328,0.275,2917,0.241,1566,0.45,1431,0.411,0.16,0.21,0.22,2.4,0.01,0.02,0.01,0.01,0.63,0.72,Uncertain
"Orange County, NC",37135,Medium metro,"Durham-Chapel Hill, NC",Metropolitan,NC,4,148476,0.23,0.014,0,1,25220,0.17,0,8,5,0,0,0.14,,0,7,5,0,0,8576,5776,101,68,0,43,LowBurden,,Low,Low,0.005,1874,1262,1,0.99,0,-0.3,0,0,0.005,2679,1804,1,0.99,8,1,30,4,0.82,0.02,0.83,0.06,0.46,0,-0.2,0,-0.01,0,-0.01,-0.02,0.02,0,1,820,136,295,1,1,1,1,93127,0.627,79227,0.534,209,0.019,328,0.003,29,0.001,-0.0117,-0.0018,-0.0005,6137,0.562,3366,0.308,86643,0.722,75766,0.632,19995,0.923,18557,0.857,0.07,0.13,0.15,2.5,0.11,0.09,0,0.08,0.3,0.45,Uncertain
"Pike County, OH",39131,Non-core,,,OH,5,27772,,0.002,0,0,0,0,0,8,29,0,0,-0.47,,0,15,54,0,0,2425,8732,35,126,0,2,ModerateBurden,,Moderate,Substantial,0.021,232,835,1,0.98,-0.016,-0.34,0,-0.01,0.037,354,1275,1,0.99,0,0,0,0,0.88,0,,,0,0,,,-0.03,0,,,0,0,1,25,0,12,1,1,1,1,9095,0.327,8425,0.303,25,0.011,106,0.005,14,0.003,-0.0009,-0.0027,-0.0018,220,0.094,124,0.053,8874,0.417,8301,0.39,3460,0.683,3297,0.651,0.09,0.19,0.18,2.6,0.01,0.01,0.01,0,0.8,0.55,Uncertain
"Scott County, IN",18143,Large fringe metro,"Scottsburg, IN",Micropolitan,IN,5,23873,1,0.004,0,0,0,0,0,8,34,0,0,1.67,,0,3,13,0,0,2692,11276,55,230,0,20,ModerateBurden,,Moderate,Moderate,0.016,223,934,1,0.98,-0.005,-0.17,0,0.02,0.021,269,1127,1,0.96,6,24,5,20,0.34,0.03,0,0,0,0,-0.14,-0.5,-0.09,-0.01,-0.14,0,0,0,1,25,3,4,1,1,1,1,8068,0.338,7048,0.295,13,0.007,92,0.005,3,0.001,-0.0042,-0.0029,-0.0022,145,0.076,60,0.032,7923,0.428,6988,0.378,3030,0.744,2863,0.703,0.09,0.16,0.17,2.6,0,0.02,0,0.01,0.42,0.67,Uncertain
"Tift County, GA",13277,Micropolitan,"Tifton, GA",Micropolitan,GA,4,40644,1,0.004,0,0,2660,0.065,0,8,20,1,2.5,0,0,0,8,20,1,2.5,4944,12164,128,315,0,23,ModerateBurden,,Moderate,Moderate,0.039,161,396,0,0.95,0.019,-0.34,0,0.01,0.02,243,598,0,0.94,1,1,0,0,0.77,0.02,0.9,0.12,0.18,0.07,-0.8,,-0.06,-0.02,0,0.03,-0.02,0.03,1,177,20,32,1,1,1,1,5454,0.134,4741,0.117,57,0.017,146,0.005,23,0.004,0.0077,-0.0005,0.0003,145,0.043,56,0.017,5306,0.173,4685,0.153,2243,0.358,2079,0.332,0.19,0.25,0.15,2.6,0.3,0.12,0,0.01,0.88,0.62,Uncertain
"Wayne County, GA",13305,Micropolitan,"Jesup, GA",Micropolitan,GA,4,29927,1,0.003,0,0,0,0,0,8,27,0,0,-0.2,,0,10,33,0,0,3624,12109,90,301,0,31,ModerateBurden,,Moderate,Moderate,0.009,144,481,0,0.82,-0.026,-0.05,0,-0.08,0.035,151,505,0,0.9,2,3,0,0,0.65,0.01,0.24,0.06,0,0,,,-0.17,0.01,-0.04,0.06,0,0,1,60,12,11,1,1,1,1,7025,0.235,6188,0.207,45,0.018,132,0.006,17,0.004,0.0159,0,-0.0019,72,0.029,22,0.009,6952,0.307,6166,0.272,2681,0.561,2473,0.517,0.18,0.2,0.16,2.7,0.2,0.07,0,0.01,0.92,0.81,Uncertain
"Yabucoa Municipio, PR",72151,,"San Juan-Bayamón-Caguas, PR",Metropolitan,PR,2,,,,,0,0,0,0,8,25,0,0,0.33,,0,6,19,0,0,1117,3460,0,0,0,,,,Moderate,Moderate,0.018,318,985,,,-0.002,-0.32,,,0.02,467,1447,,,,,,,,,,,,,,,,,,,,,,,,,,,,,15622,0.484,9830,0.305,355,0.154,327,0.012,31,0.004,0.1053,-0.006,-0.0244,894,0.389,161,0.07,14725,0.556,9669,0.365,4875,0.681,3628,0.506,0.05,0.54,,,,,,,,,
"Franklin County, NY",36033,Micropolitan,"Malone, NY",Micropolitan,NY,2,50022,1,0.003,0,0,731,0.015,0,8,16,0,0,-0.58,,0,19,38,0,0,2557,5112,12,24,0,30,ModerateBurden,,Moderate,Moderate,0.008,906,1811,1,0.96,-0.011,-0.25,0,-0.01,0.019,1206,2411,1,0.98,2,2,0,0,0.55,0.01,0.32,0,0,0,-0.5,-1,0,-0.01,-0.13,-0.01,0,0,2,105,13,17,1,1,1,1,25620,0.512,22883,0.457,61,0.018,385,0.01,25,0.003,-0.1046,-0.0022,-0.0024,1146,0.335,398,0.116,24469,0.605,22484,0.556,7542,0.864,7253,0.831,0.07,0.18,0.17,2.4,0.06,0.04,0.07,0,0.71,0.73,Uncertain
"Crenshaw County, AL",1041,Non-core,,,AL,4,13772,,0.003,0,0,0,0,0,8,58,0,0,1.67,,0,3,22,0,0,1548,11240,57,414,0,17,ModerateBurden,,High,High,0.156,51,370,1,0.95,-0.053,-0.18,0,-0.05,0.208,62,450,1,1,1,3,0,0,0.46,0.02,,,0,0,0,,-0.12,0.01,,,0,0,1,32,0,1,1,1,1,1,3609,0.262,2879,0.209,,,16,0.002,5,0.002,0,0.0011,0.0015,28,0.025,16,0.014,3581,0.337,2863,0.269,1638,0.613,1363,0.51,0.1,0.16,0.19,2.7,0.24,0.02,0.01,0.01,0.69,0.9,Likely Decreasing
"St. Lawrence County, NY",36089,Micropolitan,"Ogdensburg-Massena, NY",Micropolitan,NY,2,107740,1,0.006,0,0,12233,0.114,0,8,7,0,0,-0.7,,0,27,25,0,0,6619,6143,96,89,0,42,LowBurden,,Low,Moderate,0.003,1978,1836,1,0.64,-0.005,-0.33,0,-0.05,0.008,2964,2751,1,0.7,4,2,0,0,0.46,0.01,0.58,0.12,0.05,0.03,1,,-0.01,0,0.06,0.04,0.02,0.03,5,229,20,45,1,1,1,1,52864,0.491,47641,0.442,445,0.058,661,0.008,87,0.004,-0.0029,-0.0027,0.001,2603,0.338,920,0.119,50257,0.584,46720,0.543,15592,0.805,15035,0.777,0.06,0.18,0.18,2.3,0.02,0.02,0.01,0.01,0.75,0.68,Uncertain
"Vermillion County, IN",18165,Small metro,"Terre Haute, IN",Metropolitan,IN,5,15498,0.083,0.002,0,0,0,0,0,8,52,0,0,-0.27,,0,11,71,0,0,1727,11143,44,284,0,3,ModerateBurden,,Substantial,Substantial,0.073,79,510,2,0.85,0.023,-0.17,1,-0.15,0.049,95,613,1,1,0,0,0,0,0.47,0.03,0.21,0,0,0,-1,-1,0.22,0.01,0.18,0,0,0,1,25,4,14,1,1,1,1,5539,0.357,4776,0.308,14,0.011,82,0.007,11,0.003,-0.004,-0.0003,-0.001,122,0.098,51,0.041,5417,0.448,4725,0.391,2342,0.744,2189,0.695,0.07,0.15,0.2,2.3,0,0.01,0,0,0.45,0.51,Uncertain
"Sandusky County, OH",39143,Micropolitan,"Fremont, OH",Micropolitan,OH,5,58518,1,0.005,0,0,0,0,0,8,14,0,0,-0.6,,0,20,34,0,0,5438,9293,124,212,0,47,ModerateBurden,,Moderate,Moderate,0.016,359,613,1,0.96,-0.019,-0.34,0,-0.01,0.035,546,933,1,0.97,2,2,1,1,0.2,0.01,0.2,0,0,0,1,0,0.02,0,-0.01,-0.03,0,0,2,121,18,14,1,1,1,1,23841,0.407,22612,0.386,126,0.027,286,0.006,33,0.003,-0.0062,-0.0031,-0.0014,706,0.151,301,0.065,23135,0.508,22311,0.489,9281,0.82,9200,0.813,0.05,0.14,0.19,2.5,0.03,0.1,0,0,0.4,0.27,Uncertain
"Washington County, NC",37187,Non-core,,,NC,4,11580,,0.001,0,0,0,0,0,8,69,0,0,-0.33,,0,12,104,0,0,1121,9680,31,268,0,4,ModerateBurden,,Substantial,High,0.029,350,3022,1,0.99,0.003,0.17,0,0.01,0.026,298,2573,1,0.97,3,19,0,0,0.67,0.15,,,0,0,,,-0.05,-0.07,,,0,0,1,16,0,4,1,1,1,1,4208,0.363,3322,0.287,6,0.007,49,0.005,9,0.003,-0.0037,-0.0002,-0.0003,44,0.054,21,0.026,4160,0.449,3299,0.356,2207,0.753,1823,0.622,0.12,0.24,0.25,2.4,0.48,0.06,0,0,0.88,0.98,Uncertain
"Warren County, PA",42123,Micropolitan,"Warren, PA",Micropolitan,PA,3,39191,1,0.003,0,0,0,0,0,8,20,0,0,0,,0,8,20,0,0,2630,6711,103,263,0,26,ModerateBurden,,Moderate,Moderate,0.04,136,347,1,1,0.021,-0.62,0,0,0.019,356,908,1,1,0,0,0,0,0.58,0.02,0.93,0,0.04,0,-1,,-0.09,-0.03,-0.07,0,0.04,0,1,54,6,12,1,1,1,1,17327,0.442,13278,0.339,40,0.015,234,0.007,50,0.005,-0.0077,-0.0028,0.0007,423,0.163,208,0.08,16903,0.534,13070,0.413,7273,0.789,5638,0.612,0.05,0.13,0.24,2.3,0,0.01,0,0,0.21,0.26,Uncertain
"Jackson County, NC",37099,Micropolitan,"Cullowhee, NC",Micropolitan,NC,4,43938,0.755,0.004,0,1,9381,0.214,0,8,18,0,0,3,,0,2,5,0,0,3630,8262,56,127,0,8,ModerateBurden,,Moderate,Low,0.026,296,674,0,1,0,-0.26,-1,0.01,0.026,399,908,1,0.99,1,1,0,0,0.5,0.04,0.83,0.3,0.14,0.12,-0.5,,-0.03,0.01,0.06,0.06,0.02,0,1,86,9,8,1,1,1,1,18842,0.429,16342,0.372,23,0.009,104,0.003,10,0.001,-0.0432,-0.0013,-0.0011,559,0.228,277,0.113,18257,0.497,16054,0.437,6270,0.716,5880,0.671,0.13,0.19,0.2,2.3,0.02,0.06,0.08,0.01,0.62,0.71,Uncertain
"Aguada Municipio, PR",72003,,"Aguadilla-Isabela, PR",Metropolitan,PR,2,,,,,0,0,0,0,8,22,0,0,0,,0,8,22,0,0,1326,3614,0,0,0,,,,Moderate,Moderate,0.006,169,461,,,-0.01,-0.37,,,0.016,269,733,,,,,,,,,,,,,,,,,,,,,,,,,,,,,18080,0.493,12643,0.345,118,0.045,758,0.025,80,0.011,-0.008,-0.0314,-0.0279,693,0.265,210,0.08,17382,0.577,12432,0.413,4497,0.605,3507,0.472,0.06,0.51,,,,,,,,,
"Mississippi County, AR",5093,Micropolitan,"Blytheville, AR",Micropolitan,AR,6,40651,1,0.013,0,0,0,0,0,8,20,1,2.5,0.33,,0,6,15,0,0,5901,14516,110,271,0,25,ModerateBurden,,Moderate,Moderate,0.004,215,529,0,0.98,-0.012,0.85,0,0.04,0.016,116,285,0,0.94,0,0,2,3,0.35,0,,,0,0,,,-0.03,-0.01,,,0,0,2,70,0,8,1,1,1,1,11095,0.273,9298,0.229,12,0.003,139,0.005,18,0.003,-0.0022,-0.0009,-0.001,133,0.037,66,0.018,10958,0.365,9231,0.307,3987,0.652,3506,0.573,0.08,0.26,0.15,2.5,0.35,0.04,0,0,0.96,0.98,Uncertain
"Calvert County, MD",24009,Large fringe metro,"Washington-Arlington-Alexandria, DC-VA-MD-WV",Metropolitan,MD,3,92525,0.015,0.015,0,0,0,0,0,8,9,0,0,-0.11,-1,0,9,10,7,7.6,4225,4566,85,92,0,39,LowBurden,,Low,Moderate,0.015,833,900,1,0.95,0.005,-0.26,0,-0.04,0.011,1128,1219,1,0.99,0,0,0,0,0.8,0.02,0.89,0.19,0.15,0.06,-1,,-0.13,-0.02,-0.05,-0.03,-0.02,-0.01,1,65,5,16,1,1,1,1,49970,0.54,43574,0.471,287,0.036,427,0.006,42,0.003,0.0019,-0.0065,-0.0032,3105,0.384,1589,0.197,46864,0.658,41985,0.59,13270,0.927,12501,0.873,0.04,0.05,0.15,2.8,0.13,0.04,0,0.02,0.05,0.03,Uncertain
"Whitley County, KY",21235,Micropolitan,"London, KY",Micropolitan,KY,4,36264,0.245,0.008,0,0,3452,0.095,0,8,22,2,5.5,-0.82,,0,44,121,0,0,5102,14069,59,163,0,14,ModerateBurden,,Moderate,High,0.031,401,1106,0,1,-0.031,-0.05,0,0,0.062,420,1158,0,1,0,,0,,,,,,,,,,,,,,,,1,0,0,0,0,0,1,0,11765,0.324,10510,0.29,30,0.01,103,0.004,17,0.003,0.0003,-0.0027,-0.0019,224,0.077,99,0.034,11539,0.426,10411,0.384,4441,0.764,4195,0.721,0.06,0.26,0.16,2.7,0.01,0.01,0,0,0.84,0.37,Uncertain
"Marshall County, MS",28093,Large fringe metro,"Memphis, TN-MS-AR",Metropolitan,MS,4,35294,0.026,0.012,0,0,761,0.022,0,8,23,0,0,-0.11,-1,0,9,26,1,2.8,4567,12940,105,298,0,11,ModerateBurdenResolving,,Moderate,Moderate,0.029,154,436,1,1,0.017,-0.12,0.5,0.01,0.012,175,496,0.5,0.99,0,0,5,12,0.15,0.01,,,1,0,-1,0.67,-0.06,0.01,,,0.43,0,1,40,0,4,1,1,1,1,11849,0.336,9281,0.263,36,0.014,353,0.013,35,0.005,0.0108,0.007,0.0003,142,0.057,48,0.019,11707,0.418,9233,0.33,4496,0.702,3827,0.597,0.15,0.18,0.18,2.6,0.47,0.04,0,0,0.69,0.8,Uncertain
"Newton County, TX",48351,Medium metro,,,TX,6,13595,,0,0,0,0,0,0,8,59,0,0,,-1,0,0,0,2,14.7,637,4686,38,280,0,0,ModerateBurden,,Substantial,Low,0.019,52,382,1,1,-0.017,0.86,0,0,0.036,28,206,1,1,,,,,,,,,,,,,,,,,,,,,,,,,,,,,,,,,,,,,,,,,,,,,,,,,,,,0.17,0.21,0.21,2.8,0.2,0.04,0.01,0.01,0.72,0.79,Uncertain
"Jasper County, SC",45053,Small metro,"Hilton Head Island-Bluffton, SC",Metropolitan,SC,4,30073,0.135,0.006,0,0,0,0,0,8,27,0,0,0,,0,8,27,0,0,2416,8034,47,156,0,13,ModerateBurden,,Moderate,Moderate,0.055,105,349,1,0.99,-0.002,-0.31,0,0.01,0.057,152,505,1,0.98,3,9,0,0,1,0.06,0.31,0.12,0.33,0.01,0.49,-1,0,0.02,-0.02,0.05,-0.03,0,1,33,17,14,1,1,1,1,7521,0.25,5906,0.196,12,0.006,107,0.004,14,0.002,-0.0036,-0.0019,0.0005,89,0.046,30,0.016,7426,0.308,5873,0.244,2875,0.475,2490,0.411,0.18,0.2,0.2,2.7,0.4,0.14,0,0.01,0.94,0.87,Uncertain
"Grayson County, KY",21085,Non-core,,,KY,4,26427,,0.006,0,0,0,0,0,8,30,3,11.4,-0.56,,0,18,68,0,0,2228,8431,58,219,0,6,ModerateBurden,,Moderate,Substantial,0.022,189,715,0,0.95,0.012,-0.24,0,-0.05,0.01,249,942,0,1,1,2,9,15,0.48,0,0.88,0,0.12,0,,-0.18,-0.02,0,-0.07,0,-0.07,0,1,59,6,6,1,1,1,1,9892,0.374,8392,0.318,61,0.029,162,0.008,23,0.005,0.022,-0.0003,0.001,245,0.115,123,0.058,9647,0.475,8269,0.407,3892,0.814,3491,0.73,0.05,0.25,0.18,2.6,0.01,0.01,0,0,0.61,0.46,Uncertain
"Clay County, MS",28025,Non-core,"West Point, MS",Micropolitan,MS,4,19316,1,0.006,0,0,0,0,0,8,41,0,0,7,,0,1,5,0,0,1869,9676,54,280,0,20,ModerateBurden,,Moderate,Low,0.065,25,129,1,1,0.034,-0.54,1,0,0.03,54,280,0,1,0,0,0,0,0.46,0,0.38,0,0,0,,,-0.01,0,-0.02,0,-0.18,0,1,50,6,4,1,1,1,1,5907,0.306,4906,0.254,7,0.004,121,0.008,23,0.006,0,0.0063,0.0041,53,0.034,15,0.009,5854,0.39,4891,0.326,2496,0.684,2250,0.617,0.11,0.23,0.19,2.5,0.59,0.02,0,0,0.71,0.52,Uncertain
"Burnet County, TX",48053,Non-core,,,TX,6,48155,,0.002,0,0,0,0,0,8,17,1,2.1,-0.11,,0,9,19,0,0,4804,9976,66,137,0,35,ModerateBurden,,Moderate,Moderate,0.023,674,1400,0,1,0.005,-0.17,0,0.01,0.018,813,1688,0,0.99,0,0,2,2,0.37,0,0.34,0,0.02,0,,-0.36,-0.09,-0.02,-0.05,-0.02,-0.01,-0.01,2,84,8,21,1,1,1,1,,,,,,,,,,,,,,,,,,,,,,,,,,0.15,0.11,0.23,2.7,0.02,0.23,0.01,0.01,0.53,0.48,Uncertain
"Houghton County, MI",26061,Micropolitan,"Houghton, MI",Micropolitan,MI,5,35684,0.944,0.004,0,1,6814,0.191,0,8,22,0,0,0.14,-1,0,7,20,1,2.8,3135,8785,42,118,0,46,ModerateBurden,,Moderate,Moderate,0.022,309,866,1,1,-0.014,-0.45,0,0,0.036,559,1567,1,1,0,0,4,6,0.44,0,0.5,0,0,0,-1,0,0.05,-0.02,0,-0.12,0,0,2,67,8,14,1,1,1,1,15402,0.432,13759,0.386,4,0.002,133,0.005,4,0.001,-0.0116,0,-0.0034,202,0.078,135,0.052,15200,0.534,13624,0.479,5206,0.815,4870,0.762,0.07,0.21,0.18,2.5,0.01,0.02,0.01,0.03,0.5,0.36,Uncertain
"Leslie County, KY",21131,Non-core,,,KY,4,9877,,0.002,0,0,0,0,0,8,81,0,0,0.14,,0,7,71,0,0,939,9507,8,81,0,0,ModerateBurden,,Substantial,High,0.021,108,1093,0,0.97,-0.107,-0.08,0,-0.02,0.128,117,1185,0,0.99,0,0,0,0,0.62,0.02,,,0,0,-1,,-0.09,-0.01,,,0,0,1,25,0,3,1,1,1,1,3934,0.398,3237,0.328,15,0.021,51,0.007,11,0.006,-0.0129,-0.0006,0.0043,72,0.103,20,0.029,3861,0.497,3217,0.414,1379,0.747,1163,0.63,0.05,0.36,0.19,2.4,0,0.01,0,0,0.77,0.81,Likely Decreasing
"Gratiot County, MI",26057,Micropolitan,"Alma, MI",Micropolitan,MI,5,40711,1,0.004,0,0,1397,0.034,0,8,20,0,0,-0.62,-1,0,21,52,2,4.9,4067,9990,120,295,0,34,ModerateBurdenResolving,,Moderate,Substantial,0.001,4172,10248,1,1,-0.003,0,0,0,0.004,4157,10211,1,1,1,2,0,0,0.66,0.05,0.96,0.04,0.09,0.05,-0.83,,0,-0.06,0.14,0.04,0.03,0.04,1,59,18,14,1,1,1,1,14520,0.357,13716,0.337,5,0.002,94,0.003,19,0.003,-0.0007,-0.0014,0.0004,153,0.054,174,0.062,14367,0.437,13542,0.412,5334,0.737,5287,0.73,0.06,0.18,0.18,2.3,0.06,0.06,0.01,0,0.6,0.56,Uncertain
"Warren County, VA",51187,Large fringe metro,"Washington-Arlington-Alexandria, DC-VA-MD-WV",Metropolitan,VA,3,40164,0.006,0.005,0,0,0,0,0,8,20,1,2.5,1.67,,0,3,7,0,0,3039,7566,59,147,0,41,ModerateBurden,,Moderate,Low,0.02,249,620,1,0.98,0.002,-0.45,1,-0.01,0.018,450,1120,0,0.99,0,0,2,8,0.61,0.02,0.68,0,0,0,-1,0,-0.02,-0.02,-0.04,-0.04,0,0,1,25,8,10,1,1,1,1,1821,0.045,1405,0.035,12,0.004,32,0.001,8,0.001,0.0036,-0.0007,-0.0001,25,0.008,6,0.002,1795,0.057,1399,0.044,653,0.097,557,0.083,0.12,0.1,0.17,2.7,0.05,0.05,0,0.01,0.26,0.32,Uncertain
"Meade County, KY",21163,Small metro,"Elizabethtown-Fort Knox, KY",Metropolitan,KY,4,28572,0.186,0.006,0,0,0,0,0,8,28,0,0,-0.33,,0,12,42,0,0,2068,7238,25,87,0,47,ModerateBurden,,Moderate,Substantial,0.069,77,269,1,0.97,-0.024,-0.38,0,-0.03,0.093,124,434,1,1,,,,,,,,,,,,,,,,,,,,,,,,,,,9149,0.32,7673,0.269,20,0.009,149,0.007,28,0.007,-0.0395,-0.0035,0.0002,322,0.143,125,0.055,8826,0.397,7548,0.339,2888,0.69,2654,0.634,0.06,0.12,0.15,2.6,0.04,0.04,0.01,0.01,0.32,0.57,Uncertain
"Neshoba County, MS",28099,Non-core,,,MS,4,29118,,0.01,0,0,0,0,0,8,27,1,3.4,1,,0,4,14,0,0,4059,13940,179,615,0,8,ModerateBurden,,Moderate,Moderate,0.019,34,117,1,1,0.019,-0.45,0,0,0,62,213,1,1,0,0,0,0,0.2,0,0,0,0,0,,,-0.01,0,0,0,0,0,3,70,3,14,1,1,1,1,8050,0.276,6180,0.212,24,0.008,101,0.005,18,0.004,-0.001,0.0027,0.0026,207,0.071,107,0.037,7843,0.373,6073,0.289,2815,0.601,2374,0.507,0.12,0.24,0.16,2.7,0.21,0.02,0.17,0,0.97,0.92,Uncertain
"Pleasants County, WV",54073,Non-core,,,WV,3,7460,,0.004,0,0,0,0,0,8,107,1,13.4,-0.2,,0,10,134,0,0,960,12869,12,161,0,8,ModerateBurden,,High,High,0.055,100,1340,3,0.53,-0.028,-0.3,1,-0.06,0.083,142,1903,2,0.59,,,,,,,,,,,,,,,,,,,,,,,,,,,680,0.091,479,0.064,,,62,0.01,9,0.006,-0.0243,0.0054,0.0034,39,0.079,6,0.012,639,0.105,473,0.078,270,0.185,236,0.162,0.07,0.15,0.2,2.4,0.02,0.01,0,0,0.45,0.57,Uncertain
"Pocahontas County, WV",54075,Non-core,,,WV,3,8247,,0.005,0,0,0,0,0,8,97,0,0,0.14,-1,0,7,85,1,12.1,681,8258,12,146,0,0,ModerateBurden,,Substantial,High,0.079,33,400,1,1,-0.164,0.14,1,0,0.243,29,352,0,1,0,0,0,0,0.21,0,,,0,0,,,0.06,0,,,0,0,1,20,0,5,1,1,1,1,1991,0.241,1713,0.208,3,0.006,30,0.004,2,0.001,-0.0065,-0.0009,-0.0042,39,0.084,16,0.034,1952,0.286,1697,0.249,922,0.427,869,0.403,0.08,0.17,0.26,2.3,0.01,0.02,0,0,0.5,0.19,Uncertain
"Monroe County, MS",28095,Non-core,,,MS,4,35252,,0.012,0,0,0,0,0,8,23,0,0,1,,0,4,11,0,0,4150,11772,135,383,0,11,ModerateBurden,,Moderate,Moderate,0.041,32,91,1,1,-0.018,-0.46,1,0,0.059,59,167,0,1,1,1,0,0,0.66,0.02,0.68,0.19,0.1,0,-0.5,,0,0,-0.08,-0.06,0.08,-0.02,2,73,9,8,1,1,1,1,12299,0.349,9947,0.282,35,0.012,282,0.01,51,0.007,0.0082,0.0078,0.006,147,0.05,35,0.012,12151,0.445,9912,0.363,5333,0.767,4715,0.678,0.11,0.18,0.2,2.5,0.3,0.01,0,0,0.64,0.53,Uncertain
"Brown County, SD",46013,Micropolitan,"Aberdeen, SD",Micropolitan,SD,8,38839,0.91,0.044,0,0,1836,0.047,0,8,21,2,5.1,-0.5,1,0,16,41,1,2.6,5634,14506,95,245,0,28,ModerateBurden,,High,High,0.1,156,402,0,1,-0.028,-0.4,0,0.02,0.128,258,664,0,0.98,0,0,3,3,0.46,0,0.27,0,0.03,0,,-0.82,-0.05,-0.03,-0.03,-0.01,-0.02,0,2,108,16,30,1,1,1,1,17403,0.448,15843,0.408,39,0.013,118,0.004,13,0.002,-0.0302,-0.0019,0.0003,516,0.169,236,0.077,16886,0.57,15607,0.527,5546,0.797,5444,0.782,0.08,0.12,0.18,2.3,0.02,0.04,0.03,0.03,0.33,0.12,Uncertain
"Bourbon County, KY",21017,Medium metro,"Lexington-Fayette, KY",Metropolitan,KY,4,19788,0.038,0.004,0,0,0,0,0,8,40,0,0,0.33,,0,6,30,0,0,1737,8778,19,96,0,8,ModerateBurden,,Moderate,Moderate,0.019,327,1653,0,0.97,0.001,-0.17,0,-0.03,0.018,393,1986,0,1,0,0,0,0,0.09,0,0.18,0,0,0,-1,,-0.02,0,0.14,0,-0.04,0,1,58,4,4,1,1,1,1,8998,0.455,7636,0.386,37,0.023,89,0.006,14,0.004,0.0019,-0.0017,0.0008,276,0.175,85,0.054,8722,0.569,7551,0.493,2961,0.76,2702,0.693,0.08,0.18,0.2,2.4,0.06,0.07,0,0,0.56,0.74,Uncertain
"Edgar County, IL",17045,Non-core,,,IL,5,17161,,0.001,0,0,0,0,0,8,47,0,0,-0.47,,0,15,87,0,0,1756,10233,40,233,0,5,ModerateBurden,,Moderate,Substantial,0.012,111,647,1,0.98,0.005,-0.06,0,-0.02,0.007,118,688,1,0.99,0,0,0,0,0.65,0.02,,,0,0,-1,,-0.14,-0.1,,,0,0,1,25,0,30,1,1,1,1,6540,0.381,4867,0.284,17,0.013,90,0.007,20,0.005,-0.0071,-0.0037,-0.0016,108,0.086,27,0.021,6426,0.469,4840,0.353,3014,0.779,2329,0.602,0.06,0.12,0.23,2.3,0.01,0.01,0,0,0.34,0.63,Uncertain
"Spencer County, KY",21215,Large fringe metro,"Louisville/Jefferson County, KY-IN",Metropolitan,KY,4,19351,0.015,0.004,0,0,0,0,0,8,41,1,5.2,-0.11,,0,9,47,0,0,1636,8454,25,129,0,1,ModerateBurden,,Moderate,Moderate,0.063,119,615,0,0.98,0.023,-0.3,0,-0.02,0.041,171,884,0,1,,,,,,,,,,,,,,,,,,,,,,,,,,,3957,0.204,3227,0.167,10,0.006,78,0.005,7,0.002,0.0012,-0.0005,0.0004,173,0.106,33,0.02,3783,0.252,3194,0.213,1101,0.391,1007,0.357,0.04,0.08,0.15,2.7,0.02,0.03,0,0,0.04,0.32,Uncertain
"Woodford County, KY",21239,Medium metro,"Lexington-Fayette, KY",Metropolitan,KY,4,26734,0.052,0.006,0,0,981,0.037,0,8,30,0,0,-0.2,,0,10,37,0,0,2169,8113,21,79,0,0,ModerateBurden,,Moderate,Moderate,0.019,252,943,0,0.99,-0.011,-0.35,0,-0.01,0.03,386,1444,0,1,0,0,0,0,0.66,0,,,0.04,0,,,0.03,0,,,0.04,0,1,16,0,4,1,1,1,1,16699,0.625,13920,0.521,65,0.032,163,0.008,22,0.004,-0.0243,-0.0074,-0.0008,825,0.4,249,0.121,15870,0.759,13671,0.654,4817,0.93,4390,0.847,0.07,0.14,0.19,2.5,0.05,0.07,0,0.01,0.2,0.4,Uncertain
"Caldwell Parish, LA",22021,Non-core,,,LA,6,9918,,0.002,0,0,0,0,0,8,81,0,0,3,,0,2,20,0,0,1127,11363,29,292,0,0,ModerateBurden,,Substantial,Moderate,0.054,70,706,0,1,0.016,-0.12,0,0,0.039,80,807,0,1,0,0,0,0,0.32,0,,,0,0,-1,,0.02,0,,,0,0,2,87,0,9,1,1,1,1,2636,0.266,2301,0.232,1,0.001,16,0.002,3,0.002,-0.0245,-0.0025,0.0011,29,0.037,5,0.006,2607,0.341,2296,0.3,1250,0.695,1118,0.621,0.16,0.27,0.18,2.6,0.16,0.03,0,0,0.93,0.84,Uncertain
"Erath County, TX",48143,Micropolitan,"Stephenville, TX",Micropolitan,TX,6,42698,1,0.001,0,1,8735,0.205,0,8,19,1,2.3,3,,0,2,5,0,0,4224,9893,70,164,0,30,ModerateBurden,,Moderate,Moderate,0.042,138,323,1,0.99,-0.013,-0.2,1,-0.01,0.055,173,405,0,1,0,0,0,0,0.09,0,0.46,0,0,0,,,-0.03,0,0.14,0,0,0,1,48,5,9,1,1,1,1,,,,,,,,,,,,,,,,,,,,,,,,,,0.18,0.21,0.15,2.8,0.02,0.22,0.01,0.01,0.63,0.33,Uncertain
"Franklin Parish, LA",22041,Non-core,,,LA,6,20015,,0.004,0,0,0,0,0,8,40,1,5,-0.27,,0,11,55,0,0,2518,12581,107,535,0,0,ModerateBurden,,Moderate,Substantial,0.046,115,575,0,1,-0.002,-0.17,0,0.01,0.048,139,694,0,0.99,0,0,0,0,0.52,0,0,0,0,0,,,0.21,0,0,0,0,0,1,31,2,4,1,1,1,1,5036,0.252,4468,0.223,6,0.004,53,0.004,12,0.003,0.0006,-0.0001,0,23,0.013,8,0.005,5013,0.335,4460,0.298,2194,0.595,2018,0.547,0.13,0.28,0.18,2.5,0.32,0.02,0,0,0.95,0.77,Uncertain
"Alexandria city, VA",51510,Large central metro,"Washington-Arlington-Alexandria, DC-VA-MD-WV",Metropolitan,VA,3,159428,0.025,0.019,0,0,0,0,0,8,5,0,0,-0.27,-1,0,11,7,1,0.6,11846,7430,137,86,0,48,LowBurden,,Low,Low,0.015,2214,1389,1,0.99,0,-0.38,0,0,0.015,3546,2224,1,0.99,3,1,42,13,0.72,0.02,0.62,0.06,0.34,0.05,-0.5,-0.19,-0.05,0,-0.09,-0.01,-0.07,0.01,1,316,36,49,1,1,1,1,44987,0.282,37183,0.233,153,0.021,615,0.005,42,0.002,-0.0025,-0.002,0.0003,1928,0.263,933,0.127,42949,0.329,36231,0.277,7507,0.387,6795,0.35,0.12,0.11,0.12,2.2,0.22,0.17,0,0.06,0.2,0.11,Uncertain
"Gillespie County, TX",48171,Micropolitan,"Fredericksburg, TX",Micropolitan,TX,6,26988,1,0.001,0,0,0,0,0,8,30,0,0,-0.33,-1,0,12,44,1,3.7,2595,9615,51,189,0,4,ModerateBurden,,Moderate,Moderate,0.056,96,356,0,1,-0.008,0,0,0,0.065,96,356,0,1,1,1,0,0,0.15,0.01,0.67,0.39,0.08,0,-0.02,-1,-0.07,0,0,0.16,0.02,-0.02,1,92,3,18,1,1,1,1,,,,,,,,,,,,,,,,,,,,,,,,,,0.19,0.11,0.3,2.4,0,0.24,0,0,0.36,0.22,Uncertain
"Henry County, IL",17073,Medium metro,"Davenport-Moline-Rock Island, IA-IL",Metropolitan,IL,5,48913,0.129,0.004,0,0,0,0,0,8,16,1,2,-0.62,0,0,21,43,1,2,5067,10359,70,143,0,34,ModerateBurden,,Moderate,Moderate,0.017,447,914,0,1,0.001,-0.46,0,0,0.016,826,1689,0,1,2,4,0,0,0.34,0.03,0.07,0,0,0,1,,0.05,0,-0.02,0,0,0,2,48,6,8,1,1,1,1,24141,0.494,19463,0.398,148,0.038,243,0.006,32,0.003,0.0148,-0.0054,-0.0023,1071,0.273,518,0.132,23026,0.604,18940,0.497,8918,0.873,7576,0.742,0.04,0.12,0.21,2.4,0.02,0.06,0,0,0.2,0.29,Uncertain
"Hall County, TX",48191,Non-core,,,TX,6,2964,,0,0,0,0,0,0,8,270,0,0,7,,0,1,34,0,0,495,16700,14,472,0,0,ModerateBurden,,High,Moderate,0,4,135,2,1,0,0.33,2,0,0,3,101,0,1,,,,,,,,,,,,,,,,,,,,,,,,,,,,,,,,,,,,,,,,,,,,,,,,,,,,0.26,0.23,0.24,2.3,0.08,0.35,0.01,0,0.95,0.97,Likely Decreasing
"Webster County, WV",54101,Non-core,,,WV,3,8114,,0.005,0,0,0,0,0,8,99,0,0,-0.56,,0,18,222,0,0,533,6569,8,99,0,3,ModerateBurden,,Substantial,High,0.02,103,1269,1,0.99,-0.17,-0.27,0,-0.01,0.19,141,1738,1,1,0,0,0,0,0.22,0,,,0,0,,,-0.11,0,,,0,0,1,15,0,2,1,1,1,1,2453,0.302,2003,0.247,8,0.014,17,0.003,3,0.002,-0.0305,-0.0075,-0.0092,70,0.126,27,0.048,2382,0.364,1975,0.302,1103,0.565,989,0.507,0.06,0.28,0.24,2.2,0,0.01,0,0,0.75,0.45,Uncertain
"Harrison County, TX",48203,Micropolitan,"Longview, TX",Metropolitan,TX,6,66553,0.232,0.002,0,0,2204,0.033,0,8,12,1,1.5,-0.53,,0,17,26,0,0,4930,7408,110,165,0,20,ModerateBurden,,Moderate,Moderate,0.03,231,347,1,1,0.003,-0.43,0,0,0.027,403,606,1,1,,,,,,,,,,,,,,,,,,,,,,,,,,,,,,,,,,,,,,,,,,,,,,,,,,,,0.15,0.16,0.17,2.8,0.21,0.14,0,0.01,0.73,0.83,Uncertain
"Hancock County, ME",23009,Non-core,,,ME,1,54987,,0.041,0,0,1289,0.023,0,8,15,0,0,-0.64,,0,22,40,0,0,1361,2475,38,69,0,13,ModerateBurden,,Moderate,Moderate,0.004,640,1164,0,0.99,-0.003,-0.33,-1,0,0.007,959,1744,1,0.99,4,4,0,0,0.4,0.01,0.33,0,0.04,0,-0.43,,0,-0.01,0.06,-0.05,0.04,0,3,114,17,14,1,1,1,1,35119,0.639,31251,0.568,108,0.032,521,0.011,54,0.004,-0.0088,0.0015,0,1443,0.423,598,0.175,33671,0.738,30652,0.672,12488,0.899,11992,0.863,0.11,0.11,0.25,2.2,0.01,0.02,0,0.01,0.19,0.27,Uncertain
"Winn Parish, LA",22127,Non-core,,,LA,6,13904,,0.003,0,0,0,0,0,8,58,0,0,,,0,0,0,0,0,1574,11320,45,324,0,10,ModerateBurden,,Substantial,Low,0,78,561,1,1,-0.021,-0.23,0,0,0.021,101,726,1,1,0,0,0,0,0.21,0,0.37,0,0,0,-1,,0.02,-0.01,0.17,0,0,0,1,55,5,3,1,1,1,1,4264,0.307,3874,0.279,3,0.003,66,0.006,12,0.005,0.002,0.0008,0.0015,15,0.015,7,0.007,4248,0.385,3866,0.35,1703,0.641,1594,0.6,0.13,0.24,0.19,2.3,0.31,0.02,0.01,0,0.78,0.68,Uncertain
"Carter County, KY",21043,Non-core,"Huntington-Ashland, WV-KY-OH",Metropolitan,KY,4,26797,0.075,0.006,0,0,459,0.017,0,8,30,0,0,0.6,,0,5,19,0,0,2318,8650,35,131,0,13,ModerateBurden,,Moderate,Moderate,0.032,326,1217,0,1,0.016,-0.13,0,0,0.016,376,1403,0,1,,,,,,,,,,,,,,,,,,,,,,,,,,,9037,0.337,7357,0.275,28,0.014,96,0.005,14,0.003,-0.0143,0.0001,0.0012,165,0.081,28,0.014,8872,0.426,7328,0.352,3311,0.636,2830,0.544,0.08,0.26,0.19,2.7,0.01,0.01,0,0,0.82,0.77,Uncertain
"Wyoming County, WV",54109,Non-core,,,WV,3,20394,,0.011,0,0,0,0,0,8,39,0,0,1,,0,4,20,0,0,2031,9959,39,191,0,39,ModerateBurden,,Moderate,Moderate,0.019,158,775,1,0.91,-0.019,-0.48,-1,0.3,0.038,306,1500,2,0.61,,,,,,,,,,,,,,,,,,,,,,,,,,,7411,0.363,6237,0.306,12,0.008,63,0.004,10,0.002,0,-0.0016,-0.0022,380,0.242,120,0.077,7026,0.433,6113,0.377,2936,0.654,2726,0.608,0.07,0.22,0.22,2.4,0.01,0.01,0,0,0.64,0.23,Uncertain
"Swisher County, TX",48437,Non-core,,,TX,6,7397,,0,0,0,0,0,0,8,108,0,0,,-1,0,0,0,1,13.5,893,12072,18,243,0,9,ModerateBurden,,High,Moderate,0.007,47,635,1,0.99,-0.054,0.09,1,-0.01,0.061,43,581,0,1,0,0,0,0,0.04,0,,,0,0,,,0,-0.02,,,0,0,1,41,0,6,1,1,1,1,,,,,,,,,,,,,,,,,,,,,,,,,,0.19,0.22,0.18,2.7,0.08,0.45,0.01,0,0.97,0.91,Uncertain
"Clay County, IN",18021,Small metro,"Terre Haute, IN",Metropolitan,IN,5,26225,0.141,0.004,0,0,0,0,0,8,31,0,0,-0.27,,0,11,42,0,0,2642,10074,47,179,0,33,ModerateBurden,,Substantial,Substantial,0.088,138,526,1,0.89,0.005,0.03,0,-0.09,0.083,134,511,1,0.98,0,0,1,8,0.21,0,,,0,0,-1,,0,-0.01,,,0,0,1,12,0,9,1,1,1,1,11024,0.42,9715,0.37,26,0.012,136,0.007,17,0.004,-0.0133,-0.004,-0.005,214,0.102,90,0.043,10810,0.534,9625,0.476,4628,0.968,4401,0.921,0.05,0.14,0.18,2.4,0.01,0.01,0,0,0.33,0.69,Uncertain
"Crawford County, MO",29055,Non-core,,,MO,7,23920,,0.004,0,0,0,0,0,8,33,1,4.2,-0.2,,0,10,42,0,0,2631,10999,39,163,0,19,ModerateBurden,,Moderate,Moderate,0.016,278,1162,0,0.97,-0.016,-0.02,0,-0.02,0.032,284,1187,0,0.99,1,4,0,0,0.6,0.05,0.43,0.02,0.2,0.05,-0.67,-1,-0.16,0,0.05,-0.05,-0.09,-0.06,1,23,6,3,1,1,1,1,5673,0.237,4823,0.202,10,0.005,74,0.004,16,0.003,-0.001,-0.0011,-0.0006,92,0.046,31,0.016,5581,0.301,4792,0.259,2571,0.535,2309,0.48,0.17,0.2,0.2,2.5,0,0.02,0.01,0,0.76,0.79,Uncertain
"Gloucester County, VA",51073,Large fringe metro,"Virginia Beach-Norfolk-Newport News, VA-NC",Metropolitan,VA,3,37348,0.021,0.004,0,0,0,0,0,8,21,0,0,-0.78,-1,0,36,96,1,2.7,2257,6043,49,131,0,2,ModerateBurden,,Moderate,Substantial,0.05,162,434,0,0.97,0,-0.26,0,-0.01,0.05,218,584,0,0.98,2,2,2,2,0.3,0.02,0.32,0.04,0.03,0.01,1,-0.75,-0.05,0.01,-0.19,0.01,-0.04,0.01,1,104,12,13,1,1,1,1,17203,0.461,14830,0.397,65,0.025,210,0.007,26,0.004,0.0012,-0.0025,-0.0008,479,0.184,199,0.076,16702,0.559,14629,0.489,5999,0.819,5635,0.769,0.08,0.09,0.2,2.5,0.08,0.04,0,0.01,0.04,0.11,Uncertain
"Culpeper County, VA",51047,Large fringe metro,"Washington-Arlington-Alexandria, DC-VA-MD-WV",Metropolitan,VA,3,52605,0.008,0.006,0,0,0,0,0,8,15,1,1.9,-0.71,0,0,28,53,1,1.9,4694,8923,66,125,0,23,ModerateBurden,,Moderate,Substantial,0.018,277,527,1,1,-0.011,-0.25,0,0.01,0.029,367,698,1,0.99,1,1,2,2,0.33,0.01,0.31,0,0,0,0,,-0.03,-0.02,0.02,-0.05,-0.02,-0.02,1,98,6,12,1,1,1,1,5626,0.107,4839,0.092,19,0.004,85,0.002,13,0.002,0.0011,-0.0003,0.0001,199,0.044,99,0.022,5423,0.137,4739,0.12,1606,0.19,1435,0.17,0.09,0.08,0.16,2.9,0.14,0.12,0,0.02,0.49,0.45,Uncertain
"Cowley County, KS",20035,Micropolitan,"Winfield, KS",Micropolitan,KS,7,34908,1,0.012,0,0,727,0.021,0,8,23,0,0,3,-1,0,2,6,1,2.9,4006,11476,109,312,0,16,ModerateBurden,,Substantial,Low,0.093,52,149,0,1,0.081,-0.72,-1,0,0.012,188,539,1,1,0,0,5,9,0.5,0.02,0.16,0,0,0,,1.5,-0.02,0.01,0.05,0,0,0,2,55,9,9,1,1,1,1,13032,0.373,11345,0.325,27,0.01,87,0.003,3,0,-0.0253,-0.0022,-0.0021,297,0.107,84,0.03,12733,0.476,11259,0.421,4729,0.721,4344,0.662,0.1,0.15,0.19,2.5,0.03,0.11,0.02,0.02,0.73,0.49,Uncertain
"Mille Lacs County, MN",27095,Large fringe metro,"Minneapolis-St. Paul-Bloomington, MN-WI",Metropolitan,MN,5,26277,0.007,0.005,0,0,0,0,0,8,30,0,0,-0.11,,0,9,34,0,0,3111,11839,54,206,0,45,ModerateBurden,,Moderate,Moderate,0.028,873,3322,0,0.99,0.001,-0.2,-1,0,0.027,1095,4167,1,1,0,0,0,0,0.66,0.01,,,0,0,,,-0.09,0.01,,,0,0,1,20,0,5,1,1,1,1,12447,0.474,10841,0.413,34,0.016,127,0.006,17,0.003,-0.0066,-0.0036,-0.0035,327,0.153,190,0.089,12108,0.604,10650,0.531,4809,0.984,4435,0.907,0.06,0.12,0.19,2.5,0.01,0.03,0.06,0.01,0.59,0.39,Uncertain
"Maury County, TN",47119,Large fringe metro,"Nashville-Davidson--Murfreesboro--Franklin, TN",Metropolitan,TN,4,96387,0.05,0.014,0,0,0,0,0,8,8,1,1,-0.27,,0,11,11,0,0,13612,14122,174,181,0,40,LowBurden,,Low,Moderate,0.036,449,466,1,1,0.014,-0.37,0,0.01,0.022,717,744,1,0.99,1,0,0,0,0.45,0.01,0.33,0.02,0.1,0.01,-0.83,-1,-0.05,0,-0.08,-0.05,-0.02,-0.02,1,378,47,78,1,1,1,1,44311,0.46,36597,0.38,94,0.013,410,0.006,51,0.003,-0.005,-0.0016,-0.0001,1229,0.167,504,0.069,43076,0.582,36089,0.488,14190,0.901,12635,0.803,0.09,0.12,0.16,2.6,0.12,0.06,0,0.01,0.39,0.35,Uncertain
"Cherokee County, SC",45021,Micropolitan,"Gaffney, SC",Micropolitan,SC,4,57300,1,0.011,0,0,1836,0.032,0,8,14,1,1.7,-0.8,,0,40,70,0,0,6158,10747,157,274,0,16,ModerateBurden,,Moderate,Substantial,0.011,440,768,0,0.99,-0.057,-0.18,-1,0.01,0.068,539,941,1,0.98,0,0,1,4,0.55,0,0.35,0,0.01,0,,-0.02,-0.12,-0.02,-0.14,0,0,0,1,28,9,10,1,1,1,1,13443,0.235,11540,0.201,20,0.004,221,0.005,34,0.003,-0.002,-0.0002,0.0009,196,0.043,95,0.021,13236,0.3,11441,0.259,5672,0.578,5163,0.527,0.11,0.2,0.17,2.7,0.2,0.05,0,0.01,0.7,0.53,Uncertain
"Macon County, AL",1087,Non-core,,,AL,4,18068,,0.004,0,0,2907,0.161,0,8,44,1,5.5,1,,0,4,22,0,0,1630,9021,51,282,0,15,ModerateBurden,,Moderate,Moderate,0.039,145,803,0,0.99,0.012,-0.59,0,0.09,0.027,352,1948,0,0.89,,,,,,,,,,,,,,,,,,,,,,,,,,,6619,0.366,5076,0.281,,,42,0.003,9,0.002,0,0.0014,0.0018,61,0.058,39,0.037,6557,0.438,5037,0.336,2723,0.719,2154,0.569,0.08,0.26,0.21,2.2,0.8,0.02,0,0.01,0.9,0.85,Uncertain
"Trinity County, TX",48455,Micropolitan,,,TX,6,14651,,0.001,0,0,0,0,0,8,55,0,0,-0.33,,0,12,82,0,0,799,5454,26,177,0,1,ModerateBurden,,Substantial,Substantial,0.056,173,1181,1,0.96,0.013,-0.03,0,-0.04,0.043,179,1222,1,1,,,,,,,,,,,,,,,,,,,,,,,,,,,,,,,,,,,,,,,,,,,,,,,,,,,,0.2,0.16,0.27,2.4,0.09,0.11,0.01,0,0.8,0.9,Uncertain
"Marshall County, KS",20117,Non-core,,,KS,7,9707,,0.003,0,0,0,0,0,8,82,1,10.3,-0.38,,0,13,134,0,0,1132,11662,26,268,0,0,ModerateBurden,,High,High,0.111,16,165,0,1,-0.282,-0.67,0,0,0.393,49,505,0,1,0,0,0,0,0.31,0,,,0,0,,,0.02,0,,,0,0,1,25,0,4,1,1,1,1,4922,0.507,4521,0.466,58,0.074,28,0.004,6,0.003,0.0668,-0.002,-0.0028,101,0.13,31,0.04,4821,0.655,4490,0.61,1961,0.913,1865,0.868,0.07,0.09,0.22,2.3,0.01,0.03,0.01,0,0.13,0.6,Uncertain
"Hampshire County, WV",54027,Small metro,"Winchester, VA-WV",Metropolitan,WV,3,23175,0.165,0.013,0,0,0,0,0,8,35,0,0,-0.43,,0,14,60,0,0,1912,8250,34,147,0,15,ModerateBurden,,Moderate,Substantial,0.023,206,889,0,0.9,-0.057,-0.53,0,-0.09,0.08,443,1912,0,0.98,0,0,0,0,0.28,0,,,0,0,,,-0.13,-0.01,,,0,0,1,14,0,3,1,1,1,1,4900,0.211,3982,0.172,30,0.019,98,0.005,22,0.004,0.0156,-0.0038,-0.0013,78,0.049,29,0.018,4817,0.254,3950,0.208,2006,0.369,1784,0.329,0.09,0.2,0.23,2.4,0.01,0.02,0,0,0.64,0.13,Uncertain
"Hale County, AL",1065,Small metro,"Tuscaloosa, AL",Metropolitan,AL,4,14651,0.058,0.003,0,0,0,0,0,8,55,0,0,0.6,,0,5,34,0,0,2260,15426,78,532,0,25,ModerateBurden,,Substantial,Substantial,0.013,105,717,1,0.96,-0.074,-0.2,1,-0.02,0.087,131,894,0,0.98,0,0,2,10,0.45,0,,,,,,,0.19,0,,,,,1,21,0,0,1,1,1,1,6399,0.437,5400,0.369,1,0.001,10,0.001,1,0,0.0009,-0.0021,-0.0021,81,0.074,32,0.029,6318,0.56,5368,0.476,2360,0.818,2074,0.719,0.09,0.26,0.2,2.6,0.58,0.01,0,0,0.96,0.98,Uncertain
"Douglas County, MN",27041,Micropolitan,"Alexandria, MN",Micropolitan,MN,5,38141,1,0.007,0,0,0,0,0,8,21,0,0,-0.38,-1,0,13,34,1,2.6,4746,12443,80,210,0,46,ModerateBurden,,Moderate,Moderate,0.022,901,2362,0,1,-0.004,0.06,-1,0,0.026,851,2231,1,1,0,0,0,0,0.49,0.03,0.57,0.1,0.02,0,-1,,-0.03,-0.02,0.2,-0.06,-0.04,0,1,65,7,28,1,1,1,1,18006,0.472,15972,0.419,40,0.014,116,0.004,32,0.004,-0.0132,-0.0027,-0.0007,480,0.171,245,0.087,17506,0.585,15722,0.525,7788,0.873,7256,0.813,0.03,0.08,0.23,2.2,0.01,0.02,0,0.01,0.04,0.09,Uncertain
"Ferry County, WA",53019,Non-core,,,WA,10,7627,,0.001,0,0,0,0,0,8,105,0,0,0,,0,8,105,0,0,387,5074,8,105,0,32,ModerateBurden,,High,High,0,97,1272,,,-0.011,0.52,,,0.011,64,839,,,0,0,0,0,0.16,0,,,0,0,,,0.03,0,,,0,0,1,20,0,4,1,1,1,1,2938,0.385,2602,0.341,30,0.07,42,0.007,5,0.002,0.0698,-0.0013,-0.0005,63,0.147,9,0.021,2875,0.451,2593,0.407,1286,0.597,1215,0.564,0.08,0.19,0.28,2.4,0.01,0.05,0.15,0.01,0.82,0.65,Uncertain
"Aransas County, TX",48007,Medium metro,"Rockport, TX",Micropolitan,TX,6,23510,1,0.001,0,0,0,0,0,8,34,0,0,0.6,,0,5,21,0,0,1266,5385,41,174,0,0,ModerateBurden,,High,Moderate,0.106,138,587,0,1,0.076,0.07,0,0.01,0.03,129,549,0,0.99,,,,,,,,,,,,,,,,,,,,,,,,,,,,,,,,,,,,,,,,,,,,,,,,,,,,0.21,0.2,0.29,2.6,0.01,0.28,0.01,0.02,0.8,0.83,Uncertain
"Chattooga County, GA",13055,Micropolitan,"Summerville, GA",Micropolitan,GA,4,24789,1,0.002,0,0,0,0,0,8,32,0,0,-0.11,-1,0,9,36,2,8.1,2870,11578,74,299,0,25,ModerateBurden,,Moderate,Moderate,0.025,105,424,0,0.99,-0.015,-0.21,0,0.02,0.04,133,537,0,0.97,2,1,29,17,0.68,0.02,0.72,0.03,0.13,0,-0.33,-0.19,-0.03,-0.01,-0.1,0.03,-0.06,0,1,171,14,18,1,1,1,1,1408,0.057,1274,0.051,18,0.01,48,0.002,6,0.001,0.0027,-0.0026,-0.0014,52,0.028,20,0.011,1356,0.07,1254,0.065,415,0.095,380,0.087,0.15,0.2,0.18,2.5,0.09,0.05,0,0.01,0.93,0.87,Uncertain
"Edgefield County, SC",45037,Medium metro,"Augusta-Richmond County, GA-SC",Metropolitan,SC,4,27260,0.045,0.005,0,0,0,0,0,8,29,0,0,1.67,,0,3,11,0,0,3163,11603,42,154,0,27,ModerateBurden,,Moderate,Moderate,0.062,302,1108,1,0.96,0.048,-0.01,0,-0.02,0.014,306,1123,1,0.98,0,0,0,0,0.45,0,,,0,0,,,-0.05,0,,,0,0,1,25,0,1,1,1,1,1,11885,0.436,10209,0.375,34,0.018,175,0.008,32,0.006,0.0005,-0.0006,-0.0006,226,0.117,98,0.051,11652,0.52,10108,0.451,4146,0.782,3767,0.71,0.09,0.16,0.19,2.6,0.35,0.06,0,0.01,0.85,0.86,Uncertain
"Wilkinson County, MS",28157,Non-core,,,MS,4,8630,,0.003,0,0,0,0,0,8,93,1,11.6,,,0,0,0,0,0,692,8019,32,371,0,11,ModerateBurden,,High,Low,0.25,8,93,0.5,1,0.25,0,0.5,0,0,8,93,0,1,0,0,0,0,0.69,0.02,,,0,0,,,-0.21,0.02,,,0,0,1,16,0,3,1,1,1,1,3647,0.423,3158,0.366,3,0.005,36,0.005,4,0.003,-0.0047,0.0032,0.0013,35,0.055,17,0.027,3611,0.528,3141,0.459,1365,0.889,1224,0.797,0.15,0.33,0.18,2.7,0.7,0.01,0,0,0.92,0.96,Uncertain
"Yalobusha County, MS",28161,Non-core,,,MS,4,12108,,0.004,0,0,0,0,0,8,66,1,8.3,0.33,,0,6,50,0,0,1674,13826,39,322,0,14,ModerateBurden,,Substantial,Substantial,0.048,56,463,0,0.98,0.013,-0.11,0,-0.02,0.035,63,520,0,1,0,0,0,0,0.4,0,,,,,,,-0.06,0,,,,,1,26,0,0,1,1,1,1,5437,0.449,4373,0.361,15,0.016,105,0.011,18,0.007,0.0064,0.0079,0.0055,64,0.068,20,0.021,5372,0.569,4352,0.461,2292,0.901,1998,0.785,0.13,0.16,0.21,2.4,0.39,0.02,0,0,0.73,0.93,Likely Decreasing
"Osceola County, MI",26133,Non-core,,,MI,5,23460,,0.002,0,0,0,0,0,8,34,0,0,-0.43,-1,0,14,60,1,4.3,1953,8325,30,128,0,46,ModerateBurden,,Moderate,Substantial,0.032,238,1014,0,0.99,-0.045,-0.28,-1,0.01,0.078,330,1407,1,0.98,0,,0,,,,,,0,0,,,,,,,-0.05,0,1,0,0,3,1,1,1,1,7777,0.332,7170,0.306,7,0.003,53,0.003,9,0.002,-0.0005,-0.0036,-0.0038,90,0.045,76,0.038,7686,0.421,7094,0.389,3304,0.653,3194,0.631,0.1,0.2,0.22,2.5,0.01,0.02,0.01,0,0.74,0.8,Uncertain
"Cherokee County, AL",1019,Non-core,,,AL,4,26196,,0.005,0,0,0,0,0,7,27,0,0,0.75,,0,4,15,0,0,1869,7135,45,172,0,4,ModerateBurden,,High,Moderate,0.101,63,240,1,0.72,0.07,-0.26,0,-0.06,0.031,85,324,1,0.78,6,15,0,0,0.34,0.01,,,0,0,2.13,,0.02,0,,,0,0,1,41,0,1,1,1,1,1,6447,0.246,5375,0.205,1,0.001,12,0.001,4,0.001,0.0005,-0.0004,-0.0002,38,0.021,22,0.012,6409,0.302,5353,0.252,3206,0.52,2762,0.448,0.08,0.15,0.24,2.4,0.04,0.02,0.01,0,0.45,0.54,Uncertain
"LaGrange County, IN",18087,Non-core,,,IN,5,39614,,0.006,0,0,0,0,0,7,18,0,0,-0.5,-1,0,14,35,2,5,2724,6876,72,182,0,30,ModerateBurden,,Moderate,Substantial,0.051,93,235,1,0.93,-0.047,-0.38,0,-0.02,0.098,150,379,1,0.95,0,0,0,0,0.51,0.03,,,0,0,,,-0.09,-0.04,,,0,0,1,25,0,2,1,1,1,1,7352,0.186,6628,0.167,9,0.002,63,0.002,6,0.001,0.0005,-0.0003,-0.0004,84,0.019,42,0.01,7268,0.271,6586,0.246,3277,0.597,3139,0.572,0.39,0.07,0.14,3.2,0,0.04,0,0,0.37,0.45,Uncertain
"Brantley County, GA",13025,Small metro,"Brunswick, GA",Metropolitan,GA,4,19109,0.161,0.002,0,0,0,0,0,7,37,0,0,1.33,-1,0,3,16,1,5.2,1654,8656,40,209,0,10,ModerateBurden,,Moderate,Moderate,0.053,99,518,0,0.97,0.036,-0.08,0,0.02,0.018,108,565,0,0.96,,,,,,,,,,,,,,,,,,,,,,,,,,,1268,0.066,1067,0.056,6,0.004,46,0.003,5,0.002,0.0038,-0.0016,-0.0018,11,0.007,10,0.006,1257,0.086,1057,0.072,594,0.181,509,0.155,0.19,0.24,0.17,2.8,0.04,0.02,0,0,0.62,0.59,Uncertain
"Burnett County, WI",55013,Non-core,,,WI,5,15414,,0.003,0,0,0,0,0,7,45,2,13,-0.22,1,0,9,58,1,6.5,1578,10237,25,162,0,17,ModerateBurden,,Moderate,Substantial,0.028,228,1479,1,0.98,0,-0.39,0,-0.02,0.028,372,2413,1,1,0,0,0,0,0.41,0,,,0,0,,,0.1,0,,,0,0,1,10,0,1,1,1,1,1,7325,0.475,6590,0.428,12,0.012,75,0.006,24,0.005,0.001,-0.0016,0.0018,78,0.079,41,0.042,7246,0.569,6549,0.514,3650,0.806,3451,0.762,0.07,0.13,0.29,2.1,0.01,0.02,0.04,0,0.17,0.34,Likely Decreasing
"Sanders County, MT",30089,Non-core,,,MT,8,12113,,0.011,0,0,0,0,0,7,58,0,0,-0.12,,0,8,66,0,0,654,5399,15,124,0,0,ModerateBurden,,High,High,0.107,82,677,0,0.91,0.005,0.3,0,-0.09,0.101,63,520,0,1,1,6,0,0,0.69,0.01,0,0,0,0,-0.67,,0,-0.05,0,0,0,0,1,16,2,3,1,1,1,1,3675,0.303,3520,0.291,4,0.005,39,0.004,15,0.004,-0.0105,0.0005,0.0005,45,0.059,25,0.033,3630,0.363,3495,0.349,2089,0.533,2044,0.522,0.15,0.19,0.32,2.3,0,0.03,0.04,0,0.35,0.12,Uncertain
"Hancock County, IL",17067,Micropolitan,"Fort Madison-Keokuk, IA-IL-MO",Micropolitan,IL,5,17708,0.304,0.001,0,0,0,0,0,7,40,0,0,-0.36,,0,11,62,0,0,1795,10137,31,175,0,8,ModerateBurden,,Moderate,Substantial,0.065,109,616,0,1,-0.023,-0.3,0,0,0.088,155,875,0,1,0,0,0,0,0.71,0,,,0,0,,,0.17,0,,,0,0,1,18,0,4,1,1,1,1,6996,0.395,5737,0.324,10,0.007,78,0.006,16,0.004,-0.0015,-0.0005,0.001,86,0.064,31,0.023,6908,0.493,5706,0.407,3230,0.775,2679,0.643,0.03,0.12,0.24,2.4,0.01,0.02,0,0,0.12,0.69,Uncertain
"Marshall County, TN",47117,Micropolitan,"Lewisburg, TN",Micropolitan,TN,4,34375,1,0.005,0,0,0,0,0,7,20,1,2.9,-0.12,,0,8,23,0,0,4226,12294,59,172,0,40,ModerateBurden,,Substantial,Moderate,0.091,89,259,1,1,0.056,-0.34,0,0.02,0.034,134,390,1,0.98,1,6,0,0,0.33,0.01,,,0,0,,,0.12,0.01,,,0,0,1,17,0,2,1,1,1,1,10567,0.307,8418,0.245,8,0.003,74,0.003,10,0.002,-0.0025,-0.0023,-0.002,137,0.049,52,0.019,10428,0.394,8366,0.316,4195,0.746,3548,0.631,0.09,0.15,0.16,2.6,0.06,0.06,0,0.01,0.61,0.75,Uncertain
"Menominee County, MI",26109,Micropolitan,"Marinette, WI-MI",Micropolitan,MI,5,22780,0.361,0.002,0,0,0,0,0,7,31,0,0,0.4,-1,0,5,22,1,4.4,2120,9306,43,189,0,40,ModerateBurden,,Moderate,Moderate,0.015,198,869,0,1,-0.018,-0.31,-1,0,0.033,286,1255,1,1,,,,,,,,,,,,,,,,,,,,,,,,,,,12889,0.566,11566,0.508,12,0.008,117,0.006,29,,-0.0058,-0.0095,0,113,0.073,53,0.034,12775,0.681,11513,0.613,6171,0.999,5748,0.987,0.05,0.13,0.26,2.1,0.01,0.02,0.03,0,0.28,0.63,Uncertain
"Mower County, MN",27099,Micropolitan,"Austin, MN",Micropolitan,MN,5,40062,1,0.007,0,0,0,0,0,7,17,0,0,0,-1,0,7,17,1,2.5,4706,11747,33,82,0,24,ModerateBurden,,Moderate,Moderate,0.015,561,1400,0,0.99,-0.007,-0.09,0,0,0.022,618,1543,0,1,,,,,,,,,,,,,,,,,,,,,,,,,,,19923,0.497,17727,0.442,59,0.017,128,0.004,16,0.002,-0.0342,-0.0038,-0.0001,988,0.288,370,0.108,18888,0.629,17349,0.578,6396,0.862,6198,0.835,0.06,0.13,0.19,2.5,0.04,0.12,0,0.05,0.63,0.5,Uncertain
"McClain County, OK",40087,Large fringe metro,"Oklahoma City, OK",Metropolitan,OK,6,40474,0.029,0.01,0,0,0,0,0,7,17,0,0,-0.22,-1,0,9,22,4,9.9,5322,13149,73,180,0,44,ModerateBurden,,Moderate,Moderate,0.013,251,620,0,1,-0.022,-0.23,0,0,0.035,326,805,0,1,0,0,0,0,0.27,0,,,,,,,-0.03,0,,,,,1,12,0,0,1,1,1,1,15315,0.378,12806,0.316,17,0.004,85,0.003,14,0.002,-0.0036,-0.0014,-0.0006,314,0.081,143,0.037,15001,0.498,12663,0.42,5063,0.795,4461,0.701,0.12,0.09,0.16,2.7,0.01,0.08,0.06,0.01,0.16,0.32,Uncertain
"Logan County, OH",39091,Micropolitan,"Bellefontaine, OH",Micropolitan,OH,5,45672,1,0.004,0,0,0,0,0,7,15,0,0,-0.53,,0,15,33,0,0,3869,8471,76,166,0,32,ModerateBurden,,Moderate,Moderate,0.009,340,744,1,0.98,-0.017,-0.13,0,-0.02,0.026,391,856,1,1,1,3,1,3,0.32,0.02,0.29,0.08,0,0,,,-0.17,0.02,-0.24,0.08,0,0,1,31,7,9,1,1,1,1,14312,0.313,13913,0.305,29,0.008,133,0.004,25,0.003,-0.0064,-0.0043,-0.0028,322,0.086,148,0.04,13990,0.398,13765,0.392,6082,0.711,6084,0.711,0.08,0.13,0.19,2.4,0.02,0.02,0,0.01,0.32,0.55,Uncertain
"Lake County, MN",27075,Non-core,"Duluth, MN-WI",Metropolitan,MN,5,10641,0.037,0.002,0,0,0,0,0,7,66,0,0,1.33,,0,3,28,0,0,825,7753,20,188,0,0,ModerateBurden,,Substantial,Moderate,0.016,217,2039,1,1,-0.01,0.03,0,0.05,0.026,210,1973,1,0.95,0,0,0,0,0.46,0,,,0,0,,,0.12,0,,,0,0,1,16,0,3,1,1,1,1,5883,0.553,5403,0.508,10,0.014,64,0.007,8,0.003,-0.0043,0.0015,0.0007,213,0.303,99,0.141,5655,0.657,5304,0.616,2285,0.8,2224,0.779,0.04,0.09,0.27,2,0.01,0.01,0.01,0.01,0.11,0.3,Uncertain
"Burleson County, TX",48051,Small metro,"College Station-Bryan, TX",Metropolitan,TX,6,18443,0.07,0.001,0,0,0,0,0,7,38,0,0,0.17,,0,6,33,0,0,2447,13268,48,260,0,25,ModerateBurden,,Moderate,Moderate,0.026,188,1019,1,1,-0.018,-0.37,1,0.01,0.044,297,1610,0,0.99,0,0,0,0,0.47,0,,,0,0,,-1,0.06,0,,,0,0,1,30,0,4,1,1,1,1,,,,,,,,,,,,,,,,,,,,,,,,,,0.17,0.13,0.21,2.6,0.12,0.21,0,0,0.61,0.77,Uncertain
"Gilliam County, OR",41021,Non-core,,,OR,10,1912,,0,0,0,0,0,0,7,366,0,0,6,,0,1,52,0,0,71,3713,1,52,0,0,ModerateBurden,,High,Substantial,0,14,732,1,1,-0.067,-0.42,0,0,0.067,24,1255,1,1,,,,,,,,,,,,,,,,,,,,,,,,,,,698,0.365,572,0.299,,,8,0.005,2,0.004,-0.1129,-0.0123,-0.0076,17,0.137,3,0.024,679,0.439,569,0.368,325,0.616,279,0.528,0.09,0.11,0.28,2.2,0,0.07,0.01,0.01,0.51,0.73,Uncertain
"Smith County, TN",47159,Large fringe metro,"Nashville-Davidson--Murfreesboro--Franklin, TN",Metropolitan,TN,4,20157,0.01,0.003,0,0,0,0,0,7,35,0,0,2.5,-1,0,2,10,1,5,2797,13876,40,198,0,0,ModerateBurden,,Moderate,Moderate,0.056,49,243,1,1,0.031,-0.45,0,0.01,0.025,89,442,1,0.99,0,0,0,0,0.47,0,0.14,0,0,0,,,-0.03,0,-0.14,0,0,0,1,32,2,5,1,1,1,1,4706,0.233,3956,0.196,4,0.003,40,0.003,4,0.001,0,-0.001,-0.0011,44,0.028,19,0.012,4661,0.298,3937,0.251,1987,0.57,1801,0.517,0.09,0.15,0.17,2.5,0.02,0.03,0,0,0.26,0.56,Uncertain
"Petersburg city, VA",51730,Large fringe metro,"Richmond, VA",Metropolitan,VA,3,31346,0.024,0.004,0,0,0,0,0,7,22,0,0,-0.68,,0,22,70,0,0,3920,12506,86,274,0,42,ModerateBurden,,Moderate,Substantial,0.022,563,1796,1,0.98,-0.024,-0.17,0,-0.01,0.046,679,2166,1,0.99,2,1,4,1,0.6,0.03,0.71,0.14,0.15,0.06,-0.8,-0.74,-0.04,0,-0.06,0,0.06,0.02,2,269,28,65,1,1,1,1,642,0.02,584,0.019,,,1,0,,,0,-0.0001,0,4,0.002,,,638,0.026,584,0.024,85,0.016,69,0.013,0.13,0.26,0.17,2.3,0.76,0.05,0,0.01,0.96,0.92,Uncertain
"Muskingum County, OH",39119,Micropolitan,"Zanesville, OH",Micropolitan,OH,5,86215,1,0.007,0,0,1521,0.018,0,7,8,0,0,-0.56,,0,16,19,0,0,8879,10299,134,155,0,51,LowBurden,,Low,Moderate,0.004,599,695,1,1,-0.024,-0.2,0,0.01,0.029,746,865,1,0.99,1,1,22,14,0.76,0.01,0.57,0.05,0.33,0.05,-0.86,-0.29,0.06,-0.01,0.15,-0.01,0,0,1,162,24,27,1,1,1,1,31788,0.369,30538,0.354,87,0.013,391,0.006,53,0.003,-0.0005,-0.0014,-0.0009,673,0.101,256,0.038,31115,0.466,30282,0.453,12409,0.79,12191,0.777,0.06,0.16,0.18,2.5,0.04,0.01,0,0.01,0.6,0.35,Uncertain
"Ottawa County, OH",39123,Micropolitan,"Toledo, OH",Metropolitan,OH,5,40525,0.063,0.003,0,0,0,0,0,7,17,0,0,0,,0,7,17,0,0,3723,9187,81,200,0,52,ModerateBurden,,Moderate,Moderate,0.03,244,602,1,1,0.003,-0.28,1,0,0.027,338,834,0,1,3,12,0,0,0.35,0.02,0.06,0,0,0,0.5,,0.03,0,0.03,0,0,0,1,25,5,13,1,1,1,1,18670,0.461,18280,0.451,49,0.017,158,0.005,37,0.004,-0.0295,-0.0033,-0.0006,580,0.206,276,0.098,18090,0.545,18004,0.542,7715,0.732,7769,0.737,0.04,0.1,0.26,2.2,0.01,0.05,0,0,0.15,0.46,Uncertain
"Effingham County, IL",17049,Micropolitan,"Effingham, IL",Micropolitan,IL,5,34008,1,0.003,0,0,0,0,0,7,21,0,0,-0.3,,0,10,29,0,0,4756,13985,72,212,0,48,ModerateBurden,,Moderate,Moderate,0.023,351,1032,0,0.99,0.01,-0.2,0,0.05,0.014,437,1285,0,0.95,4,4,0,0,0.4,0.02,0.57,0.04,0,0,3,,0.06,0.01,0.21,0.03,-0.07,0,1,109,10,5,1,1,1,1,13549,0.398,9790,0.288,27,0.01,172,0.007,19,0.003,0.0015,-0.0011,-0.0016,157,0.059,67,0.025,13381,0.517,9721,0.376,5559,0.913,4150,0.682,0.05,0.12,0.18,2.5,0.01,0.02,0,0.01,0.2,0.19,Uncertain
"Kusilvak Census Area, AK",2158,Non-core,,,AK,10,8314,,0.011,0,0,0,0,0,7,84,0,0,-0.12,,0,8,96,0,0,1317,15841,4,48,0,5,ModerateBurden,,Substantial,Substantial,0,227,2730,0,0.77,-0.031,-0.28,0,-0.1,0.031,317,3813,0,0.88,,,,,,,,,,,,,,,,,,,,,,,,,,,,,,,,,,,,,,,,,,,,,,,,,,,,0.21,0.4,0.06,4.7,0,0.03,0.9,0,0.93,0.88,Uncertain
"Bullock County, AL",1011,Non-core,,,AL,4,10101,,0.002,0,0,0,0,0,7,69,0,0,,,0,0,0,0,0,1240,12276,42,416,0,0,ModerateBurden,,Substantial,Low,0,65,644,0,1,-0.024,-0.32,-1,0.04,0.024,95,941,1,0.96,0,0,0,0,0.44,0,,,,,,,-0.06,0,,,,,1,61,0,0,1,1,1,1,3885,0.385,3038,0.301,,,5,0.001,1,0.001,0,-0.003,-0.0082,20,0.029,12,0.018,3863,0.483,3026,0.378,1336,0.781,1109,0.648,0.11,0.31,0.17,2.8,0.69,0.09,0,0,0.89,0.95,Uncertain
"Charlton County, GA",13049,Non-core,,,GA,4,13392,,0.001,0,0,0,0,0,7,52,0,0,-0.65,,0,20,149,0,0,1557,11626,34,254,0,9,ModerateBurdenResolving,,Substantial,High,0.026,131,978,0,0.87,0.003,-0.65,0,0.72,0.024,373,2785,0,0.15,,,,,,,,,,,,,,,,,,,,,,,,,,,642,0.048,590,0.044,7,0.009,57,0.005,16,0.008,0.0076,0.0006,0.0009,13,0.016,7,0.009,628,0.057,583,0.053,313,0.148,267,0.126,0.21,0.24,0.16,3.3,0.29,0.05,0.02,0.01,0.88,0.89,Uncertain
"Las Animas County, CO",8071,Non-core,,,CO,8,14506,,0.003,0,0,0,0,0,7,48,0,0,-0.12,,0,8,55,0,0,1155,7962,13,90,0,28,ModerateBurden,,Moderate,Substantial,0.015,463,3192,2,1,-0.002,-0.02,0,0,0.017,472,3254,2,1,1,5,0,0,0.31,0.01,0.04,0,0,0,,,-0.04,0.01,0,0,0,0,1,21,4,2,1,1,1,1,4029,0.278,4054,0.279,16,0.017,56,0.005,6,0.002,-0.0331,-0.0035,-0.0033,155,0.166,61,0.065,3869,0.325,3992,0.335,761,0.206,1229,0.333,0.09,0.18,0.25,2.1,0.02,0.4,0.01,0.01,0.84,0.57,Uncertain
"Salem city, VA",51775,Medium metro,"Roanoke, VA",Metropolitan,VA,3,25301,0.081,0.003,0,0,1956,0.077,0,7,28,0,0,-0.46,,0,13,51,0,0,2195,8676,50,198,0,38,ModerateBurden,,Moderate,Substantial,0.042,270,1067,1,0.99,-0.011,-0.18,0,0.01,0.054,328,1296,1,0.98,3,1,3,1,0.68,0.01,0.58,0.08,0.09,0.02,-0.57,0.01,0.02,-0.01,0.05,-0.04,0.06,0.01,2,416,47,71,1,0.5,1,1,787,0.031,1084,0.043,,,1,0,,,,-0.0002,-0.0002,,,,,787,0.039,1084,0.053,48,0.01,58,0.012,0.07,0.09,0.19,2.3,0.07,0.04,0,0.02,0.31,0.17,Uncertain
"Kay County, OK",40071,Micropolitan,"Ponca City, OK",Micropolitan,OK,6,43538,1,0.011,0,0,0,0,0,7,16,0,0,1.33,-1,0,3,7,2,4.6,5335,12254,128,294,0,0,ModerateBurden,,Moderate,Low,0.038,85,195,1,1,0.007,-0.17,0,0,0.031,102,234,1,1,0,0,0,0,0.45,0,0.53,0,0.02,0,-1,,0,-0.02,-0.13,-0.1,0,0,2,53,6,7,1,1,1,1,14326,0.329,11708,0.269,16,0.004,80,0.002,8,0.001,-0.0062,-0.0011,-0.0002,217,0.059,76,0.021,14108,0.432,11632,0.356,6297,0.74,5425,0.638,0.14,0.17,0.2,2.5,0.02,0.08,0.1,0.01,0.84,0.61,Uncertain
"Johnson County, AR",5071,Non-core,,,AR,6,26578,,0.009,0,0,861,0.032,0,7,26,0,0,-0.12,,0,8,30,0,0,2943,11073,38,143,0,0,ModerateBurden,,Moderate,Moderate,0.068,234,880,0,0.99,0.068,0.51,-1,-0.01,0,155,583,1,1,0,0,0,0,0.33,0,0.07,0,0,0,-1,,-0.06,0,-0.04,0,0,0,1,90,8,10,1,1,1,1,8706,0.328,7330,0.276,12,0.005,68,0.003,4,0.001,-0.0198,-0.0012,-0.0007,234,0.105,115,0.052,8462,0.422,7215,0.36,2973,0.663,2622,0.585,0.11,0.22,0.17,2.6,0.02,0.14,0.01,0.03,0.88,0.76,Uncertain
"Wirt County, WV",54105,Small metro,"Parkersburg-Vienna, WV",Metropolitan,WV,3,5821,0.065,0.003,0,0,0,0,0,7,120,1,17.2,2.5,,0,2,34,0,0,453,7782,4,69,0,23,ModerateBurden,,High,High,0.049,95,1632,1,0.97,-0.051,0.16,-1,0.07,0.1,82,1409,2,0.9,,,,,,,,,,,,,,,,,,,,,,,,,,,217,0.037,89,0.015,2,0.004,25,0.005,3,0.002,-0.0219,-0.0002,0.0025,20,0.044,,,197,0.043,89,0.019,52,0.043,35,0.029,0.06,0.19,0.21,2.3,0,0.01,0,0,0.37,0.35,Uncertain
"Madison County, NY",36053,Medium metro,"Syracuse, NY",Metropolitan,NY,2,70941,0.109,0.004,0,0,6160,0.087,0,7,10,0,0,-0.76,-1,0,29,41,1,1.4,4553,6418,89,125,0,47,LowBurden,,Moderate,Moderate,0.009,1120,1579,1,0.99,-0.015,0.01,0,0,0.023,1112,1567,1,0.99,1,1,0,0,0.5,0.02,0.67,0,0,0,0,,-0.14,0,0.17,0,0,0,2,75,6,14,1,1,1,1,36146,0.51,31435,0.443,165,0.034,435,0.008,45,0.003,-0.0123,-0.0049,-0.004,1741,0.358,684,0.141,34403,0.598,30751,0.535,10376,0.775,9568,0.714,0.05,0.1,0.19,2.5,0.02,0.02,0.01,0.01,0.17,0.31,Uncertain
"Orleans County, NY",36073,Large fringe metro,"Rochester, NY",Metropolitan,NY,2,40352,0.038,0.002,0,0,0,0,0,7,17,0,0,-0.59,,0,17,42,0,0,3117,7725,83,206,0,31,ModerateBurden,,Moderate,Moderate,0.006,706,1750,1,0.99,-0.004,-0.21,0,0,0.01,895,2218,1,0.99,0,0,0,0,0.44,0,,,0,0,-1,,-0.04,0,,,0,0,1,18,0,4,1,1,1,1,17264,0.428,14973,0.371,74,0.026,268,0.008,37,0.005,0.0014,-0.0047,-0.0024,578,0.205,268,0.095,16685,0.513,14705,0.452,5632,0.758,5211,0.701,0.06,0.14,0.18,2.3,0.06,0.05,0.01,0.01,0.64,0.9,Uncertain
"Pike County, AL",1109,Micropolitan,"Troy, AL",Micropolitan,AL,4,33114,1,0.007,0,1,10305,0.311,0,7,21,1,3,0.17,,0,6,18,0,0,3139,9479,78,236,0,21,ModerateBurden,,Moderate,Moderate,0.024,79,239,1,0.99,0.014,-0.59,0,0,0.01,194,586,1,0.99,0,0,0,0,0.44,0,0.41,0,0,0,,,0.04,0,-0.04,0,-0.06,0,1,51,9,5,1,1,1,1,9601,0.29,7837,0.237,,,16,0.001,6,0.001,0,-0.0022,-0.001,79,0.038,22,0.011,9520,0.355,7815,0.291,3889,0.773,3329,0.662,0.1,0.27,0.15,2.7,0.37,0.02,0.01,0.02,0.9,0.71,Uncertain
"Val Verde County, TX",48465,Micropolitan,"Del Rio, TX",Micropolitan,TX,6,49025,1,0.002,0,0,0,0,0,7,14,0,0,-0.89,,0.001,61,124,0,0,7928,16171,223,455,0,0,ModerateBurdenResolving,,Moderate,High,0.022,230,469,1,0.98,-0.009,-0.2,0,-0.02,0.031,289,589,1,1,0,0,0,0,0,0,0,0,0,0,-1,,0,0,0,0,0,0,1,34,4,17,1,1,1,1,,,,,,,,,,,,,,,,,,,,,,,,,,0.19,0.2,0.14,3.1,0.01,0.82,0,0.01,0.97,0.88,Uncertain
"Rawlins County, KS",20153,Non-core,,,KS,7,2530,,0.001,0,0,0,0,0,7,277,0,0,6,,0,1,40,0,0,331,13083,7,277,0,0,ModerateBurden,,High,Moderate,,0,0,,,,-1,,,0,1,40,0,1,0,0,0,0,0.29,0,,,0,0,,,0.03,0,,,0,0,1,10,0,4,1,1,1,1,839,0.332,770,0.304,5,0.03,9,0.005,3,0.004,0.0299,0.0015,0.0028,7,0.042,,,832,0.42,770,0.389,429,0.607,410,0.58,0.06,0.09,0.28,2.1,0.01,0.08,0,0.01,0.14,0.43,Uncertain
"Orocovis Municipio, PR",72107,,"San Juan-Bayamón-Caguas, PR",Metropolitan,PR,2,,,,,0,0,0,0,7,35,0,0,-0.22,,0,9,45,0,0,890,4402,0,0,0,,,,High,High,0.102,67,331,,,-0.002,-0.4,,,0.105,112,554,,,,,,,,,,,,,,,,,,,,,,,,,,,,,11763,0.582,7145,0.353,41,0.028,1504,0.091,129,0.036,0.0014,0.0803,0.0307,451,0.313,211,0.147,11309,0.682,6934,0.418,2912,0.804,1781,0.492,0.02,0.58,,,,,,,,,
"Louisa County, VA",51109,Non-core,,,VA,3,37591,,0.004,0,0,0,0,0,7,19,0,0,0.17,-1,0,6,16,1,2.7,1999,5318,33,88,0,45,ModerateBurden,,Moderate,Moderate,0.018,265,705,1,0.99,0.003,-0.3,0,-0.01,0.015,380,1011,1,0.99,,,,,,,,,,,,,,,,,,,,,,,,,,,1133,0.03,939,0.025,,,11,0,1,0,-0.0016,-0.0004,0,8,0.003,3,0.001,1124,0.037,936,0.031,475,0.062,401,0.053,0.11,0.12,0.2,2.6,0.15,0.03,0,0.01,0.33,0.43,Uncertain
"Bertie County, NC",37015,Non-core,,,NC,4,18947,,0.002,0,0,0,0,0,7,37,0,0,2.5,-1,0,2,11,1,5.3,1789,9442,44,232,0,29,ModerateBurden,,Moderate,Moderate,0.015,138,728,1,0.99,-0.025,-0.34,0,0.14,0.04,208,1098,1,0.85,0,0,0,0,0.67,0,,,0,0,,,-0.1,0,,,0,0,1,6,0,2,1,1,1,1,7743,0.409,5673,0.299,15,0.012,75,0.005,13,0.003,-0.0174,-0.0004,0.0007,85,0.07,15,0.012,7656,0.489,5658,0.362,3271,0.73,2510,0.56,0.1,0.23,0.24,2.3,0.61,0.02,0.01,0.01,0.94,0.98,Uncertain
"Río Grande Municipio, PR",72119,,"San Juan-Bayamón-Caguas, PR",Metropolitan,PR,2,,,,,0,0,0,0,7,15,0,0,-0.63,,0,19,40,0,0,2133,4441,0,0,0,,,,Moderate,Moderate,0.044,365,760,,,-0.004,-0.37,,,0.048,582,1212,,,,,,,,,,,,,,,,,,,,,,,,,,,,,20280,0.422,13976,0.291,112,0.033,480,0.012,68,0.007,-0.0208,-0.0076,-0.0057,806,0.236,159,0.047,19466,0.494,13817,0.351,5691,0.571,4354,0.437,0.07,0.39,,,,,,,,,
"Glynn County, GA",13127,Small metro,"Brunswick, GA",Metropolitan,GA,4,85292,0.718,0.008,0,0,2078,0.024,0,7,8,0,0,-0.72,-1,0,25,29,2,2.3,8274,9701,178,209,0,39,LowBurden,,Low,Moderate,0.009,475,557,0,0.89,-0.007,-0.19,0,-0.01,0.015,587,688,0,0.9,3,1,0,0,0.8,0.02,0.12,0.04,0.38,0.04,0,,-0.11,-0.01,-0.04,-0.07,0.06,-0.03,1,248,36,36,1,1,1,1,32974,0.387,29257,0.343,125,0.019,396,0.006,45,0.003,0.0094,0.001,-0.0001,718,0.112,391,0.061,32241,0.481,28864,0.43,14142,0.786,12944,0.719,0.14,0.18,0.21,2.4,0.26,0.07,0,0.02,0.72,0.62,Uncertain
"McPherson County, KS",20113,Micropolitan,"McPherson, KS",Micropolitan,KS,7,28542,1,0.01,0,0,2185,0.077,0,7,25,0,0,0.17,,0,6,21,0,0,3304,11576,83,291,0,6,ModerateBurden,,Moderate,Moderate,0.028,126,441,0,0.98,0,-0.63,0,-0.02,0.028,342,1198,0,1,0,0,0,0,0.34,0.01,0.24,0.1,0,0,-1,,-0.02,0.01,0,0.08,0,0,3,51,7,6,1,1,1,1,12162,0.426,10971,0.384,34,0.015,91,0.004,10,0.002,-0.0069,-0.0026,-0.0014,301,0.129,113,0.048,11861,0.538,10858,0.492,4821,0.836,4563,0.792,0.07,0.1,0.2,2.2,0.01,0.04,0,0.01,0.11,0.05,Uncertain
"Parke County, IN",18121,Non-core,"Terre Haute, IN",Metropolitan,IN,5,16937,0.091,0.003,0,0,0,0,0,7,41,0,0,0.75,,0,4,24,0,0,1483,8756,16,94,0,0,ModerateBurden,,Substantial,Moderate,0.088,96,567,1,0.84,0.067,0.01,0,0,0.021,95,561,1,0.83,,,,,,,,,,,,,,,,,,,,,,,,,,,5199,0.307,4388,0.259,4,0.003,374,0.028,6,0.002,-0.0079,0.0219,-0.0006,64,0.051,28,0.022,5135,0.387,4360,0.328,2075,0.614,2001,0.592,0.15,0.15,0.2,2.5,0.03,0.02,0,0,0.58,0.66,Uncertain
"Orleans County, VT",50019,Non-core,,,VT,1,27037,,0.043,0,0,109,0.004,0,7,26,0,0,-0.3,,0,10,37,0,0,1291,4775,11,41,0,11,ModerateBurden,,Moderate,Moderate,0.015,405,1498,1,1,-0.024,-0.54,0,0,0.039,873,3229,1,1,0,0,0,0,0.39,0.03,0.06,0,0,0,-1,,0.02,0,0.06,0,0,0,1,39,5,33,1,1,1,1,13682,0.506,11252,0.416,25,0.013,162,0.007,20,0.003,-0.0213,-0.0093,-0.0049,572,0.305,110,0.059,13110,0.601,11142,0.511,4883,0.776,4480,0.712,0.04,0.14,0.23,2.2,0.01,0.02,0.01,0,0.43,0.37,Uncertain
"Washington County, FL",12133,Non-core,,,FL,4,25473,,0.001,0,0,0,0,0,7,27,0,0,2.5,,0,2,8,0,0,2756,10819,52,204,0,28,ModerateBurden,,Substantial,Low,0.088,66,259,,,0.064,-0.15,,,0.024,78,306,,,2,5,0,0,0.44,0.03,,,0,0,1,,0,0.02,,,0,0,1,37,0,7,1,1,1,1,6415,0.252,4800,0.188,10,0.006,72,0.004,13,0.003,0.0017,0,-0.0007,46,0.026,10,0.006,6363,0.312,4788,0.235,2991,0.683,2268,0.518,0.13,0.22,0.17,2.6,0.15,0.04,0.01,0.01,0.89,0.97,Uncertain
"Toa Baja Municipio, PR",72137,,"San Juan-Bayamón-Caguas, PR",Metropolitan,PR,2,,,,,0,0,0,0,7,9,0,0,-0.73,,0,26,35,0,0,3863,5201,0,0,0,,,,Low,Moderate,0.023,639,860,,,-0.01,-0.41,,,0.033,1086,1462,,,,,,,,,,,,,,,,,,,,,,,,,,,,,34759,0.468,26180,0.352,155,0.029,886,0.015,123,0.008,-0.0244,-0.0097,-0.006,1442,0.273,606,0.115,33302,0.546,25572,0.42,8740,0.579,7474,0.495,0.07,0.36,,,,,,,,,
"Botetourt County, VA",51023,Medium metro,"Roanoke, VA",Metropolitan,VA,3,33419,0.107,0.004,0,0,0,0,0,7,21,0,0,-0.12,,0,8,24,0,0,2558,7654,38,114,0,98,ModerateBurden,,Moderate,Moderate,0.026,160,479,1,1,-0.019,-0.15,0,0.02,0.045,189,566,1,0.98,,,,,,,,,,,,,,,,,,,,,,,,,,,6045,0.181,4876,0.146,35,0.014,53,0.002,13,0.002,0.0076,-0.0006,0,214,0.085,120,0.048,5823,0.215,4756,0.175,2385,0.307,2025,0.261,0.05,0.08,0.23,2.5,0.03,0.02,0,0.01,0.04,0.16,Uncertain
"Trujillo Alto Municipio, PR",72139,,"San Juan-Bayamón-Caguas, PR",Metropolitan,PR,2,,,,,0,200,0.003,0,7,11,0,0,-0.67,,0,21,33,0,0,2975,4672,0,0,0,,,,Moderate,Moderate,0.015,364,572,,,-0.025,-0.5,,,0.04,725,1139,,,,,,,,,,,,,,,,,,,,,,,,,,,,,25882,0.406,17833,0.28,64,0.014,265,0.005,28,0.002,-0.0238,-0.0034,-0.002,806,0.178,230,0.051,25067,0.48,17602,0.337,6957,0.547,5605,0.441,0.08,0.31,,,,,,,,,
"Fauquier County, VA",51061,Large fringe metro,"Washington-Arlington-Alexandria, DC-VA-MD-WV",Metropolitan,VA,3,71222,0.011,0.008,0,0,0,0,0,7,10,0,0,-0.86,,0,49,69,0,0,4753,6673,70,98,0,2,LowBurden,,Moderate,Substantial,0.018,331,465,1,0.97,-0.004,-0.3,0,-0.03,0.022,475,667,1,1,0,0,1,2,0.51,0,0.57,0,0.1,0,,,-0.08,0,-0.1,0,-0.01,0,1,66,10,25,1,1,1,1,23449,0.329,19891,0.279,98,0.016,271,0.005,34,0.003,-0.0128,-0.0025,0.0002,1323,0.221,632,0.105,22070,0.403,19250,0.351,5985,0.496,5316,0.44,0.08,0.06,0.17,2.8,0.07,0.09,0,0.02,0.03,0.11,Uncertain
"Hart County, KY",21099,Non-core,,,KY,4,19035,,0.004,0,0,0,0,0,7,37,3,15.8,2.5,2,0,2,11,1,5.3,2012,10570,52,273,0,14,ModerateBurden,,Moderate,Moderate,0.056,39,205,1,1,-0.011,-0.22,0,0,0.067,50,263,1,1,0,0,0,0,0.26,0,,,0,0,,,-0.11,-0.03,,,0,0,1,21,0,7,1,1,1,1,5071,0.266,4258,0.224,13,0.008,65,0.005,10,0.003,0.0019,-0.0008,-0.0022,67,0.043,24,0.015,5003,0.348,4234,0.295,2032,0.638,1821,0.572,0.09,0.21,0.17,2.5,0.04,0.02,0,0,0.77,0.82,Uncertain
"Morgan County, WV",54065,Non-core,"Hagerstown-Martinsburg, MD-WV",Metropolitan,WV,3,17884,0.062,0.01,0,0,0,0,0,7,39,1,5.6,-0.22,0,0,9,50,1,5.6,1224,6844,22,123,0,21,ModerateBurden,,Moderate,Substantial,0.028,154,861,0,0.94,0.004,-0.3,0,-0.02,0.024,221,1236,0,0.96,1,6,0,0,0.83,0.08,,,0,0,,,0.12,0.01,,,0,0,1,17,0,3,1,1,1,1,711,0.04,275,0.015,3,0.002,21,0.001,7,0.002,-0.0033,-0.005,-0.0033,18,0.015,3,0.002,693,0.047,272,0.018,262,0.061,155,0.036,0.05,0.09,0.24,2.4,0.01,0.02,0,0,0.18,0.11,Uncertain
"Harrison County, IN",18061,Large fringe metro,"Louisville/Jefferson County, KY-IN",Metropolitan,IN,5,40515,0.032,0.006,0,0,0,0,0,7,17,0,0,6,,0,1,2,0,0,4391,10838,73,180,0,23,ModerateBurden,,Moderate,Low,0.023,298,736,1,0.96,-0.005,-0.25,0,-0.02,0.029,397,980,1,0.99,1,4,1,4,0.47,0.05,0.55,0.3,0,0,-0.67,0,0.03,-0.03,0.19,0.09,0,0,1,25,4,13,1,1,1,1,16457,0.406,14328,0.354,56,0.017,96,0.003,10,0.001,0.0065,-0.0037,-0.0026,454,0.141,214,0.067,16002,0.508,14114,0.448,6027,0.822,5505,0.75,0.07,0.11,0.18,2.7,0.01,0.02,0,0,0.19,0.65,Uncertain
"Luquillo Municipio, PR",72089,,"San Juan-Bayamón-Caguas, PR",Metropolitan,PR,2,,,,,0,0,0,0,7,40,0,0,0.17,,0,6,34,0,0,747,4229,0,0,0,,,,Substantial,Moderate,0.089,108,611,,,0.028,-0.51,,,0.061,221,1251,,,,,,,,,,,,,,,,,,,,,,,,,,,,,6671,0.378,4664,0.264,29,0.023,175,0.012,26,0.007,-0.0175,-0.0019,0.0005,190,0.151,37,0.029,6481,0.447,4627,0.319,1990,0.504,1561,0.395,0.07,0.45,,,,,,,,,
"Cabo Rojo Municipio, PR",72023,,"San Germán, PR",Metropolitan,PR,2,,,,,0,0,0,0,7,15,0,0,2.5,,0,2,4,0,0,913,1921,0,0,0,,,,Moderate,Moderate,0.023,191,402,,,-0.028,-0.42,,,0.051,329,692,,,,,,,,,,,,,,,,,,,,,,,,,,,,,23760,0.5,18795,0.396,89,0.026,250,0.006,35,0.003,-0.0547,-0.0103,-0.0083,1000,0.296,320,0.095,22756,0.584,18474,0.474,6576,0.582,5631,0.499,0.04,0.53,,,,,,,,,
"Hartley County, TX",48205,Non-core,,,TX,6,5576,,0,0,0,0,0,0,7,126,0,0,1.33,,0,3,54,0,0,659,11819,2,36,0,13,ModerateBurden,,High,Substantial,,0,0,,,,-1,,,,3,54,,,,,,,,,,,,,,,,,,,,,,,,,,,,,,,,,,,,,,,,,,,,,,,,,,,,,,0.17,0.06,0.15,2.5,0.07,0.28,0,0.01,0.53,0.49,Uncertain
"Wahkiakum County, WA",53069,Non-core,,,WA,10,4488,,0.001,0,0,0,0,0,7,156,0,0,2.5,-1,0,2,45,1,22.3,138,3075,1,22,0,2,ModerateBurden,,High,High,0.222,24,535,,,0.102,-0.29,,,0.12,34,758,,,,,,,,,,,,,,,,,,,,,,,,,,,,,1906,0.425,1723,0.384,6,0.02,15,0.004,,,-0.0782,-0.0027,-0.002,50,0.163,6,0.02,1856,0.499,1717,0.462,970,0.655,931,0.629,0.07,0.08,0.33,2.2,0.01,0.06,0.01,0.02,0.18,0.55,Uncertain
"Erie County, OH",39043,Micropolitan,"Sandusky, OH",Micropolitan,OH,5,74266,1,0.006,0,0,0,0,0,7,9,0,0,-0.72,,0,25,34,0,0,8040,10826,161,217,0,40,LowBurden,,Low,Moderate,0.007,541,728,1,0.98,-0.032,-0.3,0,-0.01,0.039,772,1040,1,1,5,2,1,0,0.46,0.02,0.31,0.11,0.22,0.09,-0.44,,-0.09,-0.01,-0.24,-0.09,-0.04,0.02,1,252,35,35,1,1,1,1,34468,0.464,32324,0.435,82,0.015,398,0.007,63,0.004,-0.0176,-0.0033,-0.002,928,0.172,487,0.09,33538,0.566,31836,0.537,13651,0.815,13363,0.798,0.05,0.12,0.23,2.4,0.09,0.05,0,0.01,0.29,0.33,Uncertain
"Hamilton County, FL",12047,Non-core,,,FL,4,14428,,0.001,0,0,0,0,0,7,49,0,0,2.5,,0,2,14,0,0,1648,11422,25,173,0,0,ModerateBurden,,Moderate,Moderate,0,96,665,,,-0.017,-0.24,,,0.017,127,880,,,,,,,,,,,,,,,,,,,,,,,,,,,,,3829,0.265,3354,0.232,10,0.011,40,0.003,2,0.001,0.0064,-0.0003,-0.0011,43,0.046,13,0.014,3786,0.324,3341,0.286,1760,0.661,1688,0.634,0.14,0.3,0.18,2.4,0.32,0.1,0.01,0.01,0.99,1,Uncertain
"Curry County, NM",35009,Micropolitan,"Clovis, NM",Micropolitan,NM,6,48954,1,0.023,0,0,0,0,0,7,14,1,2,0.75,,0,4,8,0,0,5259,10743,84,172,0,14,ModerateBurden,,Moderate,Low,0.008,774,1581,2,0.77,-0.005,-0.03,0,-0.15,0.013,802,1638,2,0.91,0,0,2,2,0.27,0,0.27,0,0.02,0,-1,1,-0.01,-0.02,-0.33,-0.06,-0.05,0,1,100,7,23,1,1,1,1,8483,0.173,9063,0.185,19,0.005,279,0.008,15,0.002,-0.0003,-0.0034,-0.0022,101,0.026,28,0.007,8382,0.232,9035,0.25,1188,0.189,1897,0.302,0.12,0.21,0.13,2.6,0.06,0.43,0.01,0.02,0.88,0.38,Uncertain
"Covington city, VA",51580,Non-core,,,VA,3,5538,,0.001,0,0,0,0,0,7,126,0,0,6,-1,0,1,18,1,18.1,613,11069,14,253,0,0,ModerateBurden,,High,High,0.04,36,650,1,0.88,-0.106,0.06,0,-0.09,0.146,34,614,1,0.97,,,,,,,,,,,,,,,,,,,,,,,,,,,,,,,,,,,,,,,,,,,,,,,,,,,,0.12,0.15,0.2,2.3,0.13,0.02,0,0.01,0.46,0.78,Uncertain
"Crawford County, OH",39033,Micropolitan,"Bucyrus-Galion, OH",Micropolitan,OH,5,41494,1,0.004,0,0,0,0,0,7,17,0,0,0.75,,0,4,10,0,0,4020,9688,110,265,0,44,ModerateBurden,,Moderate,Moderate,0.013,341,822,1,0.97,-0.004,-0.36,0,0,0.017,537,1294,1,0.97,2,3,0,0,0.41,0.01,0.43,0,0.04,0,,,-0.14,0.01,0.13,0,0.03,0,2,66,11,13,1,1,1,1,14153,0.341,13600,0.328,24,0.008,186,0.006,28,0.003,-0.0031,-0.0012,-0.0008,226,0.071,94,0.03,13927,0.428,13506,0.415,6480,0.73,6377,0.719,0.06,0.15,0.21,2.3,0.01,0.02,0,0.01,0.32,0.38,Uncertain
"Mariposa County, CA",6043,Non-core,,,CA,9,17203,,0,0,0,0,0,0,7,41,0,0,6,,0,1,6,0,0,461,2680,7,41,0,0,ModerateBurden,,Moderate,Low,,0,0,,,,,,,,0,0,,,0,0,0,0,0.34,0,,,0,0,,,-0.11,0,,,0,0,1,10,0,5,1,1,1,1,,,,,,,,,,,,,,,,,,,,,,,,,,0.05,0.14,0.29,2.1,0.01,0.12,0.03,0.02,0.53,0.51,Likely Decreasing
"Waupaca County, WI",55135,Non-core,,,WI,5,50990,,0.009,0,0,0,0,0,7,14,3,5.9,-0.61,,0,18,35,0,0,6077,11918,167,328,0,45,ModerateBurden,,Moderate,Moderate,0.01,708,1389,0,1,-0.012,-0.16,0,0.01,0.022,844,1655,0,0.99,0,0,0,0,0.68,0,0.38,0,0,0,,,0.15,-0.01,0.23,0,0,0,1,20,4,2,1,1,1,1,21352,0.419,19206,0.377,47,0.012,224,0.006,31,0.003,-0.0157,-0.0038,-0.0021,629,0.167,330,0.088,20722,0.509,18876,0.464,9005,0.829,8662,0.798,0.06,0.11,0.21,2.3,0,0.03,0.01,0.01,0.18,0.13,Uncertain
"Ritchie County, WV",54085,Non-core,,,WV,3,9554,,0.005,0,0,0,0,0,7,73,0,0,-0.59,,0,17,178,0,0,754,7892,11,115,0,3,ModerateBurden,,Substantial,High,0.037,158,1654,1,0.94,-0.082,0.2,0,-0.06,0.119,132,1382,1,1,,,,,,,,,,,,,,,,,,,,,,,,,,,1909,0.2,1506,0.158,1,0.001,28,0.004,5,0.002,-0.0057,-0.0053,-0.0032,45,0.064,14,0.02,1864,0.243,1492,0.194,890,0.405,796,0.363,0.1,0.17,0.23,2.5,0,0.01,0,0,0.36,0.44,Uncertain
"Laurens County, GA",13175,Micropolitan,"Dublin, GA",Micropolitan,GA,4,47546,0.742,0.004,0,0,0,0,0,7,15,1,2.1,-0.22,,0,9,19,0,0,5620,11820,170,358,0,14,ModerateBurden,,Moderate,Moderate,0.024,179,376,0,0.97,-0.022,0.02,0,-0.01,0.045,176,370,0,0.98,0,0,0,0,0.67,0.03,0.9,0.19,0.12,0.07,-1,,0,-0.01,-0.03,0.02,0,0.02,2,167,16,43,1,0.5,1,1,6665,0.14,5993,0.126,33,0.008,234,0.007,43,0.005,-0.0005,-0.0009,0.0005,115,0.029,44,0.011,6549,0.182,5948,0.166,2412,0.281,2273,0.264,0.11,0.27,0.18,2.7,0.37,0.03,0,0.01,0.8,0.53,Uncertain
"Owen County, KY",21187,Non-core,,,KY,4,10901,,0.002,0,0,0,0,0,7,64,0,0,-0.3,,0,10,92,0,0,728,6678,13,119,0,7,ModerateBurden,,Substantial,Substantial,0.015,84,771,0,0.99,-0.083,-0.24,0,-0.01,0.098,110,1009,0,1,,,,,,,,,,,,,,,,,,,,,,,,,,,3191,0.293,2762,0.253,3,0.003,40,0.005,3,0.001,-0.0112,0.0005,0.0005,100,0.112,39,0.044,3091,0.363,2723,0.32,1228,0.59,1124,0.54,0.05,0.16,0.19,2.7,0.01,0.03,0,0,0.53,0.82,Uncertain
"Humacao Municipio, PR",72069,,"San Juan-Bayamón-Caguas, PR",Metropolitan,PR,2,,,,,0,0,0,0,7,14,0,0,-0.42,,0,12,24,0,0,2060,4067,0,0,0,,,,Moderate,Moderate,0.015,661,1305,,,-0.003,-0.27,,,0.018,909,1795,,,0,0,0,0,0.44,0,0.81,0,0.11,0,-1,-1,0.03,0,0.17,0,-0.02,0,3,280,18,51,1,1,1,1,24677,0.487,18702,0.369,190,0.053,413,0.01,45,0.004,-0.0061,-0.0067,-0.0043,1279,0.355,367,0.102,23384,0.563,18333,0.441,6598,0.56,5684,0.483,0.04,0.45,,,,,,,,,
"Juncos Municipio, PR",72077,,"San Juan-Bayamón-Caguas, PR",Metropolitan,PR,2,,,,,0,0,0,0,7,18,0,0,2.5,,0,2,5,0,0,2258,5918,0,0,0,,,,Moderate,Low,0.015,514,1347,,,0.005,-0.3,,,0.01,738,1934,,,,,,,,,,,,,,,,,,,,,,,,,,,,,17451,0.457,13042,0.342,89,0.033,323,0.01,29,0.005,-0.0434,-0.0144,-0.0179,1026,0.378,300,0.11,16420,0.524,12741,0.407,4034,0.634,3534,0.555,0.06,0.5,,,,,,,,,
"Pike County, IL",17149,Non-core,,,IL,5,15561,,0.001,0,0,0,0,0,7,45,0,0,0,-1,0,7,45,1,6.4,1807,11612,53,341,0,0,ModerateBurden,,Moderate,Moderate,0.01,289,1857,1,1,-0.009,0.04,1,0,0.019,279,1793,0,1,0,0,0,0,0.27,0,,,0,0,,,0.01,0,,,0,0,1,15,0,4,1,1,1,1,4854,0.312,4153,0.267,4,0.003,35,0.003,5,0.002,-0.0067,-0.0041,-0.0045,47,0.039,14,0.012,4804,0.399,4139,0.343,2434,0.735,2083,0.629,0.05,0.14,0.21,2.3,0.01,0.01,0,0,0.35,0.51,Uncertain
"Las Marías Municipio, PR",72083,,"Mayagüez, PR",Metropolitan,PR,2,,,,,0,0,0,0,7,88,0,0,-0.42,,0,12,151,0,0,249,3141,0,0,0,,,,High,High,0.156,37,467,,,-0.119,-0.36,,,0.275,58,732,,,,,,,,,,,,,,,,,,,,,,,,,,,,,4994,0.63,3993,0.504,10,0.018,63,0.01,12,0.007,-0.0496,-0.0081,-0.0075,229,0.405,64,0.113,4759,0.732,3929,0.604,1429,0.828,1328,0.77,0.03,0.57,,,,,,,,,
"Columbia County, AR",5027,Micropolitan,"Magnolia, AR",Micropolitan,AR,6,23457,1,0.008,0,0,3740,0.159,0,7,30,0,0,-0.22,,0,9,38,0,0,2368,10095,56,239,0,0,ModerateBurden,,Moderate,Moderate,0,29,124,0,1,-0.065,1.64,-1,0,0.065,11,47,1,1,0,0,0,0,0.4,0,0.36,0,0.04,0,,,-0.28,0,0.18,0,0.04,0,1,25,4,4,1,1,1,1,7638,0.326,6361,0.271,2,0.001,62,0.003,12,0.003,-0.0113,-0.0019,-0.0024,191,0.12,88,0.055,7438,0.4,6273,0.337,2794,0.672,2488,0.598,0.08,0.25,0.18,2.5,0.35,0.03,0,0.01,0.94,0.74,Uncertain
"James City County, VA",51095,Large fringe metro,"Virginia Beach-Norfolk-Newport News, VA-NC",Metropolitan,VA,3,76523,0.043,0.009,0,0,0,0,0,7,9,0,0,-0.67,,0,21,27,0,0,4649,6075,72,94,0,62,LowBurden,,Low,Moderate,0.013,609,796,1,0.98,-0.001,-0.05,0,0.21,0.014,641,838,1,0.77,2,1,16,9,0.58,0,0.35,0,0.18,0,0,-0.3,0.02,0,-0.02,0,0.02,0,2,184,31,54,1,1,1,1,5579,0.073,4470,0.058,29,0.005,80,0.001,9,0,0.0009,-0.0005,-0.0001,170,0.03,70,0.012,5405,0.088,4400,0.072,1720,0.087,1612,0.082,0.07,0.08,0.26,2.5,0.13,0.06,0,0.03,0.12,0.13,Uncertain
"Barton County, MO",29011,Non-core,,,MO,7,11754,,0.002,0,0,0,0,0,7,60,1,8.5,2.5,,0,2,17,0,0,1189,10116,16,136,0,0,ModerateBurden,,Substantial,High,0,75,638,0,0.98,-0.108,0.07,0,-0.02,0.108,70,596,0,1,1,9,3,26,0.83,0.01,,,0,0,,,0.06,0.01,,,0,0,1,12,0,1,1,1,1,1,2810,0.239,2426,0.206,,,33,0.004,2,0.001,-0.0039,-0.0001,-0.0016,21,0.021,9,0.009,2789,0.309,2417,0.268,1357,0.544,1220,0.489,0.1,0.22,0.21,2.4,0.01,0.03,0.01,0.01,0.6,0.59,Uncertain
"Jay County, IN",18075,Non-core,,,IN,5,20436,,0.003,0,0,0,0,0,7,34,0,0,0,-1,0,7,34,1,4.9,2004,9806,32,157,0,17,ModerateBurden,,Moderate,Moderate,0.063,79,387,1,0.92,0.003,-0.32,0,-0.05,0.061,116,568,1,0.97,5,6,0,0,0.09,0.06,,,,,0.25,-1,0.02,0.03,,,,,1,81,0,0,1,1,1,1,6104,0.299,5361,0.262,8,0.005,63,0.004,6,0.002,-0.0034,-0.002,-0.0005,123,0.071,45,0.026,5980,0.391,5316,0.348,2882,0.763,2719,0.72,0.11,0.17,0.18,2.5,0,0.03,0,0,0.67,0.76,Uncertain
"Newberry County, SC",45071,Micropolitan,"Newberry, SC",Micropolitan,SC,4,38440,1,0.007,0,0,1190,0.031,0,7,18,2,5.2,-0.63,,0,19,49,0,0,5106,13283,108,281,0,28,ModerateBurden,,Moderate,Moderate,0.019,554,1441,1,0.99,0.002,-0.09,0,0.04,0.018,611,1589,1,0.95,1,2,0,0,0.29,0.01,0.2,0,0.05,0,,,-0.01,0.01,0.02,0,-0.02,0,1,54,7,6,1,1,1,1,14955,0.389,12655,0.329,27,0.01,215,0.007,62,0.008,-0.0152,-0.0035,0.0033,299,0.108,118,0.043,14618,0.483,12523,0.414,6429,0.825,5649,0.725,0.09,0.19,0.2,2.5,0.29,0.08,0,0.01,0.92,0.63,Uncertain
"Bledsoe County, TN",47007,Non-core,,,TN,4,15064,,0.002,0,0,0,0,0,7,46,0,0,0,,0,7,46,0,0,2192,14551,11,73,0,18,ModerateBurden,,Moderate,Moderate,0.021,140,929,2.5,0.52,-0.01,-0.26,1.5,-0.45,0.031,190,1261,1,0.98,0,0,0,0,0.2,0,,,0,0,,,0.03,0,,,0,0,1,26,0,8,1,1,1,1,3891,0.258,3226,0.214,5,0.006,27,0.002,3,0.001,-0.0036,-0.001,-0.0032,34,0.041,12,0.014,3855,0.299,3214,0.25,1689,0.595,1461,0.515,0.13,0.2,0.19,2.8,0.08,0.03,0.01,0,0.82,0.83,Uncertain
"Harrison County, MO",29081,Non-core,,,MO,7,8352,,0.001,0,0,0,0,0,7,84,0,0,6,,0,1,12,0,0,892,10680,14,168,0,0,ModerateBurden,,Substantial,Moderate,0.086,83,994,1,1,0.051,1.08,0,0,0.035,40,479,1,1,0,0,6,50,0.52,0,,,0,0,-1,-0.14,0.11,-0.02,,,0,0,1,12,0,3,1,1,1,1,2241,0.268,1953,0.234,3,0.004,14,0.002,4,0.002,0.0027,-0.0011,0.0005,18,0.024,5,0.007,2223,0.351,1948,0.308,1099,0.577,997,0.523,0.14,0.19,0.23,2.3,0.01,0.03,0,0,0.74,0.9,Uncertain
"Wadena County, MN",27159,Non-core,,,MN,5,13682,,0.002,0,0,0,0,0,7,51,0,0,-0.61,,0,18,132,0,0,1612,11782,22,161,0,28,ModerateBurden,,Substantial,High,0.025,199,1454,1,0.98,-0.066,-0.4,1,-0.02,0.091,330,2412,0,0.99,1,4,0,0,0.25,0.02,0.07,0,0,0,-0.5,,-0.13,-0.05,0,0,0,0,1,25,2,4,1,1,1,1,5701,0.417,4902,0.358,13,0.011,37,0.004,8,0.003,0.0057,-0.0025,-0.0014,112,0.092,65,0.053,5586,0.551,4837,0.477,2779,0.951,2316,0.793,0.06,0.15,0.21,2.3,0.01,0.02,0.01,0.01,0.66,0.33,Uncertain
"Lincoln County, MS",28085,Micropolitan,"Brookhaven, MS",Micropolitan,MS,4,34153,1,0.011,0,0,0,0,0,7,20,0,0,0,,0,7,20,0,0,4003,11721,111,325,0,21,ModerateBurden,,Moderate,Moderate,0.014,73,214,0.5,1,0.014,0.7,0.5,0,0,43,126,0,1,1,1,4,6,0.46,0.02,0.45,0.09,0.06,0,-0.5,0.33,0,-0.01,0.02,0.04,-0.01,0,1,69,8,22,1,1,1,1,9010,0.264,7407,0.217,42,0.015,150,0.006,23,0.004,0.0134,0.0042,0.003,105,0.038,28,0.01,8902,0.34,7379,0.282,3810,0.639,3375,0.566,0.13,0.22,0.17,2.6,0.3,0.01,0,0,0.76,0.62,Uncertain
"Jefferson County, TN",47089,Small metro,"Morristown, TN",Metropolitan,TN,4,54495,0.382,0.008,0,0,1839,0.034,0,7,13,0,0,0.4,,0,5,9,0,0,6287,11537,125,229,0,25,ModerateBurden,,Moderate,Moderate,0.028,76,139,1,1,-0.023,-0.52,0,0,0.051,160,294,1,1,2,3,0,0,0.49,0.03,0.6,0.02,0.19,0,1,,0.07,0.03,0.02,0.02,-0.05,0,1,58,6,10,1,1,1,1,20040,0.368,16809,0.308,37,0.01,150,0.003,25,0.002,-0.0073,-0.0036,-0.0031,372,0.097,151,0.04,19667,0.446,16658,0.378,8503,0.764,7730,0.694,0.1,0.14,0.2,2.6,0.02,0.04,0,0.01,0.56,0.75,Uncertain
"Leake County, MS",28079,Non-core,,,MS,4,22786,,0.008,0,0,0,0,0,7,31,0,0,-0.12,,0,8,35,0,0,2713,11906,74,325,0,17,ModerateBurden,,Moderate,Moderate,0.028,79,347,0,1,-0.007,-0.06,0,0,0.035,84,369,0,1,0,0,0,0,0.42,0.03,,,0,0,,,-0.07,-0.04,,,0,0,1,40,0,1,1,1,1,1,6981,0.306,5589,0.245,37,0.016,147,0.009,15,0.004,0.0094,0.0062,0.001,132,0.056,44,0.019,6849,0.403,5545,0.326,2729,0.716,2429,0.638,0.16,0.26,0.17,2.7,0.42,0.05,0.06,0,0.99,0.98,Uncertain
"Hamblen County, TN",47063,Small metro,"Morristown, TN",Metropolitan,TN,4,64934,0.455,0.01,0,0,0,0,0,7,11,0,0,,,0,0,0,0,0,8639,13304,174,268,0,40,ModerateBurden,,Moderate,Low,0.017,119,183,1,1,-0.013,-0.41,0,0,0.03,201,310,1,1,0,0,0,0,0.86,0.03,0.96,0.1,0.17,0.02,-1,,0.02,0.01,-0.02,0.1,-0.02,0.02,1,106,12,44,1,1,1,1,19733,0.304,16532,0.255,21,0.004,153,0.003,13,0.001,-0.0031,-0.0035,-0.0027,329,0.063,148,0.028,19402,0.388,16384,0.328,7721,0.643,7018,0.584,0.11,0.2,0.19,2.6,0.04,0.12,0,0.01,0.81,0.72,Uncertain
"Upson County, GA",13293,Micropolitan,"Thomaston, GA",Micropolitan,GA,4,26320,1,0.002,0,0,0,0,0,7,27,0,0,-0.36,-1,0,11,42,2,7.6,3501,13302,131,498,0,31,ModerateBurden,,Moderate,Moderate,0,161,612,0,0.98,-0.031,-0.24,0,0,0.031,213,809,0,0.98,4,6,0,0,0.87,0.07,0.97,0.05,0.35,0.03,0.34,,-0.04,0.01,0.01,-0.14,-0.09,-0.05,1,62,8,14,1,1,1,1,7388,0.281,6597,0.251,30,0.015,137,0.007,25,0.005,0.0056,0.0006,0.0025,109,0.055,41,0.021,7277,0.357,6556,0.322,3058,0.626,2879,0.59,0.13,0.22,0.19,2.5,0.28,0.02,0,0.01,0.85,0.69,Uncertain
"Minidoka County, ID",16067,Micropolitan,"Burley, ID",Micropolitan,ID,10,21039,0.467,0.012,0,0,0,0,0,7,33,0,0,,,0,0,0,0,0,2348,11160,33,157,0,0,ModerateBurden,,Moderate,Low,0.035,83,395,1,0.94,0.035,0.09,0,-0.04,0,76,361,1,0.98,0,0,0,0,0.36,0,0.57,0,0,0,,,-0.03,0,0.57,0,0,0,1,23,1,3,1,1,1,1,5717,0.272,5018,0.239,,,68,0.005,8,0.002,0,-0.0028,-0.0029,7,0.004,1,0.001,5710,0.38,5017,0.334,2087,0.611,1959,0.573,0.2,0.19,0.16,2.8,0,0.36,0.01,0,0.68,0.51,Uncertain
"Geneva County, AL",1061,Small metro,"Dothan, AL",Metropolitan,AL,4,26271,0.176,0.005,0,0,0,0,0,7,27,0,0,0.17,,0,6,23,0,0,2566,9767,81,308,0,13,ModerateBurden,,Moderate,Moderate,0.034,103,392,0,0.98,0.004,0.14,0,0,0.031,90,343,0,0.98,0,0,0,0,0.4,0,0.31,0,0,0,-1,,0.05,-0.02,0.17,-0.07,0,0,1,52,6,4,1,1,1,1,7181,0.273,5928,0.226,,,31,0.002,4,0.001,0,-0.0022,-0.0015,26,0.012,9,0.004,7155,0.349,5919,0.289,3639,0.671,3155,0.582,0.14,0.24,0.21,2.5,0.09,0.04,0.01,0,0.8,0.88,Uncertain
"Lincoln County, SD",46083,Small metro,"Sioux Falls, SD",Metropolitan,SD,8,61128,0.228,0.069,0,0,0,0,0,7,11,1,1.6,-0.36,,0,11,18,0,0,8716,14259,78,128,0,53,ModerateBurden,,Moderate,Moderate,0.051,298,488,0,1,0.01,-0.27,0,0,0.042,408,667,0,1,0,0,0,0,0.21,0,,,,,,,-0.04,0,,,,,1,11,0,0,1,1,1,1,19717,0.323,19956,0.326,106,0.019,149,0.003,7,0.001,-0.0244,-0.0011,0,1514,0.271,587,0.105,18203,0.412,19369,0.438,2363,0.289,4121,0.503,0.05,0.04,0.13,2.8,0.02,0.02,0.01,0.01,0.02,0.1,Uncertain
"Aiken County, SC",45003,Medium metro,"Augusta-Richmond County, GA-SC",Metropolitan,SC,4,170872,0.281,0.033,0.001,0,2714,0.016,0,7,4,0,0,-0.83,,0,42,25,0,0,17505,10245,226,132,0,35,LowBurden,,Low,Moderate,0.024,962,563,1,0.97,-0.023,-0.33,0,-0.01,0.048,1434,839,1,0.98,4,3,7,5,0.75,0.02,0.51,0.05,0.17,0.03,,2.5,0.04,0.01,-0.14,0.04,0.01,0.03,1,155,21,32,1,1,1,1,59517,0.348,49967,0.292,157,0.012,830,0.006,171,0.005,-0.0016,-0.0015,0.0001,1228,0.095,526,0.041,58220,0.433,49422,0.368,23541,0.693,21020,0.618,0.11,0.16,0.2,2.5,0.25,0.06,0,0.01,0.67,0.54,Uncertain
"Washington County, GA",13303,Non-core,,,GA,4,20374,,0.002,0,0,0,0,0,7,34,0,0,1.33,,0,3,15,0,0,2063,10126,88,432,0,22,ModerateBurden,,Moderate,Moderate,0.04,38,187,0,0.84,-0.033,-0.47,0,-0.07,0.073,72,353,0,0.91,0,0,0,0,0.21,0.01,0.02,0,0,0,-1,,0.01,0.01,0,0,-0.05,0,1,25,6,3,1,1,1,1,1460,0.072,1249,0.061,11,0.007,39,0.002,3,0.001,-0.004,-0.0003,-0.0006,35,0.023,9,0.006,1425,0.089,1240,0.078,659,0.182,597,0.165,0.12,0.27,0.18,2.5,0.53,0.03,0,0.01,0.95,0.97,Uncertain
"Mississippi County, MO",29133,Non-core,,,MO,7,13180,,0.002,0,0,0,0,0,7,53,0,0,-0.46,,0,13,99,0,0,1485,11267,28,212,0,1,ModerateBurden,,High,Substantial,0.133,47,357,1,0.86,0.112,-0.02,-1,-0.14,0.021,48,364,2,1,,,,,,,,,,,,,,,,,,,,,,,,,,,4479,0.34,3827,0.29,1,0.001,33,0.003,5,0.002,-0.0092,-0.0007,0.0004,34,0.035,15,0.015,4445,0.426,3812,0.365,1721,0.719,1445,0.604,0.14,0.25,0.18,2.4,0.25,0.02,0,0,0.91,0.96,Uncertain
"Unallocated, AR",5000,,,,AR,6,,,,,,,,0,7,,0,,-0.87,,0,55,,0,,2913,,0,,0,,,,,,0.016,66,,0,1,0.016,0.83,,,0,36,,,,,,,,,,,,,,,,,,,,,,,,,,,,,,178766,,107920,,196,,1352,,230,,,,,2530,,925,,175112,,106925,,52906,,31368,,,,,,,,,,,,
"DeKalb County, TN",47041,Non-core,,,TN,4,20490,,0.003,0,0,0,0,0,7,34,0,0,0.75,,0,4,20,0,0,2827,13797,54,264,0,30,ModerateBurden,,Moderate,Moderate,0,68,332,1,1,-0.038,-0.39,0,0.04,0.038,112,547,1,0.96,0,0,0,0,0.32,0,,,0,0,,,0.02,-0.01,,,0,0,1,18,0,2,1,1,1,1,6069,0.296,4988,0.243,7,0.005,54,0.003,4,0.001,-0.0013,-0.0007,-0.0016,65,0.042,23,0.015,6000,0.373,4965,0.309,2625,0.681,2349,0.609,0.12,0.18,0.19,2.6,0.01,0.09,0,0.01,0.43,0.29,Uncertain
"Franklin County, IA",19069,Non-core,,,IA,7,10070,,0.003,0,0,0,0,0,7,70,1,9.9,1.33,,0,3,30,0,0,1232,12234,22,218,0,17,ModerateBurden,,Substantial,Moderate,0.02,191,1897,2,0.98,0.003,-0.38,0,0.02,0.017,306,3039,2,0.96,0,0,0,0,0.66,0,,,0,0,,,0.13,0,,,-0.14,0,1,10,0,3,1,1,1,1,4320,0.429,4003,0.398,16,0.019,30,0.004,5,0.002,-0.025,-0.0012,0.0005,112,0.133,27,0.032,4208,0.545,3976,0.515,1798,0.836,1735,0.806,0.04,0.13,0.21,2.4,0.01,0.13,0,0.01,0.2,0.54,Uncertain
"Langlade County, WI",55067,Non-core,,,WI,5,19189,,0.003,0,0,0,0,0,7,36,3,15.6,-0.36,2,0,11,57,1,5.2,2201,11470,50,261,0,0,ModerateBurden,,Moderate,Substantial,0.035,200,1042,1,1,-0.014,-0.03,0.5,0,0.049,206,1074,0.5,1,2,6,1,3,0.33,0.02,0.18,0,0,0,,-0.67,-0.11,-0.02,-0.07,0,0,0,1,36,4,3,1,1,1,1,8238,0.429,7439,0.388,8,0.006,76,0.005,10,0.002,-0.0058,-0.0035,-0.0044,129,0.094,58,0.042,8109,0.525,7381,0.478,3789,0.8,3676,0.776,0.07,0.14,0.25,2.2,0.01,0.02,0.01,0.01,0.35,0.19,Uncertain
"Union County, MS",28145,Non-core,,,MS,4,28815,,0.01,0,0,0,0,0,7,24,0,0,-0.46,,0,13,45,0,0,4151,14406,76,264,0,19,ModerateBurden,,Moderate,Moderate,0.031,117,406,0,1,-0.025,-0.09,0,0,0.056,129,448,0,1,1,1,0,0,0.21,0.01,0.19,0,0.15,0,-0.5,,0.01,0,-0.04,0,0.06,0,1,114,8,5,1,1,1,1,7852,0.272,6380,0.221,20,0.008,119,0.006,24,0.005,0.0064,0.003,0.0037,84,0.034,24,0.01,7768,0.36,6356,0.294,3325,0.684,2923,0.602,0.11,0.16,0.17,2.8,0.15,0.04,0,0.01,0.83,0.32,Uncertain
"Lake County, CO",8065,Non-core,,,CO,8,8127,,0.001,0,0,0,0,0,7,86,0,0,-0.36,,0,11,135,0,0,816,10041,0,0,0,0,ModerateBurden,,Substantial,High,0.057,37,455,0,1,0.025,-0.12,0,0,0.032,42,517,0,1,1,17,0,0,0.26,0,,,0,0,-0.74,,-0.12,-0.09,,,0,0,1,6,0,5,1,1,1,1,2947,0.363,2633,0.324,10,0.018,32,0.005,1,0.001,-0.0475,-0.0136,-0.0034,182,0.333,88,0.161,2757,0.423,2544,0.39,119,0.1,322,0.271,0.15,0.17,0.15,2.2,0.01,0.35,0.01,0.01,0.45,0.39,Uncertain
"Lake County, TN",47095,Non-core,,,TN,4,7016,,0.001,0,0,0,0,0,7,100,0,0,6,,0,1,14,0,0,1718,24487,26,371,0,0,ModerateBurden,,High,Moderate,0.375,18,257,0.5,1,0.375,-0.54,-1.5,0,0,39,556,2,1,,,,,,,,,,,,,,,,,,,,,,,,,,,1726,0.246,1428,0.204,,,13,0.002,3,0.003,-0.0115,0,0.0009,13,0.037,,,1712,0.285,1428,0.238,733,0.624,630,0.536,0.1,0.27,0.17,2.2,0.28,0.03,0,0,0.92,0.99,Uncertain
"Latah County, ID",16057,Micropolitan,"Moscow, ID",Micropolitan,ID,10,40108,1,0.022,0,1,8436,0.21,0,7,17,1,2.5,0.4,,0,5,12,0,0,3203,7986,11,27,0,38,ModerateBurden,,Moderate,Moderate,0.023,162,404,0,0.99,-0.042,-0.13,-1,-0.01,0.065,186,464,1,0.99,0,0,0,0,0.46,0.01,0.31,0,0.17,0,-1,,0,-0.05,0,-0.05,-0.23,-0.07,1,25,6,4,1,1,1,1,17955,0.448,15903,0.397,8,0.003,166,0.005,16,0.003,0.0004,-0.0038,-0.0032,141,0.059,15,0.006,17814,0.544,15888,0.486,4919,0.871,4710,0.834,0.07,0.21,0.14,2.3,0.01,0.05,0.01,0.02,0.25,0.08,Uncertain
"Elk County, PA",42047,Non-core,"St. Marys, PA",Micropolitan,PA,3,29910,1,0.002,0,0,0,0,0,7,23,1,3.3,1.33,,0,3,10,0,0,2866,9582,40,134,0,52,ModerateBurden,,Moderate,Moderate,0.025,137,458,0,0.99,0.011,-0.03,0,0,0.014,141,471,0,0.99,0,0,0,0,0.55,0,0.19,0,0,0,-1,,0.08,-0.02,-0.14,0,0,0,1,21,7,7,1,1,1,1,15083,0.504,13217,0.442,24,0.012,93,0.004,15,0.002,-0.0147,-0.0046,-0.0031,235,0.115,94,0.046,14848,0.614,13123,0.543,5933,0.881,5451,0.809,0.03,0.1,0.23,2.2,0,0.01,0,0,0.12,0.44,Uncertain
"Wilkes County, GA",13317,Non-core,,,GA,4,9777,,0.001,0,0,0,0,0,7,72,0,0,2.5,-1,0,2,20,1,10.2,1099,11241,30,307,0,8,ModerateBurden,,High,Moderate,0.167,41,419,0,0.86,0.167,0.02,0,0.13,0,40,409,0,0.73,0,0,0,0,0.39,0,,,0,0,,,-0.04,0,,,0,0,1,19,0,2,1,1,1,1,837,0.086,833,0.085,6,0.008,29,0.004,3,0.001,0.0041,-0.0027,-0.0039,19,0.026,11,0.015,818,0.106,822,0.106,397,0.171,416,0.179,0.16,0.24,0.24,2.5,0.41,0.05,0,0.01,0.76,0.93,Uncertain
"Morehouse Parish, LA",22067,Micropolitan,"Monroe, LA",Metropolitan,LA,6,24874,0.124,0.005,0,0,0,0,0,6,24,0,0,-0.25,,0,8,32,0,0,2859,11494,78,314,0,30,ModerateBurden,,Moderate,Moderate,0.015,354,1423,1,0.94,0.004,0.18,0,-0.05,0.011,300,1206,1,0.98,0,0,0,0,1,0,,,0,0,,,0,0,,,0,0,1,5,0,21,1,1,1,1,7897,0.317,6826,0.274,9,0.005,94,0.005,24,0.005,-0.0085,-0.0006,0.0004,88,0.044,30,0.015,7809,0.414,6796,0.361,3478,0.722,3139,0.652,0.12,0.28,0.19,2.6,0.48,0.02,0,0,0.88,0.7,Uncertain
"Glades County, FL",12043,Non-core,,,FL,4,13811,,0.001,0,0,0,0,0,6,43,0,0,-0.25,,0,8,58,0,0,986,7139,19,138,0,0,ModerateBurden,,Moderate,Substantial,0.033,35,253,,,-0.014,0.13,,,0.048,31,224,,,,,,,,,,,,,,,,,,,,,,,,,,,,,3221,0.233,2871,0.208,3,0.004,57,0.005,13,0.003,0,0.0003,0,20,0.026,2,0.003,3201,0.271,2869,0.243,1492,0.392,1467,0.385,0.2,0.17,0.28,2.7,0.13,0.22,0.04,0.01,0.9,0.95,Uncertain
"Brooks County, GA",13027,Small metro,"Valdosta, GA",Metropolitan,GA,4,15457,0.105,0.001,0,0,0,0,0,6,39,0,0,1,,0,3,19,0,0,1415,9154,48,311,0,8,ModerateBurden,,Moderate,Moderate,0.077,70,453,0,0.91,0.064,-0.17,0,0,0.013,84,543,0,0.91,0,0,0,0,0.27,0,,,0,0,-1,-1,0.01,0,,,0,0,1,25,0,1,1,1,1,1,3645,0.236,3203,0.207,11,0.01,80,0.007,6,0.002,0.0072,0.0014,0.0003,39,0.035,18,0.016,3606,0.297,3185,0.263,1601,0.519,1500,0.486,0.21,0.27,0.2,2.4,0.35,0.06,0,0.01,0.84,0.96,Uncertain
"Wayne County, WV",54099,Medium metro,"Huntington-Ashland, WV-KY-OH",Metropolitan,WV,3,39402,0.111,0.022,0,0,0,0,0,6,15,0,0,-0.7,,0,20,51,0,0,3170,8045,41,104,0,26,ModerateBurden,,Moderate,Substantial,0.011,395,1002,2,0.96,-0.036,-0.21,0,0.01,0.048,497,1261,2,0.95,,,,,,,,,,,,,,,,,,,,,,,,,,,12220,0.31,9935,0.252,19,0.007,146,0.005,31,0.004,-0.0144,-0.0039,-0.0019,265,0.091,84,0.029,11949,0.38,9851,0.313,4800,0.561,4265,0.498,0.08,0.22,0.22,2.6,0.01,0.01,0,0,0.6,0.31,Uncertain
"Sullivan County, IN",18153,Small metro,"Terre Haute, IN",Metropolitan,IN,5,20669,0.111,0.003,0,0,0,0,0,6,29,1,4.8,0.5,,0,4,19,0,0,2135,10329,43,208,0,23,ModerateBurden,,Moderate,Moderate,0.064,70,339,1,0.95,-0.003,-0.33,0,0.03,0.068,105,508,1,0.92,2,5,0,0,0.25,0.02,0.07,0,0,0,,,-0.05,0.02,-0.18,0,0,0,1,40,4,36,1,1,1,1,7607,0.368,6462,0.313,11,0.008,58,0.003,7,0.002,0.003,-0.0011,0.0003,80,0.059,38,0.028,7527,0.45,6424,0.384,2885,0.755,2763,0.723,0.12,0.13,0.18,2.4,0.05,0.02,0,0,0.64,0.66,Uncertain
"Holmes County, MS",28051,Non-core,"Jackson, MS",Metropolitan,MS,4,17010,0.029,0.006,0,0,0,0,0,6,35,0,0,5,,0,1,6,0,0,1902,11182,74,435,0,0,ModerateBurden,,Moderate,Low,0.03,69,406,0,1,0.016,0,-1,0.01,0.014,69,406,1,0.99,0,0,0,0,0.6,0,,,0,0,,-1,0.22,0,,,0,0,1,14,0,1,1,1,1,1,6621,0.389,5236,0.308,31,0.021,86,0.007,15,0.006,0.0053,0.0034,0.0045,118,0.079,37,0.025,6502,0.51,5199,0.408,2219,0.831,1955,0.732,0.18,0.44,0.16,2.8,0.82,0.01,0,0,0.98,0.94,Uncertain
"Gilchrist County, FL",12041,Medium metro,"Gainesville, FL",Metropolitan,FL,4,18582,0.056,0.001,0,0,0,0,0,6,32,0,0,0.2,,0,5,27,0,0,1640,8826,44,237,0,42,ModerateBurden,,Moderate,Moderate,0.033,167,899,,,0.017,-0.04,,,0.017,174,936,,,,,,,,,,,,,,,,,,,,,,,,,,,,,4711,0.254,3951,0.213,9,0.007,63,0.004,13,0.003,-0.008,-0.003,-0.0034,65,0.052,24,0.019,4646,0.312,3927,0.264,2356,0.614,2082,0.542,0.18,0.18,0.21,2.5,0.05,0.06,0,0.01,0.76,0.69,Uncertain
"Pointe Coupee Parish, LA",22077,Medium metro,"Baton Rouge, LA",Metropolitan,LA,6,21730,0.025,0.005,0,0,0,0,0,6,28,0,0,2,-1,0,2,9,1,4.6,2678,12324,75,345,0,38,ModerateBurden,,Moderate,Low,0.038,101,465,0,1,0.006,-0.26,0,0,0.032,136,626,0,1,0,0,0,0,0.24,0,,,0,0,,,0.02,0,,,0,0,1,23,0,6,1,1,1,1,7925,0.365,7279,0.335,21,0.013,95,0.006,17,0.004,0.0076,-0.0002,-0.0002,95,0.06,46,0.029,7830,0.458,7233,0.423,3304,0.711,3211,0.691,0.13,0.18,0.21,2.5,0.35,0.03,0,0,0.85,0.87,Uncertain
"Madison County, GA",13195,Small metro,"Athens-Clarke County, GA",Metropolitan,GA,4,29880,0.14,0.003,0,0,0,0,0,6,20,1,3.3,2,,0,2,7,0,0,3265,10927,57,191,0,22,ModerateBurden,,Moderate,Low,0.027,145,485,0,0.95,0.004,-0.29,0,0,0.022,205,686,0,0.96,,,,,,,,,,,,,,,,,,,,,,,,,,,4228,0.141,3948,0.132,48,0.02,180,0.008,21,0.004,0.0092,0.0017,0.0004,106,0.044,58,0.024,4122,0.179,3890,0.169,1629,0.313,1610,0.31,0.14,0.17,0.17,2.7,0.09,0.06,0,0.02,0.64,0.76,Uncertain
"Shelby County, MO",29205,Non-core,,,MO,7,5930,,0.001,0,0,0,0,0,6,101,0,0,-0.67,,0,18,304,0,0,667,11248,7,118,0,7,ModerateBurden,,High,High,0.2,14,236,0,1,-0.014,-0.22,-0.5,0,0.214,18,304,0.5,1,,,,,,,,,,,,,,,,,,,,,,,,,,,2130,0.359,1952,0.329,1,0.002,12,0.003,,,-0.004,0,0,12,0.024,6,0.012,2118,0.471,1946,0.433,1023,0.793,972,0.753,0.13,0.15,0.22,2.4,0.01,0.02,0,0,0.4,0.87,Uncertain
"Holmes County, FL",12059,Non-core,,,FL,4,19617,,0.001,0,0,0,0,0,6,31,0,0,0.5,,0,4,20,0,0,2285,11648,49,250,0,21,ModerateBurden,,Substantial,Moderate,0.085,51,260,,,0.032,-0.28,,,0.053,71,362,,,0,0,0,0,0.44,0,,,0,0,-1,,-0.16,-0.04,,,0,0,1,20,0,5,1,1,1,1,4684,0.239,3728,0.19,6,0.004,51,0.003,4,0.001,0.0014,-0.0002,-0.0028,24,0.017,7,0.005,4656,0.298,3720,0.238,2320,0.592,1919,0.489,0.19,0.26,0.2,2.5,0.07,0.03,0.01,0.01,0.93,0.89,Uncertain
"Ben Hill County, GA",13017,Micropolitan,"Fitzgerald, GA",Micropolitan,GA,4,16700,1,0.002,0,0,0,0,0,6,36,0,0,-0.6,-1,0,15,90,2,12,2112,12647,81,485,0,0,ModerateBurden,,Moderate,Substantial,0.026,46,275,0,0.95,-0.011,-0.58,0,0.05,0.037,109,653,0,0.9,4,9,0,0,0.33,0.02,0.63,0,0.05,0,0.33,,0.05,0.02,0.03,0,0.02,0,1,46,5,6,1,1,1,1,851,0.051,789,0.047,14,0.01,33,0.003,5,0.002,0.0063,-0.0011,0.0007,28,0.02,12,0.008,823,0.065,777,0.062,307,0.103,295,0.099,0.17,0.32,0.18,2.6,0.37,0.06,0,0.01,0.87,0.78,Uncertain
"Chowan County, NC",37041,Non-core,,,NC,4,13943,,0.001,0,0,0,0,0,6,43,8,57.4,0,,0,6,43,0,0,1486,10658,31,222,0,2,ModerateBurden,,Moderate,Moderate,0.016,165,1183,1,1,-0.058,-0.38,0,0,0.074,267,1915,1,1,2,7,0,0,0.63,0.03,0.86,0.11,0,0,0,,-0.13,0.02,-0.14,0.11,0,0,1,29,4,4,1,1,1,1,5943,0.426,4376,0.314,6,0.006,53,0.005,14,0.004,-0.002,0.0021,0.0014,42,0.042,21,0.021,5898,0.528,4354,0.39,2816,0.8,2131,0.605,0.12,0.2,0.25,2.3,0.34,0.04,0,0.01,0.81,0.91,Uncertain
"Wilkinson County, GA",13319,Non-core,,,GA,4,8954,,0.001,0,0,0,0,0,6,67,0,0,,,0,0,0,0,0,940,10498,27,302,0,9,ModerateBurden,,Substantial,Low,0.056,63,704,0,0.97,0.056,-0.1,0,0.02,0,70,782,0,0.95,,,,,,,,,,,,,,,,,,,,,,,,,,,1183,0.132,999,0.112,16,0.022,62,0.009,7,0.004,0.0067,0.004,-0.0017,38,0.051,20,0.027,1145,0.165,979,0.141,464,0.257,415,0.23,0.1,0.25,0.2,2.8,0.38,0.03,0,0,0.79,0.96,Uncertain
"Dixie County, FL",12029,Non-core,,,FL,4,16826,,0.001,0,0,0,0,0,6,36,0,0,0.2,,0,5,30,0,0,1631,9693,24,143,0,32,ModerateBurden,,Moderate,Moderate,0.044,164,975,,,-0.008,0.01,,,0.053,162,963,,,,,,,,,,,,,,,,,,,,,,,,,,,,,4736,0.281,3464,0.206,,,63,0.005,14,0.004,-0.0047,0,-0.0015,22,0.021,9,0.008,4714,0.343,3455,0.251,2510,0.63,2136,0.536,0.17,0.23,0.24,2.3,0.09,0.04,0.01,0,0.9,0.93,Uncertain
"Fulton County, IL",17057,Micropolitan,"Peoria, IL",Metropolitan,IL,5,34340,0.086,0.003,0,0,0,0,0,6,17,0,0,-0.74,-1,0,23,67,1,2.9,4043,11773,59,172,0,52,ModerateBurdenResolving,,Moderate,Substantial,0.004,842,2452,0,1,-0.006,-0.38,0,0,0.01,1353,3940,0,1,0,0,0,0,0.57,0,0.45,0,0,0,-1,,0.02,-0.01,-0.21,0,0,0,1,48,6,10,1,1,1,1,15534,0.452,12322,0.359,46,0.019,129,0.005,15,0.002,-0.0127,-0.0038,-0.0019,462,0.189,185,0.076,15060,0.544,12137,0.439,6120,0.841,5208,0.716,0.06,0.17,0.21,2.3,0.04,0.03,0,0,0.58,0.79,Uncertain
"Unallocated, PR",72000,,,,PR,2,,,,,,,,0,6,,17,,-0.6,-0.32,0,15,,25,,4313,,2522,,0,,,,,,0.071,47,,,,0.049,-0.6,,,0.023,118,,,,,,,,,,,,,,,,,,,,,,,,,,,,,,83481,,51627,,346,,1789,,286,,,,,3034,,813,,80398,,50808,,26888,,19106,,,,,,,,,,,,
"Lowndes County, AL",1085,Medium metro,"Montgomery, AL",Metropolitan,AL,4,9726,0.026,0.002,0,0,0,0,0,6,62,0,0,,-1,0,0,0,1,10.3,1418,14579,54,555,0,12,ModerateBurden,,Substantial,High,0.012,46,473,2,0.69,-0.104,-0.6,1,-0.23,0.117,114,1172,1,0.92,,,,,,,,,,,,,,,,,,,,,,,,,,,3706,0.381,2664,0.274,,,15,0.002,2,0.001,0,-0.0018,-0.0036,30,0.045,8,0.012,3674,0.484,2656,0.35,1505,0.783,1104,0.575,0.09,0.28,0.2,2.4,0.72,0.02,0,0,0.92,0.94,Uncertain
"Chickasaw County, MS",28017,Non-core,,,MS,4,17103,,0.006,0,0,0,0,0,6,35,0,0,1,,0,3,18,0,0,2101,12284,59,345,0,10,ModerateBurden,,Moderate,Moderate,0,25,146,0,1,-0.037,-0.17,0,0,0.037,30,175,0,1,0,0,0,0,0.42,0,,,0,0,,,-0.02,0,,,0,0,1,23,0,2,1,1,1,1,5610,0.328,4596,0.269,12,0.008,82,0.006,11,0.004,0.0085,0.0046,0.003,43,0.03,19,0.013,5566,0.434,4577,0.356,2401,0.8,2119,0.706,0.14,0.21,0.18,2.6,0.44,0.05,0,0,0.91,0.87,Uncertain
"Hardin County, OH",39065,Non-core,,,OH,5,31365,,0.003,0,0,2846,0.091,0,6,19,0,0,0,,0,6,19,0,0,2745,8752,65,207,0,42,ModerateBurden,,Moderate,Moderate,0.009,221,705,1,0.99,-0.015,-0.4,0,-0.01,0.024,369,1176,1,1,2,13,0,0,0.32,0.04,0,0,0,0,1.15,,-0.01,0,0,0,-0.14,-0.11,1,16,5,4,1,1,1,1,8730,0.278,8451,0.269,22,0.009,87,0.004,12,0.002,-0.0059,-0.0015,-0.0027,174,0.068,66,0.026,8556,0.355,8385,0.348,3551,0.695,3567,0.698,0.09,0.17,0.16,2.5,0.01,0.02,0,0.01,0.47,0.62,Uncertain
"Washburn County, WI",55129,Non-core,,,WI,5,15720,,0.003,0,0,0,0,0,6,38,0,0,0.2,-1,0,5,32,1,6.4,1587,10095,23,146,0,22,ModerateBurden,,High,Moderate,0.116,161,1024,1,1,0.053,-0.35,0,0.01,0.063,246,1565,1,0.99,2,6,0,0,0.34,0,,,0,0,,,0.09,0,,,0,0,2,33,0,5,1,1,1,1,8435,0.537,7683,0.489,31,0.028,58,0.005,13,0.003,-0.034,-0.0042,-0.0042,213,0.196,75,0.069,8221,0.644,7607,0.596,4060,0.943,3877,0.901,0.06,0.13,0.27,2.2,0,0.02,0.02,0.01,0.11,0.12,Uncertain
"Appomattox County, VA",51011,Medium metro,"Lynchburg, VA",Metropolitan,VA,3,15911,0.06,0.002,0,0,0,0,0,6,38,1,6.3,-0.65,,0,17,107,0,0,1622,10194,26,163,0,0,ModerateBurden,,Moderate,High,0.077,54,339,0,1,-0.009,-0.25,-1,0,0.086,72,453,1,1,,,,,,,,,,,,,,,,,,,,,,,,,,,292,0.018,206,0.013,,,,,,,,-0.0001,0,,,1,0.001,292,0.023,205,0.016,123,0.037,99,0.029,0.08,0.14,0.21,2.5,0.18,0.02,0,0,0.36,0.65,Uncertain
"Lincoln County, ME",23015,Non-core,,,ME,1,34634,,0.026,0,0,0,0,0,6,17,0,0,-0.71,,0,21,61,0,0,1068,3084,3,9,0,24,ModerateBurden,,Moderate,Substantial,0.009,660,1906,0,0.97,-0.008,-0.25,0,0.03,0.017,884,2552,0,0.94,0,0,8,26,0.82,0,0.93,0,0,0,,0,0.12,0,0.18,0,0,0,1,31,4,9,1,1,1,1,23387,0.675,20754,0.599,60,0.029,315,0.011,34,0.003,0.0175,0.0026,0.0006,970,0.471,304,0.148,22415,0.778,20450,0.71,9416,0.964,9003,0.922,0.1,0.12,0.28,2.2,0.01,0.01,0,0.01,0.11,0.27,Uncertain
"Adams County, WI",55001,Non-core,,,WI,5,20220,,0.003,0,0,0,0,0,6,30,1,4.9,,,0,0,0,0,0,1956,9674,19,94,0,20,ModerateBurden,,Moderate,Low,0.022,320,1583,1,0.99,0.004,-0.21,0,0.02,0.018,405,2003,1,0.98,0,0,0,0,0.47,0,,,0,0,,,0.11,-0.04,,,0,0,1,10,0,3,1,1,1,1,9092,0.45,8225,0.407,16,0.015,101,0.006,14,0.002,0.0073,-0.002,-0.0033,112,0.102,48,0.044,8980,0.517,8177,0.471,4283,0.702,4063,0.666,0.05,0.15,0.3,2.2,0.03,0.04,0.01,0.01,0.57,0.3,Uncertain
"Harvey County, KS",20079,Medium metro,"Wichita, KS",Metropolitan,KS,7,34429,0.054,0.012,0,0,807,0.023,0,6,17,2,5.8,-0.5,1,0,12,35,1,2.9,3684,10700,72,209,0,24,ModerateBurden,,Moderate,Moderate,0,56,163,0,0.98,-0.054,-0.78,0,0,0.054,250,726,0,0.99,1,1,0,0,0.32,0,0.24,0,0.08,0,-0.01,,-0.03,0,-0.31,0,-0.14,0,1,95,6,13,1,1,1,1,12361,0.359,10870,0.316,41,0.014,126,0.005,9,0.001,-0.0107,-0.0009,-0.0015,430,0.143,180,0.06,11931,0.456,10690,0.409,4206,0.617,3926,0.575,0.09,0.11,0.2,2.5,0.02,0.12,0.01,0.01,0.34,0.21,Uncertain
"Warren County, NC",37185,Non-core,,,NC,4,19731,,0.002,0,0,0,0,0,6,30,0,0,2,,0,2,10,0,0,1808,9163,20,101,0,45,ModerateBurden,,Moderate,Moderate,0.006,160,811,1,0.97,-0.027,-0.38,0,-0.02,0.033,258,1308,1,0.99,,,,,,,,,,,,,,,,,,,,,,,,,,,6859,0.348,4794,0.243,10,0.008,37,0.002,7,0.001,-0.0086,-0.0026,-0.0015,127,0.099,66,0.052,6728,0.415,4728,0.292,3198,0.618,1883,0.364,0.13,0.19,0.26,2.4,0.5,0.04,0.05,0,0.89,0.87,Uncertain
"Lexington city, VA",51678,Non-core,,,VA,3,7446,,0.001,0,0,3904,0.524,0,6,81,0,0,,,0,0,0,0,0,1211,16264,32,430,0,18,ModerateBurden,,Substantial,Low,0.051,83,1115,1,0.99,0.037,-0.82,0,0,0.014,452,6070,1,0.99,1,4,10,40,0.69,0.04,0.54,0.2,0,0,0,0.11,-0.06,-0.01,-0.03,-0.06,0,0,1,25,5,3,1,1,1,1,,,,,,,,,,,,,,,,,,,,,,,,,,0.06,0.22,0.15,1.9,0.08,0.04,0,0.03,0.32,0.07,Uncertain
"Harrisonburg city, VA",51660,Small metro,"Harrisonburg, VA",Metropolitan,VA,3,53016,0.393,0.006,0,1,20889,0.394,0,6,11,0,0,-0.33,-1,0,9,17,1,1.9,6509,12277,95,179,0,70,ModerateBurden,,Moderate,Moderate,0.017,307,579,1,0.98,-0.021,-0.27,0,-0.02,0.038,423,798,1,1,5,2,9,3,0.47,0.02,0.18,0,0.3,0,-0.64,-0.1,-0.04,0,-0.07,0,-0.02,0,1,262,32,64,1,1,1,1,2286,0.043,1932,0.036,2,0.001,60,0.001,2,0,0.0004,0.0002,0,12,0.005,6,0.002,2274,0.051,1926,0.044,108,0.021,101,0.02,0.14,0.28,0.1,2.7,0.07,0.21,0,0.04,0.79,0.34,Uncertain
"Bradford County, FL",12007,Non-core,,,FL,4,28201,,0.001,0,0,0,0,0,6,21,0,0,0,-1,0,6,21,1,3.5,3054,10829,58,206,0,29,ModerateBurden,,Moderate,Moderate,0.016,264,936,,,-0.028,-0.21,,,0.044,335,1188,,,,,,,,,,,,,,,,,,,,,,,,,,,,,8145,0.289,6241,0.221,8,0.004,74,0.003,11,0.002,-0.0081,-0.0029,-0.0034,63,0.034,18,0.01,8081,0.356,6223,0.274,3028,0.598,2847,0.562,0.12,0.2,0.18,2.6,0.2,0.05,0,0.01,0.93,0.93,Uncertain
"Saline County, MO",29195,Micropolitan,"Marshall, MO",Micropolitan,MO,7,22761,1,0.004,0,0,1413,0.062,0,6,26,0,0,1,,0,3,13,0,0,2844,12495,38,167,0,16,ModerateBurden,,Moderate,Moderate,0.016,112,492,1,0.92,0.016,-0.26,0,-0.07,0,151,663,1,0.99,0,0,28,105,0.77,0,0.63,0,0,0,-1,0.13,0.15,-0.01,0.08,0,0,0,1,27,7,3,1,1,1,1,8031,0.353,7170,0.315,14,0.008,65,0.004,5,0.001,-0.0057,-0.0016,-0.0007,105,0.06,35,0.02,7925,0.448,7135,0.403,3090,0.726,2909,0.684,0.09,0.16,0.19,2.5,0.05,0.11,0,0.01,0.82,0.69,Uncertain
"Union Parish, LA",22111,Small metro,"Monroe, LA",Metropolitan,LA,6,22108,0.11,0.005,0,0,0,0,0,6,27,1,4.5,0.2,,0,5,23,0,0,2430,10991,81,366,0,14,ModerateBurden,,Moderate,Moderate,0.031,154,697,0,1,-0.014,-0.18,0,0,0.045,188,850,0,1,0,0,0,0,0.12,0,,,0,0,,,-0.07,0,,,0,0,2,46,0,22,1,1,1,1,6831,0.309,6268,0.284,13,0.008,73,0.004,14,0.003,0.0018,-0.0014,-0.0006,76,0.045,27,0.016,6755,0.389,6241,0.36,2986,0.641,2924,0.627,0.12,0.18,0.21,2.8,0.25,0.05,0,0,0.81,0.6,Uncertain
"Barranquitas Municipio, PR",72019,,"San Juan-Bayamón-Caguas, PR",Metropolitan,PR,2,,,,,0,0,0,0,6,22,0,0,0.5,,0,4,14,0,0,1223,4411,0,0,0,,,,Moderate,Moderate,0.025,94,339,,,-0.031,-0.03,,,0.056,97,350,,,,,,,,,,,,,,,,,,,,,,,,,,,,,16233,0.586,11839,0.427,45,0.023,257,0.011,7,0.002,-0.0218,0.0013,-0.0028,861,0.436,342,0.173,15365,0.675,11496,0.505,3415,0.734,3000,0.645,0.04,0.59,,,,,,,,,
"Fajardo Municipio, PR",72053,,"San Juan-Bayamón-Caguas, PR",Metropolitan,PR,2,,,,,0,0,0,0,6,20,0,0,-0.6,,0,15,51,0,0,1222,4149,0,0,0,,,,Moderate,Substantial,0.057,203,689,,,-0.001,-0.44,,,0.058,363,1232,,,2,1,1,0,0.39,0.01,0.93,0.06,0.21,0.02,1,,0,0,0.1,0,-0.05,0,2,219,13,33,1,1,1,1,13146,0.446,10157,0.345,74,0.035,237,0.01,33,0.005,-0.0191,-0.0036,-0.0042,421,0.201,89,0.042,12723,0.526,10068,0.417,3978,0.598,3437,0.517,0.09,0.44,,,,,,,,,
"Mason County, IL",17125,Non-core,,,IL,5,13359,,0.001,0,0,0,0,0,6,45,0,0,-0.33,,0,9,67,0,0,1541,11535,45,337,0,31,ModerateBurden,,Moderate,Substantial,0.021,175,1310,0,1,0.008,-0.31,0,0.01,0.012,252,1886,0,0.99,1,6,0,0,0.18,0,,,0,0,-0.67,,-0.13,-0.02,,,0,0,1,17,0,3,1,1,1,1,6052,0.453,4562,0.341,13,0.013,84,0.008,14,0.005,-0.0288,-0.0072,-0.0033,121,0.116,38,0.037,5927,0.561,4524,0.428,2462,0.822,1945,0.65,0.05,0.15,0.22,2.2,0.01,0.01,0,0,0.29,0.74,Uncertain
"Gunnison County, CO",8051,Non-core,,,CO,8,17462,,0.003,0,0,2145,0.123,0,6,34,0,0,1,,0,3,17,0,0,1358,7777,6,34,0,43,ModerateBurden,,Moderate,Moderate,0.033,203,1163,2,0.99,0.023,-0.12,0,0.01,0.01,231,1323,2,0.98,0,0,0,0,0.38,0,,,0,0,-1,,0.03,0,,,0,0,1,24,0,9,1,1,1,1,6113,0.35,5912,0.339,30,0.028,57,0.004,8,0.003,-0.0205,-0.0019,0.0008,344,0.32,205,0.191,5750,0.395,5707,0.392,636,0.267,476,0.2,0.11,0.13,0.14,2.4,0.01,0.1,0.01,0.01,0.14,0.03,Uncertain
"Shelby County, IL",17173,Non-core,,,IL,5,21634,,0.002,0,0,0,0,0,6,28,0,0,-0.4,,0,10,46,0,0,2323,10738,37,171,0,26,ModerateBurden,,Moderate,Moderate,0.019,268,1239,0,1,-0.005,0.01,0,0,0.024,265,1225,0,1,0,0,0,0,0.06,0,,,0,0,,,-0.03,0,,,0,0,1,30,0,4,1,1,1,1,6860,0.317,5825,0.269,11,0.007,85,0.005,20,0.004,-0.0025,-0.0018,0,76,0.047,28,0.017,6781,0.397,5797,0.34,3229,0.644,2850,0.568,0.04,0.11,0.23,2.4,0,0.01,0,0,0.08,0.56,Uncertain
"Union County, IL",17181,Non-core,,,IL,5,16653,,0.001,0,0,0,0,0,6,36,0,0,1,,0,3,18,0,0,2272,13643,40,240,0,18,ModerateBurden,,Moderate,Moderate,0.008,329,1976,1,0.98,0.003,-0.54,0,0.01,0.005,709,4257,1,0.97,0,0,6,24,1,0,,,0,0,,-0.65,0,-0.02,,,0,0,1,25,0,19,1,1,1,1,7422,0.446,5889,0.354,21,0.016,76,0.006,18,0.005,-0.0023,-0.0021,-0.0005,163,0.123,65,0.049,7251,0.552,5824,0.443,2928,0.804,2417,0.663,0.06,0.18,0.22,2.5,0.01,0.05,0,0,0.68,0.67,Uncertain
"Morgan County, MO",29141,Non-core,,,MO,7,20627,,0.003,0,0,0,0,0,6,29,0,0,-0.33,,0,9,44,0,0,1728,8377,44,213,0,0,ModerateBurden,,Moderate,High,0.038,91,441,0,1,-0.084,-0.22,0,0,0.123,116,562,0,1,,,,,,,,,,,,,,,,,,,,,,,,,,,6082,0.295,5198,0.252,10,0.006,57,0.004,14,0.003,0.0006,0.0003,0.0002,37,0.023,10,0.006,6045,0.381,5188,0.327,3322,0.687,2905,0.601,0.23,0.23,0.23,2.6,0.01,0.02,0.01,0,0.63,0.8,Uncertain
"Tippah County, MS",28139,Non-core,,,MS,4,22015,,0.007,0,0,587,0.027,0,6,27,0,0,0.5,,0,4,18,0,0,2908,13209,68,309,0,12,ModerateBurden,,Moderate,Moderate,0.038,66,300,0,1,0.038,-0.41,0,0,0,112,509,0,1,0,0,0,0,0.46,0,,,0,0,,,-0.01,0,,,0,0,1,25,0,5,1,1,1,1,6195,0.281,5132,0.233,5,0.003,110,0.007,28,0.008,-0.0021,0.0036,0.0048,45,0.024,15,0.008,6149,0.368,5117,0.306,2723,0.732,2399,0.645,0.12,0.2,0.17,2.7,0.16,0.05,0,0,0.86,0.89,Uncertain
"Moniteau County, MO",29135,Small metro,"Jefferson City, MO",Metropolitan,MO,7,16132,0.107,0.003,0,0,0,0,0,6,37,0,0,0.2,,0,5,31,0,0,1804,11183,32,198,0,0,ModerateBurden,,Moderate,Moderate,0.059,80,496,0,0.91,0.026,-0.33,0,-0.09,0.033,119,738,0,1,,,,,,,,,,,,,,,,,,,,,,,,,,,4253,0.264,3767,0.234,19,0.014,36,0.003,3,0.001,0.009,0.001,-0.0004,78,0.059,19,0.014,4175,0.342,3748,0.307,1749,0.67,1637,0.627,0.15,0.13,0.16,2.7,0.04,0.05,0,0,0.51,0.44,Uncertain
"Clarke County, AL",1025,Non-core,,,AL,4,23622,,0.005,0,0,0,0,0,6,25,0,0,0.5,,0,4,17,0,0,3527,14931,61,258,0,35,ModerateBurden,,Moderate,Moderate,0.022,97,411,0,0.95,-0.055,0.09,0,-0.03,0.077,89,377,0,0.98,0,0,2,2,0.26,0,,,0,0,,,0.07,0,,,0,0,3,98,0,10,1,1,1,1,8182,0.346,6580,0.279,,,11,0.001,1,0,0,-0.0006,-0.001,27,0.015,19,0.011,8154,0.439,6561,0.353,3689,0.762,3048,0.629,0.11,0.25,0.21,2.6,0.45,0.01,0,0,0.85,0.74,Uncertain
"Randolph County, IN",18135,Non-core,,,IN,5,24665,,0.004,0,0,0,0,0,6,24,1,4.1,-0.14,,0,7,28,0,0,2443,9905,83,337,0,35,ModerateBurden,,Moderate,Moderate,0.019,140,568,1,0.97,-0.004,-0.26,0,0.04,0.024,189,766,1,0.94,0,0,1,6,0.29,0.01,,,0,0,,0.14,0.12,0.01,,,0,0,1,16,0,6,1,1,1,1,8401,0.341,7589,0.308,14,0.007,63,0.003,11,0.002,-0.005,-0.0022,-0.0016,140,0.07,71,0.036,8260,0.432,7518,0.394,3876,0.755,3716,0.724,0.11,0.16,0.21,2.4,0.01,0.04,0,0,0.43,0.66,Uncertain
"Seneca County, NY",36099,Micropolitan,"Seneca Falls, NY",Micropolitan,NY,2,34016,1,0.002,0,0,636,0.019,0,6,18,0,0,-0.14,,0,7,21,0,0,2008,5903,56,165,0,43,ModerateBurden,,Moderate,Moderate,0.028,1126,3310,0,0.99,-0.002,-0.17,0,-0.01,0.03,1357,3989,0,1,,,,,,,,,,,,,,,,,,,,,,,,,,,15022,0.442,13194,0.388,38,0.016,163,0.006,12,0.002,-0.0111,-0.0043,-0.0022,681,0.28,243,0.1,14341,0.527,12951,0.476,4949,0.741,4701,0.704,0.1,0.12,0.2,2.3,0.05,0.04,0,0.01,0.45,0.57,Uncertain
"Haralson County, GA",13143,Large fringe metro,"Atlanta-Sandy Springs-Alpharetta, GA",Metropolitan,GA,4,29792,0.005,0.003,0,0,0,0,0,6,20,1,3.4,5,0,0,1,3,1,3.4,2655,8912,87,292,0,43,ModerateBurden,,Moderate,Low,0.018,45,151,0,0.98,0.018,-0.41,0,0,0,76,255,0,0.98,7,30,7,30,0.55,0,,,0,0,0.75,0.75,-0.01,0,,,0,0,1,23,0,5,1,1,1,1,2285,0.077,2110,0.071,17,0.007,93,0.004,12,0.002,0.0012,-0.0016,-0.0035,52,0.021,19,0.008,2233,0.099,2091,0.092,880,0.182,806,0.167,0.12,0.16,0.16,2.6,0.04,0.02,0,0.01,0.54,0.68,Uncertain
"Ballard County, KY",21007,Micropolitan,"Paducah, KY-IL",Micropolitan,KY,4,7888,0.082,0.002,0,0,0,0,0,6,76,0,0,2,,0,2,25,0,0,415,5261,9,114,0,11,ModerateBurden,,Substantial,Moderate,0.043,56,710,0,1,-0.025,-0.38,0,0.01,0.068,91,1154,0,0.99,,,,,,,,,,,,,,,,,,,,,,,,,,,1935,0.245,1777,0.225,2,0.003,26,0.004,5,0.003,-0.0016,-0.0022,-0.0006,16,0.026,5,0.008,1919,0.308,1772,0.284,840,0.486,813,0.471,0.1,0.17,0.22,2.6,0.03,0.01,0,0.01,0.45,0.83,Uncertain
"Anderson County, KY",21005,Micropolitan,"Frankfort, KY",Micropolitan,KY,4,22747,0.308,0.005,0,0,0,0,0,6,26,0,0,0.2,,0,5,22,0,0,1764,7755,23,101,0,29,ModerateBurden,,Moderate,Moderate,0.024,192,844,0,1,0.016,-0.2,0,0,0.008,241,1059,0,1,,,,,,,,,,,,,,,,,,,,,,,,,,,11041,0.485,9091,0.4,35,0.019,163,0.009,44,0.012,-0.0308,-0.0034,0.0057,395,0.21,107,0.057,10646,0.612,8984,0.516,3332,0.898,3074,0.829,0.04,0.14,0.16,2.6,0.02,0.02,0,0.01,0.26,0.63,Uncertain
"Allen County, KY",21003,Small metro,"Bowling Green, KY",Metropolitan,KY,4,21315,0.119,0.005,0,0,0,0,0,6,28,0,0,0.5,-1,0,4,19,2,9.4,2103,9866,42,197,0,52,ModerateBurden,,High,High,0.171,35,164,1,0.97,0.056,-0.46,0,-0.01,0.115,65,305,1,0.98,0,0,0,0,0.79,0,,,0,0,,,0,-0.02,,,0,0,1,25,0,4,1,1,1,1,6648,0.312,6017,0.282,16,0.01,58,0.004,11,0.003,-0.0012,-0.0015,0.0013,136,0.081,55,0.033,6512,0.397,5962,0.363,2441,0.634,2342,0.608,0.08,0.19,0.18,2.7,0.01,0.02,0,0,0.68,0.83,Uncertain
"Clarendon County, SC",45027,Non-core,"Sumter, SC",Metropolitan,SC,4,33745,0.24,0.007,0,0,0,0,0,6,18,0,0,-0.54,,0,13,39,0,0,3464,10265,114,338,0,6,ModerateBurden,,Moderate,Moderate,0.01,293,868,1,0.98,-0.023,-0.13,0,0,0.033,338,1002,1,0.99,1,2,0,0,0.46,0.01,0.63,0.14,0.26,0,,,-0.01,0,-0.09,0.14,0.2,0,1,49,5,5,1,1,1,1,11865,0.352,10029,0.297,13,0.005,138,0.005,45,0.006,0.0008,-0.0024,0.0018,103,0.042,42,0.017,11755,0.43,9984,0.365,5628,0.69,4857,0.595,0.11,0.23,0.24,2.4,0.47,0.03,0,0.01,0.98,0.9,Uncertain
"Miami County, KS",20121,Large fringe metro,"Kansas City, MO-KS",Metropolitan,KS,7,34237,0.016,0.012,0,0,0,0,0,6,18,0,0,1,,0,3,9,0,0,2779,8117,42,123,0,38,ModerateBurden,,Moderate,Low,0,109,318,1,1,-0.005,-0.63,1,0,0.005,295,862,0,1,0,0,0,0,0.17,0,,,0,0,,,-0.07,0,,,0,0,1,18,0,2,1,1,1,1,12813,0.374,11426,0.334,47,0.015,83,0.003,12,0.002,-0.0095,-0.0026,0.0002,384,0.126,171,0.056,12429,0.48,11255,0.435,4355,0.746,4055,0.694,0.05,0.08,0.17,2.6,0.01,0.03,0.01,0.01,0.03,0.17,Uncertain
"Terry County, TX",48445,Non-core,,,TX,6,12337,,0,0,0,0,0,0,6,49,0,0,2,,0,2,16,0,0,1701,13788,56,454,0,0,ModerateBurden,,Moderate,Moderate,0,29,235,0,1,-0.034,-0.81,0,0,0.034,153,1240,0,1,2,5,0,0,0.23,0.02,,,0,0,1.23,,0.11,0.01,,,0,0,1,37,0,6,1,1,1,1,,,,,,,,,,,,,,,,,,,,,,,,,,0.22,0.16,0.15,2.8,0.04,0.56,0,0,0.99,0.92,Uncertain
"Sherman County, KS",20181,Non-core,,,KS,7,5917,,0.002,0,0,0,0,0,6,101,0,0,0.5,,0,4,68,0,0,659,11137,12,203,0,2,ModerateBurden,,High,High,0,14,237,1,0.83,-0.294,-0.44,0,-0.11,0.294,25,423,1,0.94,0,0,0,0,0.12,0,,,0,0,-1,,-0.03,-0.01,,,0,0,1,25,0,7,1,1,1,1,1953,0.33,1753,0.296,1,0.002,17,0.004,1,0.001,-0.0253,-0.0025,-0.0035,19,0.04,2,0.004,1934,0.435,1751,0.394,817,0.709,779,0.676,0.08,0.19,0.19,2.2,0.01,0.12,0,0,0.5,0.71,Uncertain
"Mountrail County, ND",38061,Non-core,,,ND,8,10545,,0.014,0,0,126,0.012,0,6,57,1,9.5,-0.25,,0,8,76,0,0,1369,12982,18,171,0,11,ModerateBurden,,Substantial,Substantial,0.033,82,778,1,1,0.01,-0.15,0,0.02,0.023,97,920,1,0.98,0,0,0,0,0.18,0,,,0,0,,,0,0,,,0,0,1,11,0,1,1,1,1,1,4031,0.382,2711,0.257,13,0.016,62,0.008,5,0.004,-0.0096,0.0051,0.0024,105,0.126,33,0.04,3924,0.514,2677,0.351,1014,0.828,783,0.639,0.16,0.1,0.12,3.1,0.02,0.09,0.28,0,0.38,0.37,Uncertain
"Union County, IA",19175,Non-core,,,IA,7,12241,,0.004,0,0,0,0,0,6,49,1,8.2,0.5,0,0,4,33,1,8.2,1298,10604,35,286,0,26,ModerateBurden,,Moderate,Moderate,0.058,84,686,0,1,0.038,-0.28,0,0,0.02,117,956,0,1,0,0,0,0,0.28,0,0.36,0,0.02,0,,,0.13,0,0,0,0.02,0,1,46,2,6,1,1,1,1,5132,0.419,4696,0.384,15,0.015,34,0.004,6,0.002,-0.0039,-0.0047,-0.0047,92,0.089,29,0.028,5040,0.53,4667,0.491,2102,0.817,2012,0.782,0.07,0.14,0.21,2.3,0.01,0.03,0,0.01,0.45,0.29,Uncertain
"Pickens County, AL",1107,Small metro,"Tuscaloosa, AL",Metropolitan,AL,4,19930,0.079,0.004,0,0,0,0,0,6,30,0,0,2,,0,2,10,0,0,2362,11851,62,311,0,13,ModerateBurden,,Moderate,Moderate,0,73,366,1,1,-0.038,-0.55,0,0.04,0.038,162,813,1,0.96,,,,,,,,,,,,,,,,,,,,,,,,,,,7134,0.358,5364,0.269,,,17,0.001,3,0.001,-0.0007,-0.0094,-0.0005,36,0.027,17,0.013,7097,0.442,5347,0.333,2816,0.725,2191,0.564,0.08,0.23,0.19,2.5,0.4,0.05,0,0,0.92,0.9,Uncertain
"Perry County, AL",1105,Non-core,,,AL,4,8923,,0.002,0,0,217,0.024,0,6,67,0,0,,,0,0,0,0,0,1087,12182,26,291,0,0,ModerateBurden,,Substantial,High,0.054,42,471,1,1,-0.071,-0.33,0,0,0.125,63,706,1,1,,,,,,,,,,,,,,,,,,,,,,,,,,,3269,0.366,2642,0.296,,,3,0,1,0.001,0,-0.0007,0.0006,24,0.037,15,0.023,3245,0.46,2627,0.372,1280,0.713,1054,0.587,0.13,0.42,0.2,2.8,0.68,0.02,0,0.01,0.99,0.99,Uncertain
"Sunflower County, MS",28133,Micropolitan,"Indianola, MS",Micropolitan,MS,4,25110,1,0.008,0,0,0,0,0,6,24,0,0,-0.14,,0,7,28,0,0,3389,13497,91,362,0,38,ModerateBurden,,Moderate,Moderate,0,26,104,0,1,0,-0.07,0,0,0,28,112,0,1,3,4,0,0,0.5,0.06,0.14,0,0,0,-0.25,,-0.08,0.03,-0.33,0,0,0,2,67,3,10,1,1,1,1,9375,0.373,7596,0.303,17,0.009,145,0.007,23,0.006,0.0073,0.0014,-0.0006,57,0.03,19,0.01,9318,0.474,7577,0.385,2817,0.781,2450,0.679,0.16,0.31,0.14,2.7,0.73,0.02,0,0,0.95,0.97,Uncertain
"Montgomery County, NY",36057,Micropolitan,"Amsterdam, NY",Micropolitan,NY,2,49221,1,0.003,0,0,0,0,0,6,12,1,2,-0.45,,0,11,22,0,0,4254,8643,125,254,0,50,ModerateBurden,,Moderate,Moderate,0.016,938,1906,1,0.97,0.003,-0.15,0,-0.02,0.013,1105,2245,1,0.99,1,1,0,0,0.65,0.03,0.66,0.02,0,0,-0.67,,0.08,-0.04,-0.16,-0.32,0,0,1,108,8,15,1,1,1,1,25526,0.519,22558,0.458,81,0.021,470,0.012,69,0.007,-0.0094,-0.0012,0.0018,845,0.22,439,0.114,24679,0.65,22119,0.583,8914,0.958,8373,0.899,0.07,0.2,0.19,2.5,0.02,0.15,0,0.01,0.83,0.92,Uncertain
"Luna County, NM",35029,Micropolitan,"Deming, NM",Micropolitan,NM,6,23709,1,0.011,0,0,0,0,0,6,25,0,0,5,,0,1,4,0,0,3362,14180,92,388,0,19,ModerateBurden,,Moderate,Low,0,489,2063,2,0.96,-0.002,0.12,0,-0.03,0.002,437,1843,2,0.98,0,0,0,0,0.33,0,0.05,0,0,0,,,-0.21,-0.01,-0.05,0,0,0,1,25,3,6,1,1,1,1,8763,0.37,8799,0.371,78,0.04,164,0.009,26,0.005,-0.0056,-0.0043,-0.0012,397,0.204,150,0.077,8366,0.477,8649,0.493,2751,0.547,3418,0.679,0.1,0.3,0.21,2.6,0.01,0.68,0.01,0.01,1,0.89,Uncertain
"Hickman County, KY",21105,Non-core,,,KY,4,4380,,0.001,0,0,0,0,0,6,137,2,45.7,5,1,0,1,23,1,22.8,399,9110,13,297,0,24,ModerateBurden,,High,Moderate,0.13,39,890,0,1,0.13,-0.33,-1,0,0,58,1324,1,1,,,,,,,,,,,,,,,,,,,,,,,,,,,1175,0.268,1045,0.239,2,0.007,12,0.003,3,0.003,-0.0033,-0.0006,-0.0009,19,0.062,7,0.023,1156,0.323,1038,0.29,600,0.519,569,0.492,0.05,0.15,0.26,2.4,0.09,0.02,0,0,0.57,0.94,Likely Decreasing
"Tucker County, WV",54093,Non-core,,,WV,3,6839,,0.004,0,0,0,0,0,6,88,1,14.6,1,,0,3,44,0,0,547,7998,11,161,0,0,ModerateBurden,,Substantial,Moderate,0.059,82,1199,1,1,-0.003,-0.22,1,0.06,0.062,105,1535,0,0.94,,,,,,,,,,,,,,,,,,,,,,,,,,,1934,0.283,1712,0.25,11,0.03,20,0.003,3,0.002,0.0162,-0.0022,-0.0016,62,0.168,32,0.086,1872,0.321,1680,0.288,802,0.437,764,0.416,0.05,0.14,0.27,2.2,0,0.01,0,0,0.37,0.43,Uncertain
"Otero County, NM",35035,Micropolitan,"Alamogordo, NM",Micropolitan,NM,6,67490,1,0.032,0,0,0,0,0,6,9,0,0,-0.6,,0,15,22,0,0,4032,5974,77,114,0,11,LowBurden,,Low,Moderate,0.02,411,609,2,0.95,-0.047,-0.49,1,-0.03,0.067,811,1202,1,0.98,0,0,0,0,0.71,0.02,0.78,0.08,0.15,0.04,-1,,-0.22,-0.05,-0.13,-0.18,-0.05,-0.02,2,77,9,12,1,1,1,1,22557,0.334,21239,0.315,193,0.039,474,0.009,45,0.004,-0.0071,-0.0004,-0.0027,1191,0.243,439,0.09,21363,0.41,20799,0.4,5216,0.446,6496,0.556,0.1,0.22,0.17,2.7,0.03,0.39,0.06,0.01,0.91,0.41,Uncertain
"Bienville Parish, LA",22013,Non-core,,,LA,6,13241,,0.003,0,0,0,0,0,6,45,0,0,-0.14,,0,7,53,0,0,1690,12763,82,619,0,7,ModerateBurden,,Moderate,Substantial,0.053,338,2553,0,1,0.038,0.4,-1,0,0.015,241,1820,1,1,0,0,0,0,0.21,0,,,,,,,-0.09,0,,,,,1,15,0,0,1,1,1,1,4510,0.341,3854,0.291,3,0.003,67,0.007,16,0.006,-0.0039,-0.0018,-0.0021,24,0.023,6,0.006,4486,0.436,3848,0.374,2075,0.722,1816,0.632,0.11,0.29,0.22,2.3,0.41,0.02,0,0,0.94,0.94,Uncertain
"Franklin County, MA",25011,Micropolitan,"Springfield, MA",Metropolitan,MA,1,70180,0.101,0.01,0,0,0,0,0,6,9,0,0,0.2,,0,5,7,0,0,2576,3671,113,161,0,54,LowBurden,,Low,Low,0.005,2023,2883,0,1,0.001,-0.41,-1,0,0.003,3403,4849,1,1,2,2,0,0,0.61,0,0.57,0,0,0,-0.5,-1,-0.03,-0.01,0.17,-0.03,0,0,1,100,5,11,1,1,1,1,42136,0.6,35277,0.503,183,0.042,552,0.009,51,0.003,-0.0334,-0.0036,-0.0038,2230,0.507,1025,0.233,39824,0.684,34246,0.588,13420,0.827,12013,0.741,0.02,0.1,0.23,2.3,0.01,0.04,0,0.02,0.21,0.5,Uncertain
"Cedar County, MO",29039,Non-core,,,MO,7,14349,,0.002,0,0,0,0,0,6,42,0,0,1,,0,3,21,0,0,1133,7896,21,146,0,16,ModerateBurden,,Moderate,Moderate,0.048,63,439,1,1,0.006,-0.18,1,0,0.042,77,537,0,1,0,0,0,0,0.19,0,,,0,0,,,0.1,0,,,0,0,1,25,0,2,1,1,1,1,3448,0.24,2923,0.204,6,0.005,24,0.002,5,0.001,0.0041,0.0002,0.0009,24,0.02,10,0.008,3423,0.314,2913,0.267,1824,0.536,1619,0.476,0.16,0.18,0.24,2.4,0,0.02,0.01,0,0.64,0.75,Uncertain
"Franklin County, GA",13119,Non-core,,,GA,4,23349,,0.002,0,0,811,0.035,0,6,26,1,4.3,-0.45,0,0,11,47,1,4.3,2685,11499,52,223,0,1,ModerateBurden,,High,High,0.241,74,317,0,0.94,0.072,-0.33,0,0.06,0.169,111,475,0,0.88,3,5,0,0,0.39,0.04,0.46,0.23,0,0,2,,0.04,0.02,-0.07,0.2,-0.02,0,1,65,8,36,1,1,1,1,1280,0.055,1350,0.058,14,0.008,98,0.005,19,0.004,0.0035,-0.0007,0,29,0.017,12,0.007,1251,0.069,1338,0.073,347,0.078,397,0.089,0.16,0.25,0.19,2.6,0.09,0.05,0,0.01,0.85,0.92,Uncertain
"Ripley County, MO",29181,Non-core,"Poplar Bluff, MO",Micropolitan,MO,7,13288,0.238,0.002,0,0,0,0,0,6,45,1,7.5,-0.25,,0,8,60,0,0,1098,8263,17,128,0,2,ModerateBurden,,Moderate,Substantial,0.01,26,196,1,0.97,-0.067,-0.88,0,-0.01,0.077,223,1678,1,0.98,,,,,,,,,,,,,,,,,,,,,,,,,,,2741,0.206,2307,0.174,3,0.003,36,0.004,3,0.001,0.003,-0.0001,-0.0029,13,0.013,7,0.007,2727,0.266,2300,0.224,1402,0.506,1238,0.447,0.14,0.27,0.21,2.6,0.01,0.02,0.01,0,0.72,0.81,Uncertain
"Marion County, IA",19125,Non-core,"Pella, IA",Micropolitan,IA,7,33253,1,0.011,0,0,1077,0.032,0,6,18,0,0,-0.33,,0,9,27,0,0,3655,10991,76,229,0,23,ModerateBurden,,Moderate,Moderate,0.026,185,556,0,0.99,0.011,-0.07,0,-0.01,0.016,200,601,0,1,1,2,0,0,0.57,0.01,0,0,0,0,-0.49,,0.14,-0.01,-0.21,0,-0.02,0,2,44,4,18,1,1,1,1,14186,0.427,13100,0.394,38,0.013,93,0.004,19,0.003,-0.0028,-0.0015,0.0008,355,0.126,136,0.048,13831,0.544,12964,0.51,5123,0.836,4916,0.802,0.04,0.1,0.18,2.4,0.01,0.02,0,0.01,0.19,0.42,Uncertain
"Russell County, KY",21207,Non-core,,,KY,4,17923,,0.004,0,0,0,0,0,6,33,1,5.6,2,,0,2,11,0,0,1895,10573,45,251,0,18,ModerateBurden,,Moderate,Moderate,0.018,110,614,1,1,0.009,0.41,0,0,0.009,78,435,1,1,0,0,0,0,0.17,0,0.21,0,0,0,,,-0.02,0,-0.14,0,0,0,1,25,2,2,1,1,1,1,6319,0.353,5609,0.313,6,0.005,48,0.003,12,0.003,-0.003,-0.004,-0.0033,52,0.04,19,0.014,6267,0.452,5590,0.403,2464,0.679,2287,0.631,0.09,0.25,0.2,2.5,0.01,0.04,0,0,0.86,0.91,Uncertain
"Ohio County, KY",21183,Non-core,,,KY,4,23994,,0.005,0,0,0,0,0,6,25,1,4.2,0.2,,0,5,21,0,0,2499,10415,55,229,0,15,ModerateBurden,,Moderate,Moderate,0.054,120,500,0,0.97,0.027,-0.19,0,-0.02,0.027,149,621,0,0.99,0,0,0,0,0.62,0.01,1,0,0,0,-1,,0.07,-0.02,0,0,0,0,1,25,4,3,1,1,1,1,7220,0.301,6302,0.263,14,0.007,86,0.005,11,0.003,0.0009,-0.0006,-0.0002,101,0.047,37,0.017,7119,0.392,6265,0.345,2902,0.668,2630,0.606,0.05,0.21,0.18,2.6,0.01,0.04,0,0,0.58,0.78,Uncertain
"Buena Vista County, IA",19021,Micropolitan,"Storm Lake, IA",Micropolitan,IA,7,19620,1,0.006,0,0,1405,0.072,0,6,31,0,0,2,,0,2,10,0,0,4262,21723,40,204,0,0,ModerateBurden,,Moderate,Moderate,0.024,145,739,0,0.97,-0.006,-0.29,0,0,0.03,204,1040,0,0.97,0,0,0,0,0.46,0.04,0,0,0,0,-1,,0.03,-0.01,0,0,0,0,1,20,1,5,1,1,1,1,9430,0.481,8675,0.442,16,0.01,89,0.006,9,0.003,-0.0153,-0.0029,-0.0034,204,0.125,91,0.056,9226,0.633,8584,0.589,2694,0.824,2611,0.798,0.1,0.13,0.17,2.6,0.03,0.26,0,0.1,0.74,0.48,Uncertain
"Custer County, CO",8027,Non-core,,,CO,8,5068,,0.001,0,0,0,0,0,6,118,0,0,0.2,,0,5,99,0,0,212,4183,1,20,0,0,ModerateBurden,,High,Substantial,0.081,56,1105,1,1,0.001,-0.02,0,0,0.079,57,1125,1,1,,,,,,,,,,,,,,,,,,,,,,,,,,,1125,0.222,1126,0.222,3,0.013,12,0.003,2,0.001,0.0087,-0.0007,0.0006,12,0.052,6,0.026,1113,0.255,1120,0.256,357,0.213,430,0.257,0.15,0.15,0.33,2.2,0.01,0.06,0.01,0.01,0.24,0.24,Uncertain
"Sevier County, AR",5133,Non-core,,,AR,6,17007,,0.006,0,0,0,0,0,6,35,0,0,0.2,,0,5,29,0,0,2806,16499,24,141,0,0,ModerateBurden,,Moderate,Moderate,0.036,37,218,0,1,-0.028,1.18,0,0,0.064,17,100,0,1,,,,,,,,,,,,,,,,,,,,,,,,,,,4865,0.286,4267,0.251,36,0.022,64,0.005,14,0.006,0.0197,0.0024,0.0043,91,0.056,45,0.028,4771,0.393,4222,0.348,1584,0.623,1450,0.57,0.15,0.21,0.15,2.9,0.04,0.34,0.02,0,0.77,0.89,Uncertain
"Pike County, MS",28113,Micropolitan,"McComb, MS",Micropolitan,MS,4,39288,1,0.013,0,0,0,0,0,6,15,0,0,0,-1,0,6,15,1,2.5,3359,8550,107,272,0,34,ModerateBurden,,Moderate,Moderate,0.027,152,387,0,0.99,0.001,0.04,0,-0.01,0.026,146,372,0,1,4,3,0,0,0.55,0.06,0.96,0.16,0.37,0.12,0,,0,0.01,0.09,0.02,0.03,0.05,2,127,16,25,1,1,1,1,13188,0.336,10442,0.266,56,0.016,224,0.008,30,0.004,0.0128,0.0055,0.0014,170,0.048,36,0.01,13016,0.447,10406,0.357,5311,0.768,4497,0.651,0.14,0.34,0.18,2.6,0.54,0.02,0,0.01,0.99,0.61,Uncertain
"Prentiss County, MS",28117,Non-core,"Tupelo, MS",Micropolitan,MS,4,25126,0.151,0.008,0,0,0,0,0,6,24,0,0,-0.5,,0,12,48,0,0,2828,11255,60,239,0,5,ModerateBurden,,Moderate,High,0,68,271,0,1,-0.11,-0.07,0,0,0.11,73,291,0,1,1,1,0,0,0.11,0,0,0,0,0,,-1,-0.01,0,-0.06,0,0,0,1,160,5,2,1,1,1,1,7900,0.314,6378,0.254,18,0.01,103,0.005,18,0.004,0.0064,0.0035,0.0022,60,0.032,17,0.009,7840,0.402,6361,0.326,3402,0.735,2953,0.638,0.13,0.24,0.18,2.6,0.14,0.02,0,0,0.85,0.44,Uncertain
"McLean County, KY",21149,Small metro,"Owensboro, KY",Metropolitan,KY,4,9207,0.077,0.002,0,0,0,0,0,6,65,0,0,1,,0,3,33,0,0,901,9786,27,293,0,0,ModerateBurden,,Substantial,Moderate,0.062,51,554,0,0.97,0.014,-0.27,0,-0.03,0.048,70,760,0,1,,,,,,,,,,,,,,,,,,,,,,,,,,,3450,0.375,3112,0.338,3,0.004,28,0.004,6,0.003,-0.005,-0.0014,0.0011,51,0.063,21,0.026,3399,0.483,3091,0.439,1403,0.763,1342,0.73,0.06,0.17,0.2,2.4,0.01,0.02,0,0,0.42,0.78,Likely Decreasing
"Logan County, KY",21141,Non-core,,,KY,4,27102,,0.006,0,0,0,0,0,6,22,4,14.8,-0.45,3,0,11,41,1,3.7,2886,10649,71,262,0,43,ModerateBurden,,Moderate,Moderate,0.008,165,609,1,0.92,-0.005,-0.46,0,-0.06,0.013,304,1122,1,0.98,0,0,0,0,0.11,0,0.12,0,0.21,0,,-1,-0.06,-0.01,0.04,-0.04,0.21,0,1,51,12,2,1,1,1,1,10278,0.379,9000,0.332,18,0.009,117,0.006,14,0.003,0,-0.0018,-0.0008,145,0.07,75,0.036,10133,0.488,8925,0.429,4048,0.801,3767,0.746,0.07,0.17,0.19,2.5,0.06,0.03,0,0,0.53,0.69,Uncertain
"Carroll County, MO",29033,Non-core,,,MO,7,8679,,0.001,0,0,0,0,0,6,69,0,0,0.5,,0,4,46,0,0,1050,12098,23,265,0,0,ModerateBurden,,Substantial,Moderate,0.085,49,565,1,1,0.066,-0.42,1,0.02,0.019,85,979,0,0.98,0,0,0,0,0.77,0,,,0,0,-1,,0.26,-0.04,,,0,0,1,12,0,17,1,1,1,1,3059,0.352,2778,0.32,1,0.001,34,0.005,6,0.003,-0.0042,-0.001,-0.0005,15,0.021,7,0.01,3043,0.453,2771,0.412,1409,0.735,1330,0.694,0.11,0.16,0.22,2.5,0.02,0.02,0,0,0.53,0.73,Uncertain
"Gem County, ID",16045,Medium metro,"Boise City, ID",Metropolitan,ID,10,18112,0.024,0.01,0,0,0,0,0,6,33,1,5.5,-0.33,,0,9,50,0,0,1815,10021,39,215,0,5,ModerateBurden,,Moderate,Substantial,0.035,108,596,0,1,-0.058,-0.42,0,0.01,0.093,187,1032,0,0.99,0,0,0,0,0.33,0,,,0,0,,,0.06,0,,,0,0,1,16,0,2,1,1,1,1,5456,0.301,4744,0.262,,,63,0.005,11,0.003,,-0.0013,-0.0003,,,,,5456,0.39,4744,0.339,2776,0.696,2513,0.63,0.17,0.18,0.22,2.6,0,0.09,0.01,0.01,0.66,0.48,Uncertain
"Pickens County, GA",13227,Large fringe metro,"Atlanta-Sandy Springs-Alpharetta, GA",Metropolitan,GA,4,32591,0.005,0.003,0,0,0,0,0,6,18,0,0,0.2,,0,5,15,0,0,3484,10690,78,239,0,17,ModerateBurden,,Moderate,Moderate,0.008,142,436,0,0.98,-0.028,-0.35,0,0.01,0.036,218,669,0,0.97,0,0,0,0,0.82,0.04,0.99,0.09,0.28,0,-1,,0.01,-0.02,-0.01,-0.13,-0.1,0,1,57,11,27,1,1,1,1,2646,0.081,2527,0.078,29,0.012,142,0.005,28,0.004,0.007,0.0006,-0.0005,46,0.019,21,0.009,2600,0.099,2506,0.096,1583,0.217,1476,0.203,0.11,0.1,0.22,2.6,0.01,0.03,0,0.01,0.28,0.45,Uncertain
"Monroe County, WI",55081,Non-core,,,WI,5,46253,,0.008,0,0,0,0,0,6,13,0,0,-0.77,-1,0,26,56,2,4.3,4728,10222,41,89,0,27,ModerateBurden,,Moderate,Substantial,0.014,236,510,0,1,-0.025,-0.39,0,0,0.039,384,830,0,1,7,11,4,6,0.36,0.01,,,0,0,0.17,0.34,-0.09,0,,,0,0,3,64,0,3,1,0.67,1,1,19280,0.417,17194,0.372,107,0.027,204,0.006,26,0.003,-0.0146,-0.0016,0.0004,726,0.183,263,0.066,18551,0.536,16930,0.49,6962,0.86,6661,0.823,0.09,0.13,0.18,2.5,0.02,0.05,0.01,0.01,0.46,0.63,Uncertain
"Lake County, MT",30047,Non-core,,,MT,8,30458,,0.028,0,0,586,0.019,0,6,20,0,0,-0.6,,0,15,49,0,0,2123,6970,36,118,0,11,ModerateBurden,,Moderate,Moderate,0.035,214,703,1,0.99,-0.014,-0.2,0,-0.01,0.049,268,880,1,1,7,13,0,0,0.38,0.04,,,0,0,-0.35,,0.05,-0.01,,,0,0,2,53,0,9,1,1,1,1,14199,0.466,12750,0.419,40,0.016,213,0.009,45,0.007,0.0028,0.0033,0.0019,364,0.146,181,0.073,13831,0.592,12567,0.538,6236,0.904,5807,0.842,0.16,0.21,0.23,2.5,0,0.05,0.23,0.01,0.65,0.59,Uncertain
"Goochland County, VA",51075,Large fringe metro,"Richmond, VA",Metropolitan,VA,3,23753,0.018,0.003,0,0,0,0,0,6,25,0,0,0.2,,0,5,21,0,0,1466,6172,23,97,0,44,ModerateBurden,,Moderate,Moderate,0.002,490,2063,2,1,-0.01,1.39,1,0.31,0.012,205,863,1,0.68,,,,,,,,,,,,,,,,,,,,,,,,,,,8744,0.368,7815,0.329,24,0.015,58,0.003,7,0.001,-0.0296,-0.002,-0.0006,399,0.246,187,0.115,8323,0.423,7626,0.388,2986,0.549,2842,0.523,0.05,0.05,0.23,2.5,0.16,0.03,0,0.02,0.05,0.25,Uncertain
"De Witt County, IL",17039,Small metro,,,IL,5,15638,,0.001,0,0,0,0,0,6,38,1,6.4,-0.62,0,0,16,102,1,6.4,1569,10033,29,185,0,22,ModerateBurden,,Moderate,High,0.023,254,1624,0,1,-0.011,-0.27,0,0.01,0.034,349,2232,0,0.99,0,0,0,0,0.11,0,,,0,0,-1,,0.01,-0.03,,,0,0,1,15,0,5,1,1,1,1,6498,0.416,5155,0.33,28,0.024,90,0.007,7,0.002,0,-0.0061,-0.0081,183,0.155,81,0.069,6309,0.511,5074,0.411,2456,0.794,2103,0.68,0.05,0.11,0.2,2.4,0.01,0.03,0,0,0.13,0.43,Uncertain
"Caldwell County, TX",48055,Large fringe metro,"Austin-Round Rock-Georgetown, TX",Metropolitan,TX,6,43664,0.02,0.002,0,0,0,0,0,6,14,0,0,-0.54,,0,13,30,0,0,5722,13105,98,224,0,29,ModerateBurden,,Moderate,Moderate,0.027,746,1709,0,1,0.004,-0.31,0,0,0.023,1082,2478,0,1,0,0,0,0,0.75,0,,,0,0,,,-0.04,0,,,0,0,2,47,0,5,1,1,1,1,,,,,,,,,,,,,,,,,,,,,,,,,,0.21,0.18,0.15,2.8,0.06,0.54,0,0.01,0.87,0.94,Uncertain
"Kalkaska County, MI",26079,Micropolitan,"Traverse City, MI",Micropolitan,MI,5,18038,0.12,0.002,0,0,0,0,0,6,33,0,0,-0.14,,0,7,39,0,0,1124,6231,23,128,0,45,ModerateBurden,,Moderate,Moderate,0.04,133,737,0,1,-0.009,-0.25,0,0.01,0.05,178,987,0,0.99,0,0,0,0,0.05,0,,,0,0,,,-0.09,0,,,0,0,1,8,0,2,1,1,1,1,7002,0.388,6507,0.361,2,0.002,53,0.004,12,0.003,-0.0008,-0.0034,0.0005,120,0.092,87,0.067,6882,0.48,6420,0.448,2863,0.768,2796,0.75,0.09,0.17,0.21,2.4,0.01,0.02,0.01,0.01,0.51,0.71,Uncertain
"Ellis County, KS",20051,Micropolitan,"Hays, KS",Micropolitan,KS,7,28553,1,0.01,0,1,6458,0.226,0,6,21,0,0,2,,0,2,7,0,0,3758,13161,72,252,0,0,ModerateBurden,,Moderate,Low,0.016,135,473,1,1,0.001,-0.46,0,0,0.015,251,879,1,1,3,3,0,0,0.75,0.02,0.39,0,0.08,0,2,,0.06,0.01,0.09,0,-0.03,0,1,110,22,19,1,1,1,1,11331,0.397,9935,0.348,34,0.017,65,0.003,9,0.002,-0.0127,-0.0012,-0.0002,214,0.109,83,0.042,11116,0.494,9852,0.438,3786,0.828,3586,0.785,0.06,0.16,0.16,2.4,0.01,0.06,0,0.02,0.16,0.06,Uncertain
"King and Queen County, VA",51097,Non-core,"Richmond, VA",Metropolitan,VA,3,7025,0.005,0.001,0,0,0,0,0,6,85,0,0,0.2,,0,5,71,0,0,411,5851,8,114,0,0,ModerateBurden,,Substantial,Substantial,0.024,38,541,1,1,0.024,-0.21,0,0,0,48,683,1,1,,,,,,,,,,,,,,,,,,,,,,,,,,,1778,0.253,1553,0.221,7,0.016,18,0.003,1,0.001,0.0047,-0.001,0,39,0.091,15,0.035,1737,0.3,1538,0.265,729,0.439,679,0.409,0.12,0.17,0.24,2.5,0.26,0.03,0.01,0,0.32,0.61,Uncertain
"Cherokee County, OK",40021,Micropolitan,"Tahlequah, OK",Micropolitan,OK,6,48657,1,0.012,0,1,5168,0.106,0,6,12,0,0,1,-1,0,3,6,3,6.2,5641,11593,78,160,0,27,ModerateBurden,,Substantial,Moderate,0.089,82,169,1,0.94,0.029,-0.2,0,-0.06,0.06,102,210,1,1,13,9,0,0,0.6,0.01,0.73,0.04,0.03,0,0.05,-1,-0.02,0,0.12,0.04,-0.08,0,2,146,20,21,1,1,1,1,17362,0.357,13371,0.275,64,0.018,166,0.004,14,0.002,0.0103,0.0018,0.0001,377,0.105,175,0.049,16985,0.446,13196,0.346,5723,0.693,4533,0.549,0.23,0.21,0.17,2.8,0.01,0.07,0.34,0.01,0.93,0.57,Uncertain
"Clinton County, MO",29049,Large fringe metro,"Kansas City, MO-KS",Metropolitan,MO,7,20387,0.009,0.003,0,0,0,0,0,6,29,0,0,0.5,,0,4,20,0,0,1981,9717,65,319,0,14,ModerateBurden,,Moderate,Moderate,0,304,1491,1,1,-0.018,0.96,0,0,0.018,155,760,1,0.99,3,5,0,0,0.61,0.03,0.77,0.31,0.07,0,0,,0.11,0.02,0.57,0.29,0.07,0,1,58,5,4,1,1,1,1,7043,0.345,5992,0.294,47,0.026,103,0.007,18,0.005,0.0154,0.0001,-0.0003,161,0.089,56,0.031,6882,0.44,5936,0.379,2596,0.701,2317,0.626,0.08,0.11,0.18,2.4,0.01,0.02,0.01,0,0.16,0.53,Uncertain
"Cassia County, ID",16031,Micropolitan,"Burley, ID",Micropolitan,ID,10,24030,0.533,0.013,0,0,0,0,0,6,25,0,0,2,,0,2,8,0,0,2955,12297,27,112,0,0,ModerateBurden,,Moderate,Low,0.03,121,504,1,0.92,0.022,-0.03,0,-0.08,0.008,125,520,1,1,2,6,0,0,0.38,0.01,0.6,0,0,0,1,,0.01,0,0.02,0,0,0,1,31,6,8,1,1,1,1,5947,0.247,5036,0.21,,,109,0.007,16,0.005,,0.0004,0.0009,,,,,5947,0.362,5036,0.306,2212,0.637,2034,0.586,0.16,0.14,0.14,2.9,0,0.27,0.01,0.01,0.67,0.32,Uncertain
"Fayette County, IA",19065,Non-core,,,IA,7,19650,,0.006,0,0,2409,0.123,0,6,31,0,0,5,-1,0,1,5,1,5.1,1860,9466,42,214,0,0,ModerateBurden,,Moderate,Low,0.059,109,555,0,1,0.052,-0.17,0,0.01,0.007,132,672,0,0.99,0,0,0,0,0.22,0,,,0,0,,,-0.05,0,,,0,0,2,40,0,2,1,1,1,1,8863,0.451,8174,0.416,20,0.014,58,0.004,5,0.001,-0.0173,-0.0021,-0.0019,171,0.118,72,0.05,8692,0.56,8102,0.522,3741,0.886,3534,0.837,0.05,0.12,0.21,2.3,0.02,0.03,0,0.01,0.23,0.25,Uncertain
"Missaukee County, MI",26113,Micropolitan,"Cadillac, MI",Micropolitan,MI,5,15118,0.31,0.002,0,0,0,0,0,6,40,1,6.6,-0.14,0,0,7,46,1,6.6,1506,9962,26,172,0,47,ModerateBurden,,Moderate,Moderate,0.016,110,728,0,1,-0.037,-0.41,0,0.01,0.053,186,1230,0,0.99,,,,,,,,,,,,,,,,,,,,,,,,,,,5898,0.39,5463,0.361,3,0.003,42,0.004,8,0.003,0.0008,-0.0093,-0.001,67,0.057,60,0.051,5829,0.5,5403,0.463,2438,0.778,2320,0.74,0.09,0.16,0.21,2.5,0,0.03,0.01,0.01,0.48,0.73,Uncertain
"Montmorency County, MI",26119,Non-core,,,MI,5,9328,,0.001,0,0,0,0,0,6,64,0,0,0.5,,0,4,43,0,0,615,6593,20,214,0,39,ModerateBurden,,Substantial,Moderate,0.035,110,1179,1,0.99,-0.009,-0.37,0,0,0.044,174,1865,1,0.99,,,,,,,,,,,,,,,,,,,,,,,,,,,4286,0.459,3928,0.421,2,0.004,29,0.004,8,0.003,0,-0.0015,-0.0016,34,0.065,32,0.061,4251,0.535,3896,0.49,2351,0.767,2167,0.707,0.08,0.17,0.33,2.2,0.01,0.01,0.01,0,0.37,0.75,Likely Decreasing
"Morgan County, CO",8087,Micropolitan,"Fort Morgan, CO",Micropolitan,CO,8,29068,1,0.005,0,0,0,0,0,6,21,1,3.4,-0.5,,0,12,41,0,0,2716,9344,95,327,0,14,ModerateBurden,,Moderate,Moderate,0.001,618,2126,1,1,-0.009,-0.23,0,0.01,0.011,798,2745,1,0.99,0,0,4,6,0.18,0,0.1,0,0,0,-1,3,-0.02,0,0.04,0,-0.04,0,2,62,10,7,1,1,1,1,7258,0.25,6883,0.237,24,0.01,128,0.006,13,0.003,0.0034,-0.0011,0.0002,181,0.076,105,0.044,7069,0.328,6777,0.314,1232,0.272,1632,0.36,0.08,0.1,0.16,2.6,0.04,0.36,0.01,0.01,0.74,0.67,Uncertain
"Sanilac County, MI",26151,Non-core,,,MI,5,41170,,0.004,0,0,0,0,0,6,15,2,4.9,-0.68,0,0,19,46,2,4.9,4253,10330,121,294,0,49,ModerateBurden,,Moderate,Moderate,0.05,227,551,0,1,0.006,-0.34,0,0.01,0.044,342,831,0,0.99,1,2,0,0,0.18,0,,,0,0,0,-1,-0.05,0,,,0,0,3,62,0,6,1,1,1,1,14493,0.352,13295,0.323,3,0.001,73,0.002,20,0.002,-0.0012,-0.0027,-0.0023,133,0.041,101,0.031,14357,0.444,13193,0.408,6220,0.684,5845,0.643,0.1,0.16,0.22,2.4,0.01,0.04,0,0,0.48,0.73,Uncertain
"Beltrami County, MN",27007,Micropolitan,"Bemidji, MN",Micropolitan,MN,5,47188,1,0.008,0,0,3435,0.073,0,6,13,1,2.1,-0.76,,0,25,53,0,0,4054,8591,60,127,0,16,ModerateBurdenResolving,,Moderate,Substantial,0.018,600,1272,0,0.98,-0.055,-0.2,0,-0.01,0.073,752,1594,0,1,5,3,3,2,0.56,0.05,0.5,0.2,0.04,0,-0.17,0.5,-0.01,-0.01,-0.07,0.16,0.01,0,2,147,10,17,1,1,1,1,23755,0.503,19268,0.408,247,0.068,225,0.006,24,0.003,0.0276,-0.0003,-0.0005,1054,0.288,291,0.08,22650,0.641,18976,0.537,7181,0.924,6615,0.851,0.09,0.18,0.16,2.5,0.01,0.03,0.21,0.01,0.78,0.22,Uncertain
"Butler County, AL",1013,Non-core,,,AL,4,19448,,0.004,0,0,0,0,0,6,31,0,0,-0.65,-1,0,17,87,1,5.1,2225,11441,71,365,0,6,ModerateBurden,,Moderate,High,0.041,92,473,1,0.97,-0.153,-0.28,0,-0.02,0.194,127,653,1,0.99,0,0,0,0,0.29,0.03,0.61,0.04,0,0,-1,,0.01,-0.03,-0.14,-0.14,0,0,1,44,7,2,1,1,1,1,5830,0.3,4512,0.232,1,0.001,10,0.001,3,0.001,0.0007,-0.0006,-0.0002,26,0.017,12,0.008,5804,0.382,4500,0.297,2624,0.648,2104,0.52,0.1,0.24,0.21,2.9,0.45,0.01,0,0.01,0.87,0.85,Uncertain
"Warren County, TN",47177,Micropolitan,"McMinnville, TN",Micropolitan,TN,4,41277,1,0.006,0,0,0,0,0,6,15,1,2.4,1,,0,3,7,0,0,5560,13470,83,201,0,54,ModerateBurden,,Moderate,Low,0.057,166,402,1,0.99,0.039,-0.25,0,-0.01,0.018,220,533,1,1,0,0,0,0,0.5,0.02,0.86,0.12,0.03,0,-1,-1,0.16,-0.03,0.2,-0.09,0,0,1,55,8,5,1,1,1,1,11817,0.286,9872,0.239,16,0.005,70,0.002,9,0.001,-0.0066,-0.002,-0.0019,172,0.05,64,0.018,11644,0.368,9808,0.31,5053,0.684,4589,0.621,0.12,0.23,0.18,2.5,0.03,0.09,0,0.01,0.83,0.59,Uncertain
"Hood River County, OR",41027,Micropolitan,"Hood River, OR",Micropolitan,OR,10,23382,1,0.006,0,0,0,0,0,6,26,0,0,0.2,-1,0,5,21,1,4.3,1210,5175,32,137,0,36,ModerateBurden,,Moderate,Moderate,0,182,778,1,0.99,-0.037,-0.43,0,0,0.037,318,1360,1,1,0,0,0,0,0.81,0,0.52,0,0,0,-1,,0.14,-0.05,0.13,-0.04,0,0,1,19,3,8,1,1,1,1,15737,0.673,14104,0.603,37,0.019,165,0.009,13,0.003,-0.0416,-0.0037,-0.0016,926,0.469,555,0.281,14776,0.827,13538,0.757,3530,0.927,3346,0.879,0.09,0.1,0.16,2.6,0,0.32,0.01,0.02,0.55,0.3,Uncertain
"Unicoi County, TN",47171,Small metro,"Johnson City, TN",Metropolitan,TN,4,17883,0.088,0.003,0,0,0,0,0,6,34,0,0,,,0,0,0,0,0,2055,11491,49,274,0,32,ModerateBurden,,Moderate,Low,0,57,319,1,0.97,-0.033,-0.51,0,-0.03,0.033,117,654,1,1,0,0,0,0,0.51,0,,,0.07,0,,,0.04,0,,,0,0,1,10,0,2,1,1,1,1,7583,0.424,6474,0.362,9,0.007,87,0.006,7,0.002,-0.0032,0.0016,-0.0005,137,0.111,54,0.044,7446,0.511,6420,0.441,3226,0.775,2940,0.706,0.1,0.21,0.23,2.3,0,0.05,0,0,0.8,0.92,Uncertain
"Northampton County, NC",37131,Micropolitan,"Roanoke Rapids, NC",Micropolitan,NC,4,19483,0.28,0.002,0,0,0,0,0,6,31,1,5.1,,,0,0,0,0,0,1894,9721,60,308,0,47,ModerateBurden,,Moderate,Low,0.036,238,1222,1,0.99,0.029,-0.21,0,-0.01,0.008,302,1550,1,1,,,,,,,,,,,,,,,,,,,,,,,,,,,7292,0.374,6095,0.313,7,0.006,45,0.003,12,0.002,-0.0024,-0.0016,0.0002,47,0.038,11,0.009,7240,0.449,6084,0.377,3661,0.697,3240,0.616,0.15,0.22,0.27,2.2,0.57,0.03,0,0,0.9,0.93,Uncertain
"Jefferson County, WI",55055,Micropolitan,"Watertown-Fort Atkinson, WI",Micropolitan,WI,5,84769,1,0.015,0,0,567,0.007,0,6,7,1,1.2,-0.54,,0,13,15,0,0,9662,11398,134,158,0,52,LowBurden,,Low,Moderate,0.012,715,843,1,1,-0.003,-0.37,0,0,0.016,1138,1342,1,1,0,0,0,0,0.38,0,0.43,0,0,0,,,-0.12,0,-0.07,0,0,0,1,32,2,3,1,1,1,1,38557,0.455,34062,0.402,83,0.012,419,0.006,35,0.002,-0.0396,-0.0039,-0.0032,1573,0.237,590,0.089,36981,0.551,33472,0.499,12223,0.816,11745,0.784,0.05,0.09,0.18,2.5,0.01,0.07,0,0.01,0.19,0.31,Uncertain
"Halifax County, VA",51083,Non-core,,,VA,3,33911,,0.004,0,0,0,0,0,6,18,0,0,-0.33,,0,9,27,0,0,2831,8348,78,230,0,133,ModerateBurden,,Moderate,Moderate,0.016,157,463,1,1,-0.02,-0.23,0,0.01,0.036,204,602,1,0.99,0,0,0,0,0.43,0.01,0.57,0,0.19,0,-1,-1,-0.05,-0.02,-0.12,-0.11,-0.02,0,1,81,12,32,1,1,1,1,5425,0.16,4644,0.137,12,0.005,87,0.003,21,0.003,-0.002,-0.0001,0.0004,91,0.036,38,0.015,5331,0.197,4606,0.17,2404,0.286,2160,0.257,0.1,0.15,0.25,2.4,0.36,0.02,0,0.01,0.67,0.58,Uncertain
"Roane County, TN",47145,Medium metro,"Knoxville, TN",Metropolitan,TN,4,53382,0.061,0.008,0,0,0,0,0,6,11,0,0,,,0,0,0,0,0,6349,11894,105,197,0,40,ModerateBurden,,Moderate,Low,0.019,108,202,1,1,-0.011,-0.44,0,0.01,0.03,193,362,1,0.99,3,7,0,0,0.73,0.06,0.86,0.24,0.38,0.12,,,0.08,0.04,-0.1,0.07,-0.02,0.02,1,44,6,7,1,1,1,1,18018,0.338,15364,0.288,12,0.003,118,0.003,24,0.002,-0.0191,-0.0023,-0.0008,278,0.075,87,0.023,17732,0.408,15276,0.352,7706,0.623,7064,0.571,0.09,0.15,0.23,2.5,0.03,0.02,0,0.01,0.38,0.63,Uncertain
"Winnebago County, IA",19189,Non-core,,,IA,7,10354,,0.003,0,0,0,0,0,6,58,0,0,-0.14,,0,7,68,0,0,1442,13927,31,299,0,29,ModerateBurden,,Substantial,Substantial,0.037,87,840,0,0.99,0.001,-0.26,0,-0.01,0.036,118,1140,0,1,,,,,,,,,,,,,,,,,,,,,,,,,,,4549,0.439,4198,0.405,7,0.009,38,0.005,6,0.003,-0.0115,-0.0016,0,85,0.108,37,0.047,4464,0.551,4161,0.514,1727,0.757,1623,0.711,0.03,0.08,0.22,2.2,0.01,0.05,0,0.01,0.21,0.51,Uncertain
"Musselshell County, MT",30065,Non-core,,,MT,8,4633,,0.004,0,0,0,0,0,6,130,0,0,-0.14,,0,7,151,0,0,362,7814,12,259,0,2,ModerateBurden,,High,High,0.13,38,820,2,1,-0.01,-0.38,1,0,0.14,61,1317,1,1,0,0,0,0,0.66,0,,,0,0,,,-0.02,0,,,0,0,1,25,0,2,1,1,1,1,1284,0.277,1163,0.251,,,17,0.004,1,0.001,0,0.0016,-0.0008,6,0.019,5,0.016,1278,0.338,1158,0.307,658,0.514,622,0.486,0.08,0.19,0.28,2.3,0.01,0.04,0.02,0.02,0.36,0.12,Uncertain
"Towns County, GA",13281,Non-core,,,GA,4,12037,,0.001,0,0,984,0.082,0,6,50,1,8.3,0,,0,6,50,0,0,1250,10385,57,474,0,28,ModerateBurden,,Substantial,Substantial,0,38,316,0,1,-0.079,0.15,-0.5,0,0.079,33,274,0.5,1,0,0,0,0,0.86,0,,,0,0,,,0.06,0,,,0,0,1,25,0,1,1,1,1,1,680,0.056,611,0.051,7,0.013,46,0.004,19,0.005,0.0077,0.0014,0.0012,13,0.025,13,0.025,667,0.063,598,0.057,350,0.083,271,0.064,0.11,0.16,0.35,2.2,0.01,0.03,0,0.01,0.33,0.61,Uncertain
"Martin County, MN",27091,Non-core,"Fairmont, MN",Micropolitan,MN,5,19683,1,0.003,0,0,0,0,0,6,30,0,0,-0.54,,0,13,66,0,0,2345,11914,32,163,0,30,ModerateBurden,,Moderate,Substantial,0.021,426,2164,0,1,-0.023,-0.03,0,0.01,0.044,440,2235,0,0.99,1,4,0,0,0.45,0.01,,,0,0,-0.67,-1,-0.05,-0.02,,,0,0,1,24,0,3,1,1,1,1,9028,0.459,8061,0.41,16,0.011,49,0.003,7,0.001,-0.0092,-0.0024,-0.0006,227,0.15,108,0.071,8793,0.572,7951,0.517,3873,0.816,3641,0.767,0.06,0.13,0.24,2.3,0.01,0.05,0,0.01,0.19,0.47,Uncertain
"Lauderdale County, TN",47097,Non-core,,,TN,4,25633,,0.004,0,0,0,0,0,6,23,1,3.9,-0.14,0,0,7,27,1,3.9,3238,12632,48,187,0,15,ModerateBurden,,Moderate,Moderate,0.029,111,433,1,0.91,-0.015,-0.25,0,-0.01,0.043,148,577,1,0.92,0,0,0,0,0.24,0,,,0,0,,,-0.08,0,,,0,0,1,40,0,2,1,1,1,1,6613,0.258,5434,0.212,7,0.003,86,0.004,15,0.004,0.002,0.0007,0.001,53,0.026,21,0.01,6560,0.329,5413,0.271,2754,0.659,2357,0.564,0.1,0.22,0.16,2.4,0.35,0.03,0.01,0.01,0.97,0.95,Uncertain
"Polk County, MN",27119,Small metro,"Grand Forks, ND-MN",Metropolitan,MN,5,31364,0.311,0.006,0,0,1206,0.038,0,6,19,0,0,-0.45,,0,11,35,0,0,3886,12390,71,226,0,32,ModerateBurden,,Moderate,Moderate,0.009,328,1046,0,1,-0.014,-0.17,0,0,0.023,397,1266,0,1,0,0,0,0,0.35,0,0.04,0,0,0,,,0.04,0,-0.11,0,0,0,2,42,4,12,1,1,1,1,10401,0.332,9098,0.29,22,0.009,55,0.002,15,0.003,-0.0031,-0.0018,0.0009,360,0.139,156,0.06,10034,0.424,8942,0.378,3874,0.671,3570,0.618,0.04,0.13,0.18,2.4,0.03,0.07,0.01,0.01,0.37,0.41,Uncertain
"Fulton County, PA",42057,Non-core,,,PA,3,14530,,0.001,0,0,0,0,0,6,41,0,0,-0.65,,0,17,117,0,0,1361,9367,15,103,0,43,ModerateBurden,,Moderate,High,0.023,174,1198,1,0.99,0.01,-0.3,0,0.09,0.013,250,1721,1,0.9,7,33,0,0,0.88,0.05,,,0,0,0.75,,0.17,0.02,,,0,0,1,21,0,2,1,1,1,1,3838,0.264,3448,0.237,8,0.008,49,0.004,10,0.003,0.0019,-0.002,-0.0038,57,0.055,20,0.019,3780,0.324,3428,0.294,1812,0.567,1700,0.532,0.07,0.11,0.22,2.4,0.01,0.01,0,0,0.22,0.72,Uncertain
"Unallocated, NJ",34000,,,,NJ,2,,,,,,,,0,6,,0,,-1.15,,0,-41,,0,,830,,0,,0,,,,,,0.038,107,,,,0.008,-0.4,,,0.03,179,,,,,,,,,,,,,,,,,,,,,,,,,,,,,,286332,,329509,,2267,,2118,,166,,,,,33466,,18609,,252837,,310890,,72885,,101582,,,,,,,,,,,,
"Henry County, MO",29083,Non-core,,,MO,7,21824,,0.004,0,0,0,0,0,6,27,0,0,-0.25,,0,8,37,0,0,2040,9348,40,183,0,2,ModerateBurden,,Moderate,Moderate,0.043,486,2227,1,1,0.025,-0.18,0,0,0.018,594,2722,1,1,0,0,2,5,0.5,0,0.52,0,0,0,,,-0.15,0,-0.19,0,0,0,1,43,5,15,1,1,1,1,7125,0.326,6199,0.284,9,0.006,89,0.005,18,0.004,-0.0031,0.0015,0.0025,98,0.06,29,0.018,7022,0.411,6170,0.362,3290,0.682,3045,0.631,0.11,0.22,0.22,2.3,0.01,0.03,0.01,0,0.6,0.43,Uncertain
"Morrow County, OH",39117,Large fringe metro,"Columbus, OH",Metropolitan,OH,5,35328,0.017,0.003,0,0,0,0,0,6,17,0,0,-0.6,,0,15,42,0,0,2910,8237,40,113,0,30,ModerateBurden,,Moderate,Moderate,0.032,223,631,0,1,-0.023,-0.02,0,0,0.055,228,645,0,1,2,8,0,0,0.14,0.01,0.05,0,0,0,-0.33,,-0.04,-0.01,0.05,0,0,0,1,25,3,10,1,1,1,1,10923,0.309,10488,0.297,22,0.007,111,0.004,21,0.003,-0.0056,-0.0027,-0.0014,275,0.09,146,0.048,10648,0.389,10342,0.378,4257,0.676,4171,0.663,0.06,0.1,0.18,2.7,0.01,0.02,0,0,0.19,0.46,Uncertain
"Charlevoix County, MI",26029,Non-core,,,MI,5,26143,,0.003,0,0,0,0,0,6,23,0,0,-0.4,-1,0,10,38,1,3.8,1669,6384,21,80,0,42,ModerateBurden,,Moderate,Moderate,0.025,174,666,0,1,-0.032,-0.07,0,0.03,0.058,187,715,0,0.97,0,0,0,0,0.22,0,,,0,0,-1,,-0.06,0,,,0,0,1,25,0,4,1,1,1,1,13788,0.527,13417,0.513,15,0.008,85,0.004,18,0.003,-0.009,-0.0019,0.0005,348,0.184,316,0.167,13440,0.631,13101,0.615,4868,0.741,5219,0.794,0.06,0.11,0.25,2.3,0,0.02,0.01,0.01,0.1,0.45,Uncertain
"Johnson County, WY",56019,Non-core,,,WY,8,8445,,0.015,0,0,0,0,0,6,71,0,0,2,,0,2,24,0,0,729,8632,10,118,0,0,ModerateBurden,,Substantial,Moderate,0,29,343,0,1,0,0.45,-2,0,0,20,237,2,1,6,19,0,0,0.14,0.01,0.29,0.05,0,0,0.2,,0.03,0,0.14,0.05,0,0,1,32,3,3,1,1,1,1,2823,0.334,2578,0.305,12,0.018,31,0.005,9,0.004,0.0132,0.0012,0.0014,26,0.038,9,0.013,2797,0.423,2569,0.388,1398,0.673,1323,0.637,0.14,0.11,0.25,2.2,0.01,0.05,0.01,0.01,0.18,0.26,Uncertain
"Monroe County, OH",39111,Non-core,,,OH,5,13654,,0.001,0,0,0,0,0,6,44,0,0,-0.67,,0,18,132,0,0,1357,9938,44,322,0,1,ModerateBurden,,Moderate,High,0.014,134,981,1,0.99,-0.135,0.15,0,0.02,0.149,117,857,1,0.97,,,,,,,,,,,,,,,,,,,,,,,,,,,4822,0.353,4716,0.345,3,0.003,63,0.006,19,0.006,-0.0043,-0.0009,0.0036,50,0.054,27,0.029,4772,0.437,4689,0.429,2304,0.699,2309,0.701,0.07,0.17,0.24,2.4,0.01,0.01,0,0,0.44,0.8,Uncertain
"Juniata County, PA",42067,Non-core,,,PA,3,24763,,0.002,0,0,0,0,0,6,24,0,0,-0.4,-1,0,10,40,1,4,2136,8626,87,351,0,37,ModerateBurden,,Moderate,Moderate,0.032,201,812,1,0.92,-0.013,-0.26,0,0.05,0.046,273,1102,1,0.88,,,,,,,,,,,,,,,,,,,,,,,,,,,8637,0.349,7383,0.298,16,0.008,107,0.006,25,0.005,-0.0075,-0.0046,-0.0012,150,0.075,55,0.027,8487,0.442,7328,0.381,3871,0.757,3522,0.689,0.1,0.12,0.21,2.6,0.01,0.04,0,0,0.45,0.65,Uncertain
"Cheboygan County, MI",26031,Non-core,,,MI,5,25276,,0.003,0,0,0,0,0,6,24,0,0,5,,0,1,4,0,0,1927,7624,45,178,0,42,ModerateBurden,,Moderate,Low,0.029,151,597,0,0.99,0.008,-0.27,0,-0.01,0.021,208,823,0,1,,,,,,,,,,,,,,,,,,,,,,,,,,,11512,0.455,9982,0.395,24,0.015,87,0.004,16,0.002,0.0075,-0.0003,-0.0001,124,0.077,87,0.054,11388,0.538,9895,0.467,5178,0.73,4531,0.639,0.08,0.15,0.28,2.2,0.01,0.01,0.03,0,0.29,0.63,Uncertain
"Fayette County, TX",48149,Non-core,,,TX,6,25346,,0.001,0,0,0,0,0,6,24,1,3.9,1,0,0,3,12,1,3.9,2745,10830,67,264,0,49,ModerateBurden,,Moderate,Moderate,0.006,181,714,0,0.99,-0.016,-0.29,0,0,0.022,256,1010,0,0.99,0,0,0,0,0.33,0.02,,,0,0,,,-0.13,-0.06,,,0,0,1,38,0,9,1,1,1,1,,,,,,,,,,,,,,,,,,,,,,,,,,0.11,0.11,0.26,2.7,0.06,0.22,0,0,0.44,0.38,Uncertain
"Lincoln County, OR",41041,Micropolitan,"Newport, OR",Micropolitan,OR,10,49962,1,0.012,0,0,0,0,0,5,10,0,0,0,,0,5,10,0,0,1406,2814,21,42,0,47,ModerateBurden,,Moderate,Moderate,0.016,202,404,1,1,-0.012,0.06,0,0.12,0.028,190,380,1,0.88,1,1,8,8,0.38,0.01,0.67,0.04,0.01,0.01,,0.33,-0.01,0.01,0.03,0.04,0.01,0.01,2,95,10,25,1,1,1,1,29337,0.587,26199,0.524,61,0.021,264,0.006,39,0.003,-0.0291,-0.0026,-0.0022,1056,0.371,420,0.147,28229,0.676,25774,0.618,12266,0.837,11672,0.796,0.1,0.17,0.29,2.2,0.01,0.09,0.03,0.01,0.55,0.63,Uncertain
"Baraga County, MI",26013,Non-core,,,MI,5,8209,,0.001,0,0,0,0,0,5,61,0,0,-0.75,,0,20,244,0,0,815,9928,37,451,0,19,ModerateBurden,,Substantial,High,0.002,796,9697,2,1,0.002,-0.01,0,0,0,807,9831,2,1,0,0,0,0,0.37,0.03,,,0,0,-1,,0.03,0.03,,,0,0,1,15,0,4,1,1,1,1,3754,0.457,3347,0.408,,,183,0.027,14,0.007,-0.0502,0.0139,0.0037,38,0.071,10,0.019,3715,0.545,3337,0.49,1455,0.779,1391,0.745,0.05,0.16,0.23,2.4,0.08,0.02,0.14,0,0.66,0.85,Uncertain
"Whiteside County, IL",17195,Micropolitan,"Sterling, IL",Micropolitan,IL,5,55175,1,0.004,0,0,0,0,0,5,9,1,1.8,-0.29,0,0,7,13,1,1.8,7193,13037,174,315,0,45,LowBurden,,Low,Moderate,0.017,476,863,1,1,0.014,-0.61,0,0,0.004,1233,2235,1,1,0,0,0,0,0.52,0,0.5,0,0.01,0,-1,,0.05,-0.01,0.07,-0.02,-0.03,0,2,127,18,14,1,1,1,1,28009,0.508,20736,0.376,103,0.024,357,0.008,45,0.004,-0.0095,-0.0047,-0.0024,1192,0.282,462,0.109,26785,0.622,20269,0.47,10021,0.854,8294,0.707,0.05,0.11,0.21,2.4,0.02,0.12,0,0.01,0.33,0.53,Uncertain
"Terrell County, GA",13273,Small metro,"Albany, GA",Metropolitan,GA,4,8531,0.058,0.001,0,0,0,0,0,5,59,0,0,1.5,-1,0,2,23,1,11.7,819,9600,48,563,0,0,ModerateBurden,,High,Moderate,0.111,36,422,0,0.87,0.085,-0.23,0,0.08,0.026,47,551,0,0.79,,,,,,,,,,,,,,,,,,,,,,,,,,,903,0.106,833,0.098,7,0.01,41,0.006,8,0.005,-0.0015,-0.0055,0.0006,23,0.033,8,0.012,880,0.134,825,0.126,317,0.185,305,0.178,0.18,0.32,0.2,2.6,0.6,0.03,0,0,0.96,0.98,Uncertain
"Kit Carson County, CO",8063,Non-core,,,CO,8,7097,,0.001,0,0,0,0,0,5,70,0,0,4,,0,1,14,0,0,633,8919,11,155,0,12,ModerateBurden,,Substantial,Moderate,0.023,89,1254,1,1,0.023,-0.34,0,0,0,134,1888,1,1,0,0,0,0,0.09,0,,,0,0,,,-0.09,0,,,0,0,1,19,0,2,1,1,1,1,1142,0.161,1258,0.177,12,0.019,13,0.002,4,0.003,0.0081,-0.0021,0.0022,26,0.042,4,0.006,1115,0.21,1254,0.236,266,0.192,385,0.278,0.13,0.1,0.2,2.4,0.01,0.19,0.01,0.01,0.52,0.34,Likely Decreasing
"Dyer County, TN",47045,Micropolitan,"Dyersburg, TN",Micropolitan,TN,4,37159,1,0.005,0,0,0,0,0,5,13,2,5.4,0.25,,0,4,11,0,0,5462,14699,108,291,0,32,ModerateBurden,,Moderate,Moderate,0,72,194,1,1,-0.051,-0.41,0,0.05,0.051,122,328,1,0.95,3,2,2,1,0.28,0.02,0.45,0.15,0.1,0.05,0,,-0.08,-0.02,-0.12,-0.07,-0.06,-0.02,1,142,14,41,1,1,1,1,9695,0.261,8259,0.222,13,0.004,58,0.002,9,0.001,-0.0016,-0.0026,-0.0028,106,0.034,47,0.015,9582,0.338,8210,0.29,4137,0.62,3738,0.56,0.09,0.19,0.18,2.4,0.14,0.04,0,0.01,0.76,0.6,Uncertain
"Dodge County, MN",27039,Small metro,"Rochester, MN",Metropolitan,MN,5,20934,0.094,0.004,0,0,0,0,0,5,24,0,0,-0.17,,0,6,29,0,0,1874,8952,3,14,0,28,ModerateBurden,,Moderate,Moderate,0.019,563,2689,0,0.99,0.005,0.6,-1,-0.01,0.014,351,1677,1,1,,,,,,,,,,,,,,,,,,,,,,,,,,,10128,0.484,8747,0.418,57,0.029,59,0.004,11,0.003,-0.0162,-0.0012,0.0013,622,0.314,257,0.13,9475,0.608,8486,0.545,2716,0.856,2609,0.822,0.04,0.06,0.15,2.6,0.01,0.05,0,0.01,0.06,0.32,Uncertain
"Traill County, ND",38097,Non-core,,,ND,8,8036,,0.011,0,0,613,0.076,0,5,62,0,0,,,0,0,0,0,0,1052,13091,18,224,0,45,ModerateBurden,,High,Low,0.1,12,149,0,1,0.1,0.09,0,0,0,11,137,0,1,0,0,0,0,0.59,0.02,,,0,0,,,0.07,0.02,,,0,0,2,20,0,1,1,1,1,1,3423,0.426,3064,0.381,24,0.037,14,0.002,4,0.002,0.0312,-0.0016,0.0019,98,0.153,48,0.075,3320,0.535,3015,0.486,1211,0.754,1118,0.696,0.05,0.07,0.2,2.3,0.01,0.04,0.01,0.01,0.09,0.06,Uncertain
"Breathitt County, KY",21025,Non-core,,,KY,4,12630,,0.003,0,0,47,0.004,0,5,40,0,0,4,,0,1,8,0,0,1037,8211,9,71,0,17,ModerateBurden,,Moderate,Low,0,136,1077,0,0.99,-0.028,-0.04,0,-0.01,0.028,141,1116,0,1,0,0,0,0,0.54,0.01,0.69,0,0.1,0,,,-0.19,-0.01,-0.24,0,0.1,0,1,55,6,6,1,1,1,1,4527,0.358,3900,0.309,5,0.006,44,0.004,8,0.004,-0.0023,-0.0016,0,100,0.113,35,0.04,4427,0.443,3865,0.386,1499,0.669,1355,0.605,0.04,0.36,0.18,2.4,0.01,0.01,0,0.01,0.82,0.72,Uncertain
"Emery County, UT",49015,Non-core,,,UT,8,10012,,0.003,0,0,0,0,0,5,50,0,0,0.67,,0,3,30,0,0,948,9469,9,90,0,2,ModerateBurden,,Substantial,Moderate,0.03,123,1229,0,0.99,0.005,-0.05,0,-0.01,0.024,129,1288,0,0.99,,,,,,,,,,,,,,,,,,,,,,,,,,,3326,0.332,2552,0.255,13,0.012,27,0.004,4,0.002,0.0102,0.0022,0.0023,76,0.07,38,0.035,3247,0.453,2514,0.351,1312,0.742,911,0.515,0.1,0.13,0.18,2.8,0,0.06,0.01,0.01,0.26,0.31,Uncertain
"Redwood County, MN",27127,Non-core,,,MN,5,15170,,0.003,0,0,0,0,0,5,33,0,0,0.67,-1,0,3,20,1,6.6,1762,11615,38,250,0,51,ModerateBurden,,Moderate,Moderate,0.016,200,1318,0,0.99,-0.007,-0.51,-1,0,0.024,406,2676,1,0.99,0,0,1,16,0.69,0.11,,,0,0,-1,0.07,-0.02,0.01,,,0,0,1,6,0,3,1,1,1,1,6541,0.431,5678,0.374,14,0.01,42,0.004,6,0.002,-0.0446,-0.0066,-0.0034,214,0.159,95,0.071,6315,0.554,5581,0.49,2687,0.821,2517,0.769,0.06,0.11,0.22,2.4,0.01,0.04,0.04,0.03,0.23,0.23,Uncertain
"Steele County, ND",38091,Non-core,,,ND,8,1890,,0.002,0,0,0,0,0,5,265,0,0,0,,0,5,265,0,0,193,10212,2,106,0,0,ModerateBurden,,High,High,0.1,9,476,3.5,0.5,-0.275,0.8,3,-0.5,0.375,5,265,0.5,1,,,,,,,,,,,,,,,,,,,,,,,,,,,782,0.414,674,0.357,2,0.015,2,0.001,,,0,0.0007,0,14,0.106,5,0.038,767,0.52,669,0.454,341,0.716,296,0.622,0.06,0.06,0.25,2.1,0,0.02,0.01,0,0,0,Likely Decreasing
"Bayfield County, WI",55007,Non-core,,,WI,5,15036,,0.003,0,0,0,0,0,5,33,1,6.7,4,,0,1,7,0,0,1291,8586,20,133,0,19,ModerateBurden,,Moderate,Low,0.026,232,1543,1,1,0.014,-0.58,0,0,0.011,553,3678,1,0.99,,,,,,,,,,,,,,,,,,,,,,,,,,,10629,0.707,9398,0.625,7,0.007,60,0.005,11,0.003,-0.0502,-0.005,-0.0009,334,0.356,112,0.12,10295,0.828,9286,0.747,4234,0.997,3975,0.936,0.06,0.12,0.28,2.1,0.01,0.02,0.1,0.01,0.1,0.16,Uncertain
"Butler County, MO",29023,Micropolitan,"Poplar Bluff, MO",Micropolitan,MO,7,42478,0.762,0.007,0,0,0,0,0,5,12,1,2.4,-0.17,,0,6,14,0,0,4232,9963,49,115,0,9,ModerateBurden,,Moderate,Moderate,0.031,120,282,0,0.94,-0.035,-0.71,0,-0.06,0.065,411,968,0,1,0,0,0,0,0.86,0,0.89,0,0.19,0.01,,,0.03,0,-0.03,0,-0.01,-0.03,2,159,10,23,0.5,0.5,1,0.5,10365,0.244,8697,0.205,20,0.006,108,0.003,26,0.003,0.0015,-0.0021,-0.0011,94,0.028,27,0.008,10271,0.315,8670,0.266,4635,0.569,4102,0.504,0.13,0.22,0.19,2.6,0.05,0.02,0.01,0.01,0.82,0.77,Uncertain
"Mason County, TX",48319,Non-core,,,TX,6,4274,,0,0,0,0,0,0,5,117,0,0,-0.44,,0,9,211,0,0,425,9944,6,140,0,0,ModerateBurden,,High,High,0,33,772,0,1,-0.062,2.3,0,0,0.062,10,234,0,1,,,,,,,,,,,,,,,,,,,,,,,,,,,,,,,,,,,,,,,,,,,,,,,,,,,,0.2,0.15,0.29,2.5,0,0.25,0,0,0.36,0.67,Uncertain
"Jackson County, TN",47087,Micropolitan,"Cookeville, TN",Micropolitan,TN,4,11786,0.103,0.002,0,0,0,0,0,5,42,0,0,1.5,,0,2,17,0,0,1333,11310,36,305,0,0,ModerateBurden,,Moderate,Moderate,0,15,127,0.5,1,-0.04,-0.5,-0.5,0,0.04,30,255,1,1,,,,,,,,,,,,,,,,,,,,,,,,,,,2937,0.249,2570,0.218,2,0.003,17,0.002,4,0.001,-0.0027,-0.0013,-0.0015,20,0.027,6,0.008,2915,0.301,2563,0.265,1415,0.524,1314,0.486,0.1,0.2,0.23,2.5,0.01,0.02,0.01,0,0.6,0.8,Uncertain
"Franklin County, TN",47051,Micropolitan,"Tullahoma-Manchester, TN",Micropolitan,TN,4,42208,0.401,0.006,0,0,1744,0.041,0,5,12,1,2.4,0.25,,0,4,9,0,0,5179,12270,91,216,0,67,ModerateBurden,,Moderate,Low,0.024,98,232,1,0.98,-0.015,-0.31,0,-0.02,0.039,142,336,1,0.99,2,3,0,0,0.41,0.01,0.82,0,0.09,0,,,0.01,0.01,0.31,0,0.07,0,1,78,11,11,1,1,1,1,12884,0.305,10526,0.249,9,0.003,105,0.003,21,0.002,-0.0036,-0.0014,-0.0002,172,0.056,74,0.024,12709,0.375,10451,0.309,5895,0.686,5277,0.614,0.07,0.15,0.2,2.4,0.05,0.04,0,0.01,0.38,0.46,Uncertain
"Russell County, VA",51167,Non-core,,,VA,3,26586,,0.003,0,0,0,0,0,5,19,0,0,0.25,-1,0,4,15,1,3.8,2297,8640,39,147,0,10,ModerateBurden,,Substantial,Moderate,0.094,88,331,1,0.99,0.058,-0.23,1,-0.01,0.036,115,433,0,1,0,0,0,0,0.65,0,0.81,0,0.14,0,,-1,0.06,0,0.12,0,0.12,0,1,13,3,6,1,1,1,1,7702,0.29,6320,0.238,31,0.017,62,0.003,12,0.002,0.0051,-0.0012,-0.0008,186,0.105,88,0.05,7512,0.348,6232,0.288,2929,0.489,2492,0.416,0.1,0.19,0.23,2.4,0.01,0.01,0,0,0.45,0.76,Uncertain
"Greene County, VA",51079,Small metro,"Charlottesville, VA",Metropolitan,VA,3,19819,0.091,0.002,0,0,0,0,0,5,25,0,0,-0.29,,0,7,35,0,0,1293,6524,18,91,0,17,ModerateBurden,,Moderate,Moderate,0.049,194,979,1,1,0.017,0.1,0,0.03,0.032,177,893,1,0.97,,,,,,,,,,,,,,,,,,,,,,,,,,,523,0.026,400,0.02,1,0.001,9,0.001,4,0.001,0.0006,-0.0002,0.0008,4,0.002,3,0.002,516,0.034,395,0.026,178,0.05,132,0.037,0.12,0.06,0.18,2.6,0.07,0.06,0,0.02,0.16,0.23,Uncertain
"Iowa County, WI",55049,Medium metro,"Madison, WI",Metropolitan,WI,5,23678,0.036,0.004,0,0,0,0,0,5,21,1,4.2,-0.5,-0.5,0,10,42,2,8.4,2149,9076,14,59,0,35,ModerateBurden,,Moderate,Moderate,0.007,249,1052,1,1,-0.034,-0.1,0,0,0.041,276,1166,1,1,0,0,0,0,0.42,0,0,0,0,0,,,-0.21,0,-0.1,0,0,0,1,20,1,16,1,1,1,1,13705,0.579,12298,0.519,103,0.054,93,0.005,7,0.002,0.027,-0.0036,-0.0015,649,0.337,229,0.119,13054,0.71,12069,0.656,4295,0.932,4195,0.91,0.04,0.08,0.19,2.4,0.01,0.02,0,0.01,0.01,0.17,Uncertain
"Jackson County, KY",21109,Non-core,,,KY,4,13329,,0.003,0,0,0,0,0,5,38,0,0,1.5,,0,2,15,0,0,1327,9956,32,240,0,19,ModerateBurden,,Moderate,Moderate,0.016,84,630,0,1,0.004,-0.22,0,0,0.012,108,810,0,1,,,,,,,,,,,,,,,,,,,,,,,,,,,3310,0.248,2863,0.215,8,0.008,40,0.004,5,0.002,0.001,-0.0014,-0.0012,49,0.05,21,0.021,3260,0.315,2842,0.275,1234,0.513,1134,0.471,0.04,0.3,0.18,2.4,0,0.01,0,0,0.67,0.82,Uncertain
"Limestone County, TX",48293,Non-core,,,TX,6,23437,,0.001,0,0,0,0,0,5,21,0,0,0.25,-1,0,4,17,1,4.3,2816,12015,80,341,0,31,ModerateBurden,,Moderate,Moderate,0.023,174,742,0,1,0.011,-0.18,-1,0,0.011,213,909,1,1,0,0,0,0,0.22,0.01,0.16,0.07,0.03,0,-1,,0,0,0.02,-0.03,0.02,0,2,44,6,17,1,1,1,1,,,,,,,,,,,,,,,,,,,,,,,,,,0.21,0.21,0.2,2.8,0.17,0.23,0,0.01,0.95,0.81,Uncertain
"San Juan County, UT",49037,Non-core,,,UT,8,15308,,0.005,0,0,0,0,0,5,33,0,0,0.67,,0,3,20,0,0,1922,12556,37,242,0,24,ModerateBurden,,High,Moderate,0.101,48,314,0,1,0.033,-0.41,0,0.02,0.068,81,529,0,0.98,2,6,0,0,0.3,0.02,0.07,0,0,0,0,,0.08,-0.01,-0.14,-0.21,0,0,2,36,2,5,1,1,1,1,7161,0.468,4578,0.299,11,0.007,27,0.002,4,0.002,-0.0293,-0.0031,-0.0013,454,0.278,163,0.1,6706,0.62,4414,0.408,1730,0.758,1337,0.586,0.21,0.27,0.15,3.7,0,0.06,0.47,0.01,0.98,0.71,Uncertain
"Summit County, UT",49043,Micropolitan,"Heber, UT",Micropolitan,UT,8,42145,0.553,0.013,0,0,0,0,0,5,12,0,0,0.67,,0,3,7,0,0,5577,13233,13,31,0,64,ModerateBurden,,Moderate,Low,0.015,654,1552,1,0.98,0.004,-0.18,0,-0.02,0.011,795,1886,1,1,3,9,0,0,0.35,0.03,0.32,0,0,0,,,-0.07,0.03,0,0,-0.01,0,1,35,4,23,1,1,1,1,30506,0.724,22172,0.526,127,0.032,233,0.007,14,,0.0025,0.0001,0,1700,0.422,738,0.183,28791,0.899,21431,0.669,5783,0.999,3902,0.692,0.08,0.07,0.13,2.8,0.01,0.11,0,0.02,0.05,0.04,Uncertain
"Lawrence County, KY",21127,Non-core,,,KY,4,15317,,0.003,0,0,0,0,0,5,33,1,6.5,-0.29,,0,7,46,0,0,1476,9636,26,170,0,29,ModerateBurden,,Moderate,Moderate,0.04,76,496,0,0.99,0.007,-0.22,0,-0.01,0.033,98,640,0,1,1,2,0,0,0.33,0,0.43,0,0.09,0,0,,-0.03,-0.02,-0.4,0,-0.03,0,1,66,6,5,1,1,1,1,5219,0.341,4198,0.274,15,0.013,61,0.005,16,0.006,-0.0026,0.0001,0.0043,88,0.075,26,0.022,5131,0.439,4172,0.357,1912,0.693,1629,0.59,0.09,0.27,0.18,2.6,0,0.01,0,0,0.76,0.62,Uncertain
"Calhoun County, WV",54013,Non-core,,,WV,3,7109,,0.004,0,0,0,0,0,5,70,0,0,4,-1,0,1,14,1,14.1,372,5233,1,14,0,16,ModerateBurden,,Substantial,Moderate,0.059,178,2504,2,0.76,0.017,-0.19,0,-0.08,0.041,219,3081,2,0.83,0,0,0,0,0.32,0,,,0,0,,,-0.02,0,,,0,0,1,18,0,2,1,1,1,1,927,0.13,632,0.089,,,15,0.003,8,0.004,-0.0042,-0.0038,0.0005,11,0.023,2,0.004,916,0.157,630,0.108,428,0.235,328,0.18,0.06,0.19,0.26,2.6,0,0.01,0,0,0.52,0.34,Uncertain
"Osage County, MO",29151,Small metro,"Jefferson City, MO",Metropolitan,MO,7,13615,0.09,0.002,0,0,0,0,0,5,37,0,0,0.67,,0,3,22,0,0,1645,12082,16,118,0,0,ModerateBurden,,Substantial,Moderate,0.083,64,470,0,1,0.051,-0.06,0,0,0.033,68,499,0,1,,,,,,,,,,,,,,,,,,,,,,,,,,,3898,0.286,3536,0.26,5,0.004,26,0.002,2,0.001,-0.0042,-0.0001,-0.0008,57,0.048,23,0.019,3841,0.365,3513,0.334,1565,0.648,1491,0.617,0.05,0.07,0.18,2.6,0,0.01,0,0,0.05,0.17,Uncertain
"Ozark County, MO",29153,Non-core,,,MO,7,9174,,0.001,0,0,0,0,0,5,55,0,0,4,,0,1,11,0,0,658,7172,21,229,0,18,ModerateBurden,,Substantial,Moderate,0.056,18,196,1,1,0.056,-0.49,0,0,0,35,382,1,1,,,,,,,,,,,,,,,,,,,,,,,,,,,2042,0.223,1625,0.177,2,0.003,36,0.005,10,0.004,0.0015,0.002,0.0015,11,0.016,3,0.004,2031,0.274,1622,0.219,1167,0.435,925,0.345,0.14,0.26,0.29,2.2,0,0.02,0.01,0,0.58,0.86,Uncertain
"Letcher County, KY",21133,Non-core,,,KY,4,21553,,0.005,0,0,0,0,0,5,23,1,4.6,-0.44,,0,9,42,0,0,1939,8996,46,213,0,53,ModerateBurden,,Moderate,Moderate,0.027,219,1016,0,0.93,0.002,-0.12,-1,-0.07,0.025,248,1151,1,1,0,0,0,0,0.47,0.01,0.26,0,0,0,,,-0.12,0.01,-0.14,0,0,0,1,65,6,5,1,1,1,1,8609,0.399,7580,0.352,18,0.011,104,0.006,40,0.009,-0.0057,0.003,0.0072,172,0.108,70,0.044,8437,0.5,7510,0.445,2942,0.686,2753,0.642,0.05,0.32,0.2,2.3,0.01,0.01,0,0,0.88,0.78,Uncertain
"Allen County, KS",20001,Non-core,,,KS,7,12369,,0.004,0,0,0,0,0,5,40,0,0,,,0,0,0,0,0,1250,10106,20,162,0,18,ModerateBurden,,High,Low,0.135,33,267,0,1,0.135,-0.51,0,0,0,67,542,0,1,1,15,0,0,1,0,,,0,0,,,0,-0.03,,,0,0,1,7,0,5,1,1,1,1,4220,0.341,3777,0.305,10,0.01,38,0.004,13,0.005,-0.0039,-0.0005,0,69,0.068,34,0.033,4151,0.431,3743,0.389,1774,0.684,1659,0.64,0.06,0.16,0.21,2.3,0.02,0.04,0.01,0.01,0.4,0.75,Uncertain
"Grundy County, TN",47061,Non-core,,,TN,4,13427,,0.002,0,0,0,0,0,5,37,0,0,,,0,0,0,0,0,1797,13383,35,261,0,43,ModerateBurden,,High,Moderate,0.133,45,335,1,0.97,0.068,0.15,0,-0.01,0.065,39,290,1,0.98,,,,,,,,,,,,,,,,,,,,,,,,,,,2587,0.193,2166,0.161,3,0.003,6,0.001,3,0.001,-0.0009,-0.0023,-0.0011,14,0.013,3,0.003,2572,0.244,2163,0.205,1261,0.447,1116,0.396,0.17,0.24,0.21,2.7,0.01,0.01,0.01,0,0.87,0.93,Uncertain
"Routt County, CO",8107,Micropolitan,"Steamboat Springs, CO",Micropolitan,CO,8,25638,1,0.004,0,0,0,0,0,5,20,1,3.9,-0.67,,0,15,59,0,0,2258,8807,21,82,0,7,ModerateBurden,,Moderate,Substantial,0.01,265,1034,1,1,-0.014,-0.53,0,0,0.024,568,2215,1,1,1,2,0,0,0.2,0,0,0,0.02,0,,-1,-0.01,0,0,0,0.02,0,1,46,4,12,1,1,1,1,11853,0.462,10871,0.424,30,0.018,107,0.005,10,0.002,-0.0889,-0.0033,-0.0007,759,0.45,319,0.189,11059,0.524,10551,0.5,1065,0.25,1774,0.416,0.08,0.11,0.17,2.6,0.01,0.07,0,0.01,0.06,0.01,Uncertain
"Phillips County, AR",5107,Micropolitan,"Helena-West Helena, AR",Micropolitan,AR,6,17782,1,0.006,0,0,0,0,0,5,28,0,0,0.67,,0,3,17,0,0,1857,10443,43,242,0,27,ModerateBurden,,Moderate,Moderate,0.059,35,197,0,1,0.025,-0.48,0,0,0.034,67,377,0,1,0,0,0,0,0.19,0,,,0,0,-1,,0.06,-0.02,,,0,0,1,34,0,5,1,1,1,1,5782,0.325,4940,0.278,10,0.007,77,0.006,18,0.005,-0.002,0.0007,0.002,81,0.054,28,0.019,5699,0.432,4911,0.372,2309,0.666,2079,0.599,0.09,0.33,0.2,2.5,0.62,0.02,0,0,0.92,0.94,Uncertain
"Pine County, MN",27115,Non-core,,,MN,5,29579,,0.005,0,0,0,0,0,5,17,0,0,-0.74,,0,19,64,0,0,3347,11315,23,78,0,41,ModerateBurden,,Moderate,Substantial,0.015,425,1437,0,0.98,-0.018,-0.5,-1,-0.01,0.032,848,2867,1,0.99,0,0,0,0,0.4,0,,,0,0,,,0.08,0,,,0,0,1,9,0,3,1,1,1,1,11710,0.396,9967,0.337,32,0.015,106,0.004,18,0.003,0.001,-0.001,0.0002,226,0.108,106,0.051,11473,0.48,9858,0.413,4741,0.746,4374,0.688,0.06,0.13,0.21,2.6,0.02,0.03,0.03,0.01,0.46,0.43,Uncertain
"Fountain County, IN",18045,Non-core,,,IN,5,16346,,0.002,0,0,0,0,0,5,31,0,0,-0.5,-1,0,10,61,1,6.1,2167,13257,47,288,0,10,ModerateBurden,,Moderate,Substantial,0.033,206,1260,1,0.99,-0.006,0.32,-1,0.01,0.039,156,954,2,0.98,,,,,,,,,,,,,,,,,,,,,,,,,,,5961,0.365,5277,0.323,15,0.012,66,0.005,14,0.004,0.0049,-0.0005,0.0012,97,0.078,48,0.039,5864,0.458,5229,0.409,2809,0.847,2656,0.8,0.09,0.12,0.2,2.3,0,0.03,0,0,0.2,0.62,Uncertain
"Dunn County, ND",38025,Non-core,,,ND,8,4424,,0.006,0,0,0,0,0,5,113,0,0,0.67,,0,3,68,0,0,392,8861,7,158,0,0,ModerateBurden,,High,Substantial,0.087,21,475,0,1,0.045,-0.09,0,0,0.042,23,520,0,1,,,,,,,,,,,,,,,,,,,,,,,,,,,840,0.19,718,0.162,,,8,0.002,,,-0.0091,-0.0009,-0.0014,6,0.018,1,0.003,834,0.252,717,0.216,374,0.524,323,0.452,0.2,0.09,0.16,2.6,0.02,0.06,0.09,0.01,0.22,0.1,Uncertain
"Carteret County, NC",37031,Micropolitan,"Morehead City, NC",Micropolitan,NC,4,69473,1,0.007,0,0,0,0,0,5,7,3,4.3,-0.91,2,0,54,78,1,1.4,5221,7515,57,82,0,4,LowBurden,,Low,Substantial,0.021,311,448,1,0.99,-0.005,-0.23,0,0.01,0.026,406,584,1,0.98,0,0,0,0,0.68,0.03,0.56,0.03,0.01,0,-1,,-0.16,-0.03,-0.19,-0.17,-0.02,0,1,89,10,12,1,1,1,1,24940,0.359,20252,0.292,64,0.014,145,0.003,14,0.001,0.004,-0.0007,-0.0009,418,0.092,180,0.04,24513,0.426,20070,0.349,11788,0.66,9802,0.549,0.11,0.12,0.26,2.3,0.05,0.04,0,0.01,0.43,0.63,Uncertain
"Emmons County, ND",38029,Non-core,,,ND,8,3241,,0.004,0,0,0,0,0,5,154,0,0,,,0,0,0,0,0,436,13453,13,401,0,14,ModerateBurden,,High,Low,0.012,76,2345,0,1,0.012,-0.18,0,0,0,93,2869,0,1,0,0,0,0,0.13,0,,,0,0,,-1,0.08,0,,,0,0,1,6,0,4,1,1,1,1,950,0.293,806,0.249,,,3,0.001,,,0,-0.0027,-0.0055,5,0.021,3,0.012,945,0.362,803,0.308,567,0.622,477,0.524,0.05,0.1,0.28,2.1,0,0.01,0.01,0.01,0.1,0.14,Likely Decreasing
"Lawrence County, AR",5075,Non-core,,,AR,6,16406,,0.005,0,0,454,0.028,0,5,30,0,0,0.67,,0,3,18,0,0,2135,13014,43,262,0,27,ModerateBurden,,Moderate,Moderate,0.026,112,683,0,1,0.021,-0.69,0,0,0.005,365,2225,0,1,1,4,0,0,0.29,0.06,,,0,0,,,0.01,0.02,,,0,0,1,25,0,3,1,1,1,1,5057,0.308,4169,0.254,3,0.002,61,0.005,11,0.003,-0.0055,-0.0013,-0.0018,40,0.031,18,0.014,5015,0.393,4151,0.325,2171,0.664,1829,0.56,0.08,0.18,0.2,2.5,0.01,0.02,0.01,0,0.65,0.88,Uncertain
"Osage County, KS",20139,Small metro,"Topeka, KS",Metropolitan,KS,7,15949,0.069,0.005,0,0,0,0,0,5,31,0,0,4,,0,1,6,0,0,1263,7919,26,163,0,13,ModerateBurden,,Moderate,Low,0,70,439,0,0.98,-0.009,-0.5,0,0,0.009,139,872,0,0.98,,,,,,,,,,,,,,,,,,,,,,,,,,,6143,0.385,5371,0.337,9,0.006,58,0.005,6,0.002,-0.0064,0,-0.0003,131,0.093,47,0.033,6011,0.49,5324,0.434,2535,0.773,2360,0.72,0.1,0.13,0.21,2.4,0.01,0.03,0.01,0,0.23,0.42,Uncertain
"Benewah County, ID",16009,Non-core,,,ID,10,9298,,0.005,0,0,0,0,0,5,54,1,10.8,-0.29,,0,7,75,0,0,702,7550,10,108,0,4,ModerateBurden,,High,High,0.105,37,398,0,1,-0.004,-0.49,0,0,0.109,72,774,0,1,0,0,0,0,0.28,0,,,0,0,,,0.08,0,,,0,0,1,14,0,2,1,1,1,1,3411,0.367,2985,0.321,,,71,0.01,11,0.005,,-0.0061,0.0005,,,,,3411,0.471,2984,0.412,1581,0.746,1472,0.695,0.13,0.17,0.23,2.7,0,0.04,0.07,0,0.73,0.58,Uncertain
"Jefferson County, WA",53031,Non-core,,,WA,10,32221,,0.004,0,0,0,0,0,5,16,0,0,1.5,-1,0,2,6,1,3.1,419,1300,4,12,0,31,ModerateBurden,,Moderate,Low,0.008,346,1074,,,0.008,-0.12,,,0,391,1213,,,1,3,0,0,0.52,0.01,0.55,0.02,0,0,,,0,0.01,0.24,0.02,-0.02,0,1,29,6,8,1,1,1,1,21585,0.67,20150,0.625,31,0.023,153,0.005,30,0.002,-0.0052,0,0.0002,558,0.411,258,0.19,21026,0.739,19892,0.7,11042,0.903,10637,0.87,0.06,0.13,0.38,2.1,0.01,0.04,0.02,0.02,0.24,0.34,Uncertain
"Habersham County, GA",13137,Micropolitan,"Cornelia, GA",Micropolitan,GA,4,45328,1,0.004,0,0,1676,0.037,0,5,11,1,2.2,0.67,,0,3,7,0,0,5083,11214,161,355,0,24,ModerateBurden,,Moderate,Low,0.018,151,333,0,0.95,-0.011,-0.31,0,0.38,0.029,220,485,0,0.57,1,2,0,0,0.48,0.01,0.82,0,0,0,0,,0.06,0,0.46,0,-0.01,0,1,48,4,25,1,1,1,1,4988,0.11,4531,0.1,55,0.015,200,0.006,19,0.002,0.0095,0,-0.0014,122,0.034,43,0.012,4863,0.138,4487,0.127,1932,0.227,1702,0.2,0.17,0.15,0.19,2.8,0.04,0.16,0,0.02,0.71,0.68,Uncertain
"Lewis County, MO",29111,Micropolitan,"Quincy, IL-MO",Micropolitan,MO,7,9776,0.13,0.002,0,0,965,0.099,0,5,51,0,0,-0.38,,0,8,82,0,0,1051,10751,19,194,0,6,ModerateBurden,,Substantial,Substantial,0.071,87,890,1,1,0.071,0.36,0,0,0,64,655,1,1,,,,,,,,,,,,,,,,,,,,,,,,,,,2899,0.297,2341,0.239,2,0.003,44,0.006,6,0.003,-0.0052,-0.0012,-0.0022,20,0.026,8,0.01,2879,0.378,2333,0.306,1338,0.729,1163,0.634,0.1,0.16,0.19,2.4,0.03,0.02,0,0,0.45,0.76,Uncertain
"Adair County, MO",29001,Micropolitan,"Kirksville, MO",Micropolitan,MO,7,25343,0.845,0.004,0,1,7873,0.311,0,5,20,0,0,-0.29,,0,7,28,0,0,2404,9486,19,75,0,5,ModerateBurden,,Moderate,Moderate,0.06,194,765,0,1,-0.006,-0.2,0,0,0.066,244,963,0,1,5,14,0,0,0.6,0,0.7,0,0.09,0,4.12,,-0.05,0,0.06,0,0.07,0,1,35,10,8,1,1,1,1,9170,0.362,8102,0.32,17,0.011,59,0.003,6,0.002,-0.0032,-0.0025,-0.0008,229,0.145,104,0.066,8939,0.43,7998,0.384,2785,0.727,2570,0.671,0.08,0.26,0.15,2.4,0.03,0.03,0,0.03,0.45,0.31,Uncertain
"Carroll County, IN",18015,Small metro,"Lafayette-West Lafayette, IN",Metropolitan,IN,5,20257,0.087,0.003,0,0,0,0,0,5,25,0,0,-0.5,,0,10,49,0,0,1931,9533,20,99,0,12,ModerateBurden,,Moderate,Moderate,0.068,148,731,1,0.9,0.001,-0.07,0,-0.01,0.067,159,785,1,0.91,,,,,,,,,,,,,,,,,,,,,,,,,,,5426,0.268,4761,0.235,9,0.006,81,0.005,5,0.001,-0.0038,0.0002,0,88,0.055,38,0.024,5338,0.338,4723,0.299,2140,0.527,2030,0.5,0.1,0.1,0.2,2.5,0.01,0.04,0,0,0.12,0.46,Uncertain
"Franklin County, ID",16041,Small metro,"Logan, UT-ID",Metropolitan,ID,10,13876,0.098,0.008,0,0,0,0,0,5,36,0,0,1.5,,0,2,14,0,0,1204,8677,16,115,0,8,ModerateBurden,,Moderate,Moderate,0.072,84,605,1,0.97,0.02,0.14,-1,-0.02,0.053,74,533,2,0.99,1,5,1,5,0.36,0.02,,,0,0,0,0,-0.11,-0.02,,,0,0,1,19,0,7,1,1,1,1,4065,0.293,3556,0.256,,,33,0.003,3,0.001,0,-0.0017,-0.001,9,0.005,4,0.002,4056,0.427,3552,0.374,1595,0.786,1473,0.726,0.1,0.12,0.15,3.1,0,0.07,0.01,0,0.14,0.39,Uncertain
"Yazoo County, MS",28163,Medium metro,"Jackson, MS",Metropolitan,MS,4,29690,0.05,0.01,0,0,0,0,0,5,17,1,3.4,0,,0,5,17,0,0,3132,10549,71,239,0,29,ModerateBurden,,Moderate,Moderate,0.048,57,192,0,1,-0.001,-0.14,0,0,0.048,66,222,0,1,0,0,0,0,0.43,0.01,,,0,0,,,0.01,0,,,0,0,1,30,0,1,1,1,1,1,9424,0.317,7108,0.239,33,0.015,148,0.006,24,0.006,0.0078,0.0029,0.0011,127,0.058,47,0.022,9297,0.395,7061,0.3,2892,0.759,2505,0.658,0.13,0.32,0.13,2.7,0.56,0.09,0,0.01,1,0.96,Uncertain
"Fairfield County, SC",45039,Medium metro,"Columbia, SC",Metropolitan,SC,4,22347,0.027,0.004,0,0,0,0,0,5,22,0,0,1.5,-1,0,2,9,1,4.5,2415,10807,83,371,0,68,ModerateBurden,,Moderate,Low,0.014,171,765,1,0.99,0.004,-0.03,0,0.07,0.01,176,788,1,0.93,,,,,,,,,,,,,,,,,,,,,,,,,,,9161,0.41,7772,0.348,11,0.007,145,0.008,33,0.007,-0.0082,-0.0012,0.0032,154,0.098,77,0.049,8999,0.497,7694,0.425,3811,0.76,3392,0.677,0.12,0.23,0.22,2.5,0.57,0.02,0,0.01,0.75,0.72,Uncertain
"Brown County, IN",18013,Large fringe metro,"Indianapolis-Carmel-Anderson, IN",Metropolitan,IN,5,15092,0.007,0.002,0,0,0,0,0,5,33,1,6.6,1.5,0,0,2,13,1,6.6,1037,6871,43,285,0,23,ModerateBurden,,Moderate,Moderate,0.016,445,2949,1,0.87,-0.005,-0.08,0,0.04,0.02,484,3207,1,0.83,,,,,,,,,,,,,,,,,,,,,,,,,,,6210,0.411,5506,0.365,12,0.012,57,0.005,8,0.002,-0.003,-0.0019,-0.0005,125,0.126,59,0.059,6084,0.487,5447,0.436,2696,0.703,2552,0.666,0.11,0.09,0.25,2.4,0.01,0.02,0,0,0.06,0.11,Uncertain
"Uvalde County, TX",48463,Micropolitan,"Uvalde, TX",Micropolitan,TX,6,26741,1,0.001,0,0,0,0,0,5,19,1,3.7,4,,0,1,4,0,0,3600,13462,73,273,0,7,ModerateBurden,,Moderate,Low,0.045,134,501,1,1,0.022,-0.35,0,0,0.023,205,767,1,1,0,0,0,0,0.35,0,0.5,0,0,0,,,-0.18,-0.01,-0.21,-0.07,-0.03,0,1,58,4,10,1,1,1,1,,,,,,,,,,,,,,,,,,,,,,,,,,0.21,0.17,0.17,3,0.01,0.73,0,0.01,0.95,0.94,Uncertain
"Warren County, MS",28149,Micropolitan,"Vicksburg, MS",Micropolitan,MS,4,45381,1,0.015,0,0,0,0,0,5,11,0,0,-0.55,,0,11,24,0,0,4432,9766,121,267,0,26,ModerateBurden,,Moderate,Moderate,0.022,222,489,0,1,0.001,3.11,-1,0.01,0.021,54,119,1,0.99,40,35,0,0,0.58,0.03,0.8,0.02,0.44,0,0.52,,-0.11,0.01,0.06,0.02,0.2,0,2,116,37,13,1,1,1,1,17993,0.396,14605,0.322,64,0.017,317,0.009,55,0.007,0.0021,0.0049,0.0056,380,0.101,112,0.03,17609,0.508,14491,0.418,6307,0.806,5537,0.708,0.13,0.21,0.17,2.5,0.49,0.02,0,0.01,0.86,0.28,Uncertain
"Dade County, MO",29057,Non-core,,,MO,7,7561,,0.001,0,0,0,0,0,5,66,0,0,0.25,,0,4,53,0,0,599,7922,17,225,0,9,ModerateBurden,,Substantial,Substantial,0,40,529,0,1,-0.049,-0.07,0,0,0.049,43,569,0,1,,,,,,,,,,,,,,,,,,,,,,,,,,,2545,0.337,2118,0.28,2,0.003,10,0.002,3,0.002,-0.0034,-0.0037,-0.0017,13,0.022,6,0.01,2532,0.423,2112,0.352,1272,0.705,1076,0.596,0.13,0.22,0.24,2.4,0,0.02,0.01,0.01,0.66,0.66,Uncertain
"Washington County, CO",8121,Non-core,,,CO,8,4908,,0.001,0,0,0,0,0,5,102,0,0,,,0,0,0,0,0,468,9535,13,265,0,12,ModerateBurden,,High,Low,0,57,1161,1,1,0,-0.6,0,0.01,0,143,2914,1,0.99,,,,,,,,,,,,,,,,,,,,,,,,,,,674,0.137,725,0.148,1,0.003,17,0.004,3,0.003,0.0026,0.0005,0,6,0.016,5,0.013,667,0.175,719,0.189,181,0.173,259,0.247,0.05,0.11,0.21,2.2,0.01,0.11,0,0,0.28,0.53,Likely Decreasing
"Mecklenburg County, VA",51117,Non-core,,,VA,3,30587,,0.004,0,0,0,0,0,5,16,0,0,-0.38,,0,8,26,0,0,2335,7634,67,219,0,28,ModerateBurden,,Moderate,Moderate,0.006,251,821,0,1,-0.024,-0.12,0,0,0.031,286,935,0,1,4,7,0,0,0.84,0.04,0.67,0.03,0.21,0,-0.41,,-0.11,-0.02,-0.24,0.03,-0.19,0,1,60,10,6,1,1,1,1,3216,0.105,2785,0.091,4,0.002,46,0.002,12,0.002,-0.0015,-0.0002,0.0005,40,0.02,19,0.009,3175,0.128,2766,0.111,1305,0.165,1209,0.153,0.12,0.19,0.26,2.5,0.34,0.03,0,0.01,0.78,0.5,Uncertain
"Toombs County, GA",13279,Micropolitan,"Vidalia, GA",Micropolitan,GA,4,26830,0.745,0.003,0,0,0,0,0,5,19,0,0,-0.55,-1,0,11,41,3,11.2,3434,12799,116,432,0,25,ModerateBurden,,Moderate,Substantial,0.051,76,283,0,0.9,-0.042,-0.27,0,-0.03,0.093,104,388,0,0.93,2,3,0,0,0.58,0.05,0.39,0.27,0.12,0.11,-0.6,,-0.17,-0.04,-0.34,-0.09,0,0,1,66,8,19,1,1,1,1,2169,0.081,2102,0.078,23,0.009,101,0.005,15,0.003,0.006,-0.0046,-0.0024,34,0.014,7,0.003,2135,0.108,2095,0.106,713,0.157,722,0.159,0.17,0.24,0.17,2.6,0.26,0.12,0,0.01,0.98,0.97,Uncertain
"Le Sueur County, MN",27079,Large fringe metro,"Minneapolis-St. Paul-Bloomington, MN-WI",Metropolitan,MN,5,28887,0.008,0.005,0,0,0,0,0,5,17,0,0,-0.55,-1,0,11,38,1,3.5,2968,10275,25,87,0,38,ModerateBurden,,Moderate,Moderate,0.016,454,1572,0,0.99,-0.014,-0.29,0,0,0.031,637,2205,0,0.99,1,20,0,0,0.34,0,,,0,0,,,0.06,0,,,0,0,1,5,0,1,1,1,1,1,10925,0.378,9758,0.338,32,0.013,82,0.004,10,0.002,-0.0183,-0.0022,-0.002,368,0.147,150,0.06,10540,0.479,9608,0.437,3778,0.739,3614,0.707,0.05,0.09,0.18,2.5,0.01,0.07,0,0.01,0.11,0.16,Uncertain
"Gaines County, TX",48165,Non-core,,,TX,6,21492,,0.001,0,0,0,0,0,5,23,0,0,-0.38,,0,8,37,0,0,1457,6779,44,205,0,0,ModerateBurden,,Substantial,Moderate,0.091,28,130,0,0.95,0.091,-0.39,0,-0.05,0,46,214,0,1,0,0,0,0,0.75,0,,,0,0,,,0,0,,,0,0,1,8,0,3,1,1,1,1,,,,,,,,,,,,,,,,,,,,,,,,,,0.32,0.14,0.09,3.5,0.02,0.43,0,0,0.68,0.79,Uncertain
"Wallowa County, OR",41063,Non-core,,,OR,10,7208,,0.002,0,0,0,0,0,5,69,0,0,,,0,0,0,0,0,192,2664,5,69,0,25,ModerateBurden,,High,Low,0.179,18,250,0,0.71,0.179,0,0,-0.29,0,18,250,0,1,0,0,0,0,0.31,0,,,0,0,,,0.03,0,,,0,0,1,22,0,7,1,1,1,1,3444,0.478,3166,0.439,13,0.028,46,0.008,9,0.004,-0.0044,-0.002,-0.0028,93,0.204,29,0.063,3347,0.572,3134,0.535,1658,0.774,1595,0.744,0.06,0.15,0.3,2.2,0,0.04,0.01,0,0.5,0.41,Uncertain
"Greenwood County, SC",45047,Micropolitan,"Greenwood, SC",Micropolitan,SC,4,70811,1,0.014,0,0,2789,0.039,0,5,7,0,0,-0.64,,0,14,20,0,0,8281,11695,172,243,0,32,LowBurden,,Low,Moderate,0.02,419,592,1,0.98,0.001,-0.6,0,0.01,0.018,1057,1493,1,0.97,3,1,36,17,0.82,0.02,0.9,0.1,0.32,0.07,0.5,0.12,-0.06,0,0,0.03,0.03,0.02,1,206,30,37,1,1,1,1,26566,0.375,23531,0.332,39,0.007,261,0.005,34,0.003,-0.0184,-0.0016,0.0007,626,0.118,317,0.06,25901,0.472,23205,0.423,10804,0.809,10222,0.766,0.13,0.23,0.19,2.5,0.32,0.06,0,0.01,0.93,0.6,Uncertain
"Chouteau County, MT",30015,Non-core,,,MT,8,5635,,0.005,0,0,0,0,0,5,89,1,17.7,1.5,,0,2,35,0,0,515,9139,7,124,0,0,ModerateBurden,,High,High,0.143,15,266,0,0.89,0.006,-0.21,-1,-0.11,0.136,19,337,1,1,0,0,0,0,0.78,0,,,,,,,0.01,0,,,,,2,50,0,0,1,1,1,1,1430,0.254,1244,0.221,13,0.024,12,0.003,2,0.002,0.015,0.0005,0.0008,31,0.058,14,0.026,1399,0.32,1230,0.282,663,0.556,602,0.505,0.15,0.19,0.21,2.5,0,0.03,0.18,0,0.48,0.18,Uncertain
"Jackson County, IN",18071,Micropolitan,"Seymour, IN",Micropolitan,IN,5,44231,1,0.007,0,0,0,0,0,5,11,0,0,-0.64,,0,14,32,0,0,5070,11463,74,167,0,55,ModerateBurden,,Moderate,Moderate,0.027,217,491,1,0.95,-0.014,-0.38,0,0.01,0.041,349,789,1,0.94,1,0,0,0,0.15,0.01,0.23,0,0.07,0,-0.5,,-0.03,0,0,-0.01,0.04,0,1,217,39,14,1,1,1,1,17113,0.387,14714,0.333,81,0.022,235,0.007,18,0.002,0.0057,-0.0043,-0.0022,509,0.137,206,0.055,16603,0.497,14507,0.434,6197,0.842,5894,0.8,0.1,0.16,0.17,2.6,0.01,0.08,0,0.03,0.54,0.35,Uncertain
"Livingston County, KY",21139,Micropolitan,"Paducah, KY-IL",Micropolitan,KY,4,9194,0.096,0.002,0,0,0,0,0,5,54,3,32.6,1.5,,0,2,22,0,0,869,9452,24,261,0,9,ModerateBurden,,Substantial,Moderate,0.018,66,718,0,1,0.005,-0.33,0,0.01,0.013,98,1066,0,0.99,0,0,0,0,0.44,0,0.86,0,0,0,,,0.01,0,-0.07,0,0,0,1,20,2,3,1,1,1,1,3401,0.37,3007,0.327,4,0.006,20,0.003,2,0.001,0,-0.0019,-0.0015,33,0.052,18,0.028,3368,0.459,2989,0.408,1585,0.766,1450,0.701,0.04,0.14,0.22,2.3,0.01,0.02,0,0,0.26,0.62,Uncertain
"Washington County, ID",16087,Non-core,,,ID,10,10194,,0.006,0,0,0,0,0,5,49,0,0,1.5,,0,2,20,0,0,1232,12086,21,206,0,0,ModerateBurden,,Moderate,Moderate,0.049,78,765,0,0.87,-0.005,0.11,0,-0.13,0.054,70,687,0,1,0,0,0,0,0.45,0.02,,,0.25,0,,,0.17,0.02,,,0,0,1,12,0,4,1,1,1,1,3166,0.311,2759,0.271,,,29,0.004,6,0.002,,-0.0028,-0.0034,,,,,3166,0.401,2759,0.35,1717,0.65,1565,0.592,0.15,0.16,0.26,2.5,0,0.17,0.01,0.01,0.85,0.84,Uncertain
"Sibley County, MN",27143,Large fringe metro,,,MN,5,14865,,0.003,0,0,0,0,0,5,34,0,0,0,,0,5,34,0,0,1463,9842,10,67,0,47,ModerateBurden,,Moderate,Moderate,0.04,230,1547,0,0.98,0.018,-0.35,0,-0.01,0.022,353,2375,0,0.99,1,17,0,0,0.62,0.02,,,0,0,,,0.33,0.02,,,0,0,1,6,0,1,1,1,1,1,5911,0.398,5080,0.342,13,0.01,43,0.004,6,0.002,-0.0601,-0.0033,-0.0014,194,0.156,56,0.045,5709,0.499,5024,0.439,2201,0.783,1987,0.707,0.05,0.07,0.19,2.4,0.01,0.09,0,0.01,0.13,0.26,Uncertain
"Todd County, MN",27153,Non-core,,,MN,5,24664,,0.004,0,0,0,0,0,5,20,0,0,0.25,,0,4,16,0,0,2852,11563,32,130,0,24,ModerateBurden,,Moderate,Moderate,0.016,476,1930,1,1,0.004,-0.28,0,0,0.011,659,2672,1,1,1,3,1,3,0.61,0.03,0.05,0,0,0,0,,0.02,-0.01,-0.14,0,0,0,2,37,3,8,1,1,1,1,8249,0.334,7433,0.301,33,0.017,90,0.005,8,0.001,0.0101,0.0003,-0.0024,174,0.092,97,0.051,8069,0.43,7335,0.391,3666,0.673,3486,0.64,0.09,0.13,0.22,2.4,0,0.07,0,0,0.48,0.67,Uncertain
"Cumberland County, VA",51049,Non-core,,,VA,3,9932,,0.001,0,0,0,0,0,5,50,0,0,1.5,-1,0,2,20,1,10.1,504,5075,10,101,0,34,ModerateBurden,,High,Moderate,0.1,35,352,1,1,0.1,-0.45,0,0.02,0,64,644,1,0.98,,,,,,,,,,,,,,,,,,,,,,,,,,,605,0.061,496,0.05,5,0.007,7,0.001,,,0.0015,-0.0007,-0.0026,17,0.025,2,0.003,588,0.073,494,0.061,257,0.112,219,0.096,0.14,0.19,0.23,2.5,0.3,0.03,0,0,0.58,0.91,Likely Decreasing
"Shawano County, WI",55115,Micropolitan,"Shawano, WI",Micropolitan,WI,5,40899,0.9,0.007,0,0,0,0,0,5,12,1,2.4,-0.62,,0,13,32,0,0,5330,13032,85,208,0,10,ModerateBurden,,Moderate,Moderate,0.011,255,623,0,1,-0.018,-0.3,0,0,0.03,363,888,0,1,1,5,0,0,0.7,0.08,,,0,0,-0.5,,-0.11,0.01,,,0,0,1,22,0,2,1,1,1,1,17131,0.419,15472,0.378,33,0.01,130,0.004,22,0.002,-0.0056,-0.0027,-0.0024,528,0.165,246,0.077,16600,0.516,15224,0.473,6647,0.753,6364,0.721,0.07,0.1,0.22,2.4,0.01,0.03,0.08,0,0.14,0.13,Uncertain
"Manistee County, MI",26101,Non-core,,,MI,5,24558,,0.002,0,0,0,0,0,5,20,0,0,4,,0,1,4,0,0,1200,4886,22,90,0,41,ModerateBurden,,Moderate,Low,0.026,243,989,0,0.99,0.024,-0.84,0,0.04,0.001,1494,6084,0,0.95,0,0,0,0,0.3,0,,,0.08,0,,,0.03,-0.01,,,0.06,0,1,39,0,7,1,1,1,1,12212,0.497,11282,0.459,10,0.006,50,0.002,2,0,0.0018,-0.0037,-0.0034,183,0.111,197,0.119,12028,0.591,11085,0.545,5162,0.799,4764,0.738,0.07,0.13,0.26,2.4,0.03,0.04,0.02,0,0.4,0.62,Uncertain
"Grant Parish, LA",22043,Small metro,"Alexandria, LA",Metropolitan,LA,6,22389,0.147,0.005,0,0,0,0,0,5,22,0,0,-0.77,-1,0,22,98,1,4.5,2216,9898,58,259,0,4,ModerateBurden,,Moderate,Substantial,0.025,172,768,0,0.98,0.001,0.07,0,0.02,0.023,161,719,0,0.95,,,,,,,,,,,,,,,,,,,,,,,,,,,6337,0.283,5338,0.238,7,0.004,55,0.003,10,0.003,-0.0013,-0.0036,-0.0006,42,0.027,14,0.009,6295,0.356,5324,0.301,2089,0.601,1921,0.553,0.09,0.2,0.16,2.7,0.15,0.05,0.01,0.01,0.63,0.69,Uncertain
"Mackinac County, MI",26097,Non-core,,,MI,5,10799,,0.001,0,0,0,0,0,5,46,0,0,0,,0,5,46,0,0,709,6565,3,28,0,13,ModerateBurden,,Moderate,Moderate,0,165,1528,0,0.97,-0.026,-0.24,0,0,0.026,218,2019,0,0.98,0,0,0,0,0.21,0,,,0,0,-1,,0.02,-0.02,,,0,0,1,15,0,4,1,1,1,1,6790,0.629,6174,0.572,19,0.028,63,0.007,7,0.002,-0.0045,-0.0045,-0.001,115,0.172,47,0.07,6672,0.733,6126,0.673,2623,0.851,2498,0.81,0.11,0.16,0.29,2,0.03,0.02,0.16,0.01,0.65,0.87,Uncertain
"Huerfano County, CO",8055,Non-core,,,CO,8,6897,,0.001,0,0,0,0,0,5,72,0,0,4,,0,1,14,0,0,430,6235,17,246,0,25,ModerateBurden,,Substantial,Moderate,0.017,173,2508,1,1,0.012,-0.04,0,0,0.005,180,2610,1,1,0,0,0,0,0.59,0,,,0,0,,,0.02,0,,,0,0,1,20,0,4,1,1,1,1,1659,0.241,1828,0.265,3,0.007,26,0.004,8,0.004,-0.007,-0.0036,-0.005,35,0.082,19,0.045,1623,0.28,1809,0.313,553,0.25,771,0.348,0.09,0.16,0.32,2,0.01,0.34,0.01,0.01,0.6,0.31,Likely Decreasing
"Custer County, OK",40039,Micropolitan,"Weatherford, OK",Micropolitan,OK,6,29003,1,0.007,0,0,4088,0.141,0,5,17,0,0,0.67,-1,0,3,10,6,20.7,4083,14078,104,359,0,0,ModerateBurden,,Moderate,Moderate,0.015,59,203,1,1,-0.012,-0.19,1,0,0.026,73,252,0,1,0,0,1,3,0.3,0,,,0,0,-1,-0.67,-0.04,-0.02,,,0,0,2,34,0,10,1,1,1,1,10680,0.368,8891,0.307,12,0.005,58,0.003,9,0.002,-0.0064,-0.0022,0.0005,212,0.091,113,0.049,10466,0.48,8778,0.402,3359,0.819,2988,0.729,0.15,0.18,0.14,2.6,0.03,0.19,0.06,0.01,0.75,0.4,Uncertain
"Benton County, TN",47005,Non-core,,,TN,4,16160,,0.002,0,0,0,0,0,5,31,1,6.2,,0,0,0,0,1,6.2,1684,10421,42,260,0,50,ModerateBurden,,Moderate,Moderate,0,31,192,1,1,-0.061,-0.42,0,0,0.061,53,328,1,1,0,0,0,0,0.09,0,,,0,0,-1,,-0.06,-0.01,,,0,0,1,30,0,4,1,1,1,1,5366,0.332,4569,0.283,4,0.004,31,0.002,12,0.003,-0.0037,-0.0015,-0.0003,40,0.037,13,0.012,5325,0.411,4556,0.352,2612,0.676,2401,0.622,0.1,0.21,0.24,2.4,0.03,0.03,0,0.01,0.7,0.84,Uncertain
"Nicollet County, MN",27103,Small metro,"Mankato, MN",Metropolitan,MN,5,34274,0.336,0.006,0,0,2213,0.065,0,5,15,1,2.9,-0.55,,0,11,32,0,0,3309,9655,45,131,0,47,ModerateBurden,,Moderate,Moderate,0.008,541,1578,0,1,-0.022,-0.31,0,0,0.03,788,2299,0,0.99,0,0,0,0,0.41,0,,,0,0,,-1,-0.14,0,,,0,0,1,25,0,7,1,1,1,1,17737,0.518,15749,0.46,108,0.041,131,0.005,10,0.002,0.0061,-0.001,-0.0003,940,0.359,427,0.163,16755,0.626,15314,0.572,4806,0.84,4606,0.805,0.03,0.1,0.17,2.4,0.04,0.05,0,0.02,0.25,0.21,Uncertain
"Gulf County, FL",12045,Small metro,,,FL,4,13639,,0.001,0,0,0,0,0,5,37,0,0,,,0,0,0,0,0,1981,14525,45,330,0,27,ModerateBurden,,Moderate,Low,0.079,69,506,,,0.037,-0.18,,,0.042,84,616,,,0,0,0,0,0.11,0,,,0,0,,,-0.14,0,,,0,0,1,25,0,3,1,1,1,1,5085,0.373,4294,0.315,3,0.004,41,0.004,10,0.003,0.0036,-0.0027,0.0003,20,0.024,8,0.01,5064,0.454,4286,0.384,2656,0.735,2480,0.686,0.11,0.14,0.26,2.6,0.11,0.03,0.01,0.01,0.59,0.82,Uncertain
"Hancock County, MS",28045,Medium metro,"Gulfport-Biloxi, MS",Metropolitan,MS,4,47632,0.114,0.016,0,0,0,0,0,5,10,0,0,-0.62,,0,13,27,0,0,3842,8066,87,183,0,7,ModerateBurden,,Moderate,Moderate,0.007,149,313,0,1,-0.017,-0.57,0,0.01,0.024,344,722,0,0.99,1,3,0,0,0.47,0.03,0.29,0.03,0,0,-0.78,-1,0.09,-0.01,-0.17,0.03,0,0,1,33,5,18,1,1,1,1,13170,0.276,10686,0.224,56,0.016,251,0.007,34,0.003,0.0113,0.004,0.0017,198,0.056,63,0.018,12971,0.34,10623,0.278,5636,0.573,4996,0.508,0.14,0.18,0.21,2.4,0.08,0.04,0.01,0.01,0.59,0.72,Uncertain
"Early County, GA",13099,Non-core,,,GA,4,10190,,0.001,0,0,0,0,0,5,49,0,0,0,,0,5,49,0,0,1186,11639,48,471,0,0,ModerateBurden,,Moderate,Substantial,0,40,393,0,0.9,-0.089,-0.32,0,0.06,0.089,59,579,0,0.84,2,13,2,13,0.6,0.01,,,0,0,-0.33,0,0,-0.03,,,0,0,1,15,0,1,1,1,1,1,702,0.069,660,0.065,5,0.006,29,0.004,3,0.002,0.0045,-0.0012,-0.0015,16,0.018,6,0.007,686,0.09,654,0.085,238,0.121,246,0.125,0.16,0.29,0.19,2.5,0.51,0.02,0,0.01,0.92,0.97,Uncertain
"Charles City County, VA",51036,Large fringe metro,"Richmond, VA",Metropolitan,VA,3,6963,0.005,0.001,0,0,0,0,0,5,72,0,0,1.5,,0,2,29,0,0,507,7281,16,230,0,0,ModerateBurden,,High,Moderate,0.138,29,416,1,0.97,0.138,-0.45,0,-0.03,0,53,761,1,1,,,,,,,,,,,,,,,,,,,,,,,,,,,236,0.034,190,0.027,,,4,0.001,,,-0.0027,0,-0.0006,2,0.005,1,0.003,234,0.039,189,0.032,100,0.056,75,0.042,0.09,0.13,0.25,2.4,0.44,0.02,0.06,0.01,0.24,0.62,Uncertain
"Sumter County, GA",13261,Micropolitan,"Americus, GA",Micropolitan,GA,4,29524,0.849,0.003,0,0,1931,0.065,0,5,17,0,0,-0.17,-1,0,6,20,1,3.4,2593,8783,104,352,0,15,ModerateBurden,,Moderate,Moderate,0.021,129,437,0,0.92,0.006,-0.1,0,-0.02,0.015,143,484,0,0.94,2,3,2,3,0.83,0,0.45,0.04,0.14,0.02,0,0,0.12,-0.02,-0.05,-0.09,-0.07,-0.05,1,58,8,13,1,1,1,1,8378,0.284,7513,0.254,41,0.018,152,0.007,17,0.003,-0.0027,-0.0022,0.0002,207,0.092,73,0.033,8171,0.358,7440,0.326,2686,0.519,2636,0.509,0.12,0.28,0.18,2.4,0.52,0.06,0,0.01,0.98,0.97,Uncertain
"Sullivan County, MO",29211,Non-core,,,MO,7,6089,,0.001,0,0,0,0,0,5,82,0,0,0.25,,0,4,66,0,0,852,13992,14,230,0,0,ModerateBurden,,Substantial,Substantial,0,26,427,0,1,-0.051,-0.37,0,0,0.051,41,673,0,1,1,8,0,0,0.33,0,,,,,,-1,-0.02,0,,,,,1,12,0,0,1,1,1,1,1890,0.31,1677,0.275,1,0.002,14,0.003,4,0.003,-0.0022,-0.0023,0,9,0.019,4,0.009,1881,0.398,1673,0.354,797,0.63,740,0.585,0.15,0.18,0.21,2.8,0.03,0.19,0.01,0,0.63,0.59,Uncertain
"Claiborne County, TN",47025,Non-core,,,TN,4,31959,,0.005,0,0,3824,0.12,0,5,16,0,0,0.67,,0,3,9,0,0,3202,10019,74,232,0,32,ModerateBurden,,Moderate,Low,0,65,203,1,0.93,-0.025,-0.32,0,-0.05,0.025,95,297,1,0.98,1,4,0,0,0.63,0.02,0.74,0,0.12,0,0,,0.05,0,-0.03,-0.06,0.06,0,1,26,5,7,1,1,1,1,10899,0.341,9356,0.293,12,0.005,55,0.002,8,0.001,-0.0036,-0.0012,-0.0014,117,0.053,41,0.019,10779,0.417,9315,0.36,4524,0.698,4084,0.631,0.08,0.24,0.2,2.3,0.01,0.01,0,0.01,0.71,0.73,Uncertain
"Grand County, CO",8049,Non-core,,,CO,8,15734,,0.003,0,0,0,0,0,5,32,0,0,-0.17,,0,6,38,0,0,1490,9470,6,38,0,36,ModerateBurden,,Moderate,Moderate,0,45,286,1,1,-0.034,-0.17,0,0,0.034,54,343,1,1,0,0,2,9,0.44,0,,,0,0,,,0.01,0,,,0,0,1,22,0,4,1,1,1,1,6233,0.396,5824,0.37,20,0.02,88,0.007,11,0.004,-0.003,-0.0013,0.0007,224,0.222,106,0.105,5992,0.457,5717,0.436,687,0.236,1069,0.368,0.15,0.11,0.18,2.5,0.01,0.1,0.01,0.01,0.1,0.03,Uncertain
"Clear Creek County, CO",8019,Large fringe metro,"Denver-Aurora-Lakewood, CO",Metropolitan,CO,8,9700,0.003,0.002,0,0,0,0,0,5,52,0,0,-0.29,,0,7,72,0,0,469,4835,3,31,0,4,ModerateBurden,,High,High,0.1,23,237,1,0.9,-0.143,-0.57,0,-0.07,0.243,53,546,1,0.97,,,,,,,,,,,,,,,,,,,,,,,,,,,2525,0.26,2376,0.245,17,0.033,53,0.006,8,0.004,0.0039,-0.0007,-0.0019,145,0.285,61,0.12,2378,0.289,2315,0.281,392,0.189,477,0.23,0.09,0.06,0.21,2,0.01,0.08,0.01,0.01,0.02,0.01,Uncertain
"Fayette County, OH",39047,Micropolitan,"Washington Court House, OH",Micropolitan,OH,5,28525,1,0.002,0,0,0,0,0,5,18,0,0,0,,0,5,18,0,0,2850,9991,50,175,0,19,ModerateBurden,,Moderate,Moderate,0.018,255,894,1,0.96,-0.009,-0.31,1,-0.03,0.027,371,1301,0,0.99,2,8,0,0,0.72,0.07,0.57,0,0.2,0,0,,0.04,0.04,0.1,-0.05,0.09,0,1,25,6,8,1,1,1,1,9257,0.325,8575,0.301,14,0.006,127,0.006,20,0.004,-0.0184,-0.0048,-0.004,231,0.099,111,0.048,9026,0.413,8463,0.387,3902,0.748,3754,0.72,0.07,0.17,0.18,2.4,0.02,0.02,0,0.01,0.5,0.46,Uncertain
"Richland Parish, LA",22083,Non-core,,,LA,6,20122,,0.004,0,0,0,0,0,5,25,0,0,-0.17,,0,6,30,0,0,2475,12300,56,278,0,8,ModerateBurden,,Moderate,Moderate,0.013,139,691,1,1,-0.006,-0.39,0,0,0.019,229,1138,1,1,2,3,0,0,0.33,0,0,0,0.19,0,-0.86,,-0.03,-0.01,-0.14,0,0,0,2,72,2,16,1,1,1,1,6168,0.307,5523,0.274,23,0.014,68,0.004,8,0.002,0.0113,0.001,0.0005,49,0.031,13,0.008,6119,0.396,5510,0.356,2613,0.717,2446,0.671,0.15,0.29,0.18,2.6,0.35,0.02,0,0,0.86,0.62,Uncertain
"Carroll County, TN",47017,Non-core,,,TN,4,27767,,0.004,0,0,3555,0.128,0,5,18,0,0,-0.29,,0,7,25,0,0,3660,13181,83,299,0,22,ModerateBurden,,Substantial,Moderate,0.083,91,328,1,0.98,0.006,-0.23,1,-0.01,0.077,118,425,0,0.99,0,0,0,0,0.29,0,0.31,0,0,0,-1,,-0.03,0,0.26,0,0,0,1,59,6,11,1,1,1,1,9599,0.346,7901,0.285,10,0.005,66,0.003,10,0.002,-0.001,-0.0016,-0.0014,83,0.041,20,0.01,9516,0.437,7881,0.362,4495,0.784,3970,0.692,0.08,0.2,0.21,2.4,0.1,0.03,0,0,0.74,0.82,Uncertain
"Lincoln County, AR",5079,Small metro,"Pine Bluff, AR",Metropolitan,AR,6,13024,0.148,0.004,0,0,0,0,0,5,38,0,0,4,,0,1,8,0,0,3212,24662,48,369,0,0,ModerateBurden,,High,Moderate,0.143,36,276,0,1,0.074,1.77,0,0,0.069,13,100,0,1,,,,,,,,,,,,,,,,,,,,,,,,,,,3153,0.242,2747,0.211,2,0.003,40,0.004,4,0.002,-0.0051,-0.0012,-0.0019,28,0.036,14,0.018,3125,0.287,2733,0.251,1277,0.617,1170,0.565,0.07,0.19,0.16,2.3,0.3,0.04,0,0,0.81,0.95,Uncertain
"Aleutians West Census Area, AK",2016,Non-core,,,AK,10,5634,,0.008,0,0,0,0,0,5,89,0,0,0.67,,0,3,53,0,0,711,12620,1,18,0,0,ModerateBurden,,Substantial,Substantial,0.062,104,1846,0,0.81,0.053,0.22,0,-0.19,0.008,85,1509,0,1,,,,,,,,,,,,,,,,,,,,,,,,,,,3140,0.557,2226,0.395,3,0.015,36,0.007,1,0.002,-0.1692,-0.0066,0,109,0.559,23,0.118,3026,0.606,2203,0.441,262,0.625,233,0.556,0.19,0.09,0.07,3.7,0.07,0.14,0.11,0.39,0.49,0.26,Uncertain
"Meriwether County, GA",13199,Large fringe metro,"Atlanta-Sandy Springs-Alpharetta, GA",Metropolitan,GA,4,21167,0.004,0.002,0,0,0,0,0,5,24,0,0,-0.38,-1,0,8,38,2,9.4,2046,9666,88,416,0,16,ModerateBurden,,Moderate,Moderate,0.025,125,591,0,0.91,-0.032,-0.14,0,-0.01,0.057,146,690,0,0.92,0,0,0,0,0.68,0,,,0,0,,,0.06,0,,,0,0,2,49,0,4,1,1,1,1,3539,0.167,3082,0.146,20,0.013,129,0.008,21,0.005,0.0074,0.0011,0.0007,49,0.033,18,0.012,3489,0.209,3064,0.183,1615,0.366,1473,0.334,0.14,0.21,0.21,2.6,0.38,0.02,0,0.01,0.87,0.94,Uncertain
"Crawford County, IL",17033,Non-core,,,IL,5,18667,,0.001,0,0,0,0,0,5,27,0,0,-0.29,,0,7,37,0,0,2142,11475,26,139,0,13,ModerateBurden,,Moderate,Moderate,0.008,245,1312,1,1,-0.002,-0.53,0,0,0.01,522,2796,1,1,1,4,0,0,0.46,0.02,,,0,0,,,-0.02,0.02,,,0,0,1,25,0,13,1,1,1,1,7238,0.388,6152,0.33,4,0.003,79,0.005,11,0.003,-0.0602,-0.0013,-0.0014,148,0.119,56,0.045,7077,0.473,6096,0.407,3086,0.852,2590,0.715,0.06,0.12,0.19,2.2,0.05,0.02,0,0.01,0.38,0.57,Likely Decreasing
"Aguas Buenas Municipio, PR",72007,,"San Juan-Bayamón-Caguas, PR",Metropolitan,PR,2,,,,,0,0,0,0,5,20,0,0,4,,0,1,4,0,0,1198,4828,0,0,0,,,,Moderate,Low,0.023,202,814,,,-0.01,-0.22,,,0.032,260,1048,,,,,,,,,,,,,,,,,,,,,,,,,,,,,12251,0.494,9465,0.381,81,0.046,207,0.01,22,0.004,-0.0668,-0.0125,-0.0062,653,0.37,185,0.105,11594,0.569,9280,0.456,3130,0.605,2634,0.509,0.08,0.5,,,,,,,,,
"Tensas Parish, LA",22107,Non-core,,,LA,6,4334,,0.001,0,0,0,0,0,5,115,0,0,1.5,,0,2,46,0,0,368,8491,8,185,0,0,ModerateBurden,,High,Moderate,0.042,23,531,0,1,-0.008,0.05,0,0,0.05,22,508,0,1,,,,,,,,,,,,,,,,,,,,,,,,,,,1788,0.413,1563,0.361,1,0.003,15,0.004,3,0.003,0.003,0.0027,0.0018,5,0.015,1,0.003,1782,0.53,1562,0.464,828,0.743,760,0.682,0.22,0.4,0.26,2.6,0.54,0.02,0,0,0.84,0.94,Uncertain
"Isle of Wight County, VA",51093,Large fringe metro,"Virginia Beach-Norfolk-Newport News, VA-NC",Metropolitan,VA,3,37109,0.021,0.004,0,0,0,0,0,5,13,0,0,-0.64,,0,14,38,0,0,3167,8534,69,186,0,63,ModerateBurden,,Moderate,Moderate,0.023,162,437,1,0.97,-0.014,-0.37,0,-0.01,0.037,256,690,1,0.98,,,,,,,,,,,,,,,,,,,,,,,,,,,5800,0.156,4605,0.124,37,0.013,77,0.003,7,0.001,-0.0225,-0.0007,-0.0008,300,0.109,111,0.04,5483,0.187,4493,0.153,1749,0.237,1551,0.211,0.07,0.1,0.2,2.5,0.23,0.03,0,0.01,0.34,0.58,Uncertain
"Converse County, WY",56009,Non-core,,,WY,8,13822,,0.024,0,0,0,0,0,5,36,0,0,0.67,,0,3,22,0,0,1018,7365,17,123,0,8,ModerateBurden,,Moderate,Moderate,0.019,186,1346,2,0.9,0.019,-0.13,0,-0.01,0,215,1555,2,0.92,2,4,2,4,0.27,0.05,0.29,0.07,0,0,-0.5,-0.5,0.06,-0.02,0,-0.14,0,0,1,50,2,6,1,1,1,1,3450,0.25,3075,0.222,9,0.008,42,0.004,10,0.004,0.0069,0.0014,0.0013,49,0.042,19,0.016,3401,0.326,3056,0.292,1514,0.636,1374,0.578,0.08,0.08,0.17,2.6,0,0.08,0.01,0.01,0.2,0.05,Uncertain
"Hardin County, IA",19083,Non-core,,,IA,7,16846,,0.005,0,0,0,0,0,5,30,0,0,4,,0,1,6,0,0,1871,11106,44,261,0,35,ModerateBurden,,Moderate,Low,0.02,171,1015,0,0.99,-0.005,-0.03,0,0.02,0.025,177,1051,0,0.98,1,6,0,0,0.67,0.06,,,0,0,,,0.09,0.06,,,0,0,1,17,0,3,1,1,1,1,7632,0.453,7172,0.426,17,0.014,48,0.004,6,0.002,0.0075,-0.0032,-0.0016,187,0.155,80,0.066,7445,0.549,7092,0.523,3149,0.828,3125,0.822,0.04,0.08,0.23,2.3,0.01,0.04,0,0.01,0.12,0.31,Uncertain
"Emmet County, IA",19063,Non-core,,,IA,7,9208,,0.003,0,0,0,0,0,5,54,0,0,0.25,,0,4,43,0,0,1357,14737,40,434,0,57,ModerateBurden,,Substantial,Substantial,0.039,68,738,0,1,-0.045,-0.12,0,0.01,0.084,77,836,0,0.99,0,0,0,0,0.23,0,0,0,0.05,0,,,-0.07,0,0,0,0.05,0,1,25,3,6,1,1,1,1,4041,0.439,3608,0.392,10,0.014,23,0.003,2,0.001,0.0041,-0.0018,-0.001,83,0.114,43,0.059,3958,0.539,3565,0.486,1598,0.803,1502,0.755,0.07,0.12,0.22,2.1,0.01,0.1,0,0.01,0.39,0.5,Uncertain
"Teton County, WY",56039,Micropolitan,"Jackson, WY-ID",Micropolitan,WY,8,23464,0.659,0.041,0,0,0,0,0,5,21,0,0,0.25,,0,4,17,0,0,3789,16148,9,38,0,64,ModerateBurden,,Moderate,Moderate,0.014,522,2225,1,0.93,-0.006,-0.26,0,-0.04,0.02,704,3000,1,0.96,1,2,0,0,0.51,0.01,0.71,0,0.04,0,,,0.04,0,0.25,0,0.04,0,1,50,6,12,1,1,1,1,17964,0.766,15454,0.659,38,0.027,226,0.012,17,0.005,0.0064,0.0033,0.0022,909,0.649,271,0.193,17054,0.885,15183,0.788,3185,0.857,2995,0.806,0.1,0.07,0.16,2.4,0.01,0.15,0,0.02,0.11,0.01,Uncertain
"Hempstead County, AR",5057,Non-core,"Hope, AR",Micropolitan,AR,6,21532,0.723,0.007,0,0,0,0,0,5,23,0,0,0.67,,0,3,14,0,0,2017,9367,20,93,0,0,ModerateBurden,,Moderate,Moderate,0,46,214,0,0.98,-0.026,1.19,0,-0.02,0.026,21,98,0,1,1,2,0,0,0.26,0.01,0.09,0.04,0,0,,,0.05,0.01,0.05,0.04,-0.03,0,1,46,8,9,1,1,1,1,4604,0.214,3716,0.173,3,0.002,53,0.003,8,0.002,0.0005,-0.0026,-0.0028,22,0.012,11,0.006,4581,0.286,3704,0.232,1787,0.449,1465,0.368,0.1,0.24,0.18,2.7,0.3,0.13,0,0,0.95,0.8,Uncertain
"Juneau County, WI",55057,Non-core,,,WI,5,26687,,0.005,0,0,0,0,0,5,19,3,11.2,-0.67,,0,15,56,0,0,3341,12519,31,116,0,24,ModerateBurden,,Moderate,Substantial,0.006,173,648,1,1,-0.031,-0.7,0,0,0.038,583,2185,1,1,0,0,0,0,0.37,0,,,0,0,,,0.07,0,,,0,0,1,26,0,7,1,1,1,1,11490,0.431,10087,0.378,31,0.016,99,0.005,13,0.002,-0.0219,-0.0057,-0.0025,263,0.137,99,0.052,11225,0.526,9988,0.468,4604,0.827,4415,0.793,0.06,0.14,0.21,2.3,0.02,0.03,0.01,0.01,0.38,0.25,Uncertain
"Powell County, KY",21197,Non-core,,,KY,4,12359,,0.003,0,0,0,0,0,5,40,0,0,-0.38,-1,0,8,65,1,8.1,1334,10794,13,105,0,24,ModerateBurden,,Moderate,Substantial,0.01,138,1117,0,1,-0.014,-0.29,0,0.01,0.024,194,1570,0,0.99,,,,,,,,,,,,,,,,,,,,,,,,,,,4960,0.401,4237,0.343,10,0.01,65,0.007,10,0.005,-0.0185,-0.0085,-0.005,114,0.117,21,0.022,4845,0.515,4216,0.448,1671,0.831,1531,0.761,0.06,0.22,0.16,2.5,0.01,0.02,0,0,0.77,0.94,Uncertain
"Green County, WI",55045,Medium metro,"Madison, WI",Metropolitan,WI,5,36960,0.056,0.006,0,0,0,0,0,5,14,0,0,-0.17,,0,6,16,0,0,3649,9873,25,68,0,63,ModerateBurden,,Moderate,Moderate,0.01,350,947,1,1,-0.009,-0.38,0,0,0.019,563,1523,1,1,0,0,0,0,0.6,0.02,0.48,0.17,0.2,0.2,-1,,0.02,-0.01,0.05,0.07,0.05,0.1,1,59,6,5,1,1,1,1,19425,0.526,17755,0.48,49,0.016,146,0.005,14,0.002,-0.05,-0.0021,-0.0004,999,0.324,486,0.158,18426,0.64,17269,0.6,6273,0.881,6112,0.859,0.04,0.08,0.19,2.4,0.01,0.03,0,0.01,0.05,0.2,Uncertain
"Bennington County, VT",50003,Micropolitan,"Bennington, VT",Micropolitan,VT,1,35470,1,0.057,0,0,1100,0.031,0,5,14,0,0,-0.17,,0,6,17,0,0,2043,5760,15,42,0,42,ModerateBurden,,Moderate,Moderate,0.006,1401,3950,1,1,-0.003,-0.03,0,0,0.009,1439,4057,1,1,0,0,0,0,0.35,0,0.59,0,0,0,,,0.03,-0.01,0.09,-0.06,-0.05,0,1,106,10,12,1,1,1,1,13712,0.387,11318,0.319,45,0.018,181,0.006,18,0.002,-0.0883,0.0063,0.0022,747,0.305,239,0.098,12965,0.449,11079,0.384,4737,0.572,4313,0.52,0.04,0.11,0.23,2.3,0.01,0.02,0,0.01,0.29,0.04,Uncertain
"Rowan County, KY",21205,Non-core,,,KY,4,24460,,0.005,0,1,5982,0.245,0,5,20,0,0,-0.81,,0,26,106,0,0,2294,9379,20,82,0,4,ModerateBurden,,Moderate,High,0.029,506,2069,1,1,-0.009,0.46,-1,0,0.038,346,1415,2,1,7,8,1,1,0.74,0.02,0.91,0.02,0.27,0,0.4,,-0.07,-0.03,-0.09,-0.08,0.05,0,1,89,14,10,1,1,1,1,9664,0.395,8387,0.343,36,0.023,69,0.004,4,0.001,-0.0071,-0.0038,-0.0028,240,0.155,46,0.03,9424,0.479,8341,0.424,2868,0.809,2719,0.767,0.05,0.26,0.14,2.5,0.02,0.02,0,0.01,0.76,0.36,Uncertain
"Oktibbeha County, MS",28105,Micropolitan,"Starkville, MS",Micropolitan,MS,4,49587,0.837,0.017,0,1,18709,0.377,0,5,10,0,0,-0.17,,0,6,12,0,0,4656,9390,98,198,0,20,ModerateBurden,,Moderate,Moderate,0.027,66,133,0,1,0.016,-0.27,-1,0,0.011,91,184,1,1,0,0,0,0,0.56,0.01,0.64,0.14,0.06,0,-1,,-0.1,0,0.12,0.12,0.02,0,1,61,6,14,1,1,1,1,18987,0.383,15180,0.306,43,0.015,209,0.005,24,0.004,0.0011,0.0023,0.0029,353,0.125,126,0.045,18632,0.456,15054,0.369,4930,0.828,4365,0.733,0.11,0.3,0.12,2.5,0.37,0.02,0,0.03,0.64,0.21,Uncertain
"Mason County, MI",26105,Micropolitan,"Ludington, MI",Micropolitan,MI,5,29144,1,0.003,0,0,0,0,0,5,17,0,0,-0.58,,0,12,41,0,0,2132,7315,36,124,0,41,ModerateBurden,,Moderate,Moderate,0.018,241,827,0.5,0.99,-0.036,-0.29,0.5,0,0.054,338,1160,0,0.99,2,5,0,0,0.48,0.05,0.83,0.17,0.12,0.11,,-1,0,-0.04,0,-0.05,0,0,1,44,6,8,1,1,1,1,14391,0.494,13491,0.463,6,0.003,108,0.005,11,0.002,-0.0024,0.0007,-0.0001,215,0.103,214,0.102,14173,0.61,13276,0.571,5916,0.837,5686,0.804,0.07,0.15,0.24,2.3,0.01,0.05,0.01,0.01,0.34,0.67,Uncertain
"Pontotoc County, OK",40123,Micropolitan,"Ada, OK",Micropolitan,OK,6,38284,1,0.01,0,0,2682,0.07,0,5,13,1,2.6,-0.44,-0.83,0,9,24,6,15.7,5156,13468,79,206,0,25,ModerateBurden,,Moderate,Moderate,0.074,173,452,0,1,0.048,-0.04,0,0,0.026,181,473,0,1,3,2,53,28,0.38,0.01,0.58,0.02,0.02,0.01,0.52,0.01,0.02,0,0.12,0.02,0.02,0.01,2,190,18,38,1,1,1,1,15968,0.417,12880,0.336,41,0.014,122,0.004,15,0.002,0.0007,0.0002,0,369,0.124,152,0.051,15598,0.536,12728,0.438,4710,0.741,4067,0.64,0.17,0.15,0.17,2.6,0.02,0.06,0.18,0.01,0.65,0.31,Uncertain
"Metcalfe County, KY",21169,Micropolitan,"Glasgow, KY",Micropolitan,KY,4,10071,0.185,0.002,0,0,0,0,0,5,50,4,39.7,0.25,,0,4,40,0,0,1056,10486,30,298,0,0,ModerateBurden,,High,Moderate,0.211,31,308,1,1,0.211,-0.62,0,0,0,81,804,1,1,,,,,,,,,,,,,,,,,,,,,,,,,,,2883,0.286,2581,0.256,1,0.001,17,0.002,2,0.001,-0.0077,-0.0025,-0.001,33,0.042,15,0.019,2850,0.369,2566,0.333,1182,0.605,1106,0.566,0.06,0.24,0.19,2.5,0.02,0.02,0,0,0.68,0.85,Uncertain
"Arlington County, VA",51013,Large central metro,"Washington-Arlington-Alexandria, DC-VA-MD-WV",Metropolitan,VA,3,236842,0.038,0.028,0.001,0,2686,0.011,0,5,2,1,0.4,0.25,,0,4,2,0,0,15296,6458,257,109,0,55,LowBurden,,Low,Low,0.006,2720,1148,1,0.99,-0.001,-0.29,0,0,0.007,3844,1623,1,1,11,2,1,0,0.76,0.02,0.58,0.03,0.16,0.02,0,,0,0,0.24,0,0.03,0,1,483,32,54,1,1,1,1,90921,0.384,77403,0.327,185,0.015,921,0.005,62,0.002,-0.0022,-0.0026,-0.0002,2451,0.196,1224,0.098,88283,0.455,76121,0.393,10193,0.388,8688,0.331,0.07,0.07,0.11,2.2,0.09,0.16,0,0.11,0.14,0.09,Uncertain
"Lamoille County, VT",50015,Non-core,,,VT,1,25362,,0.041,0,0,1717,0.068,0,5,20,0,0,0.67,,0,3,12,0,0,887,3497,3,12,0,64,ModerateBurden,,Moderate,Moderate,0.02,192,757,1,1,0.003,-0.34,0,0,0.016,292,1151,1,1,0,0,0,0,0.48,0,,,0,0,,,-0.02,0,,,0,0,1,32,0,12,1,1,1,1,14556,0.574,11305,0.446,63,0.036,175,0.009,12,0.003,-0.013,0.0086,0.0026,811,0.458,262,0.148,13738,0.678,11043,0.545,3966,0.873,3634,0.8,0.06,0.14,0.18,2.3,0.01,0.02,0,0.01,0.13,0.02,Uncertain
"Calhoun County, SC",45017,Medium metro,"Columbia, SC",Metropolitan,SC,4,14553,0.017,0.003,0,0,0,0,0,5,34,0,0,0.67,,0,3,21,0,0,1338,9194,37,254,0,19,ModerateBurden,,Moderate,Moderate,0.065,72,495,1,1,0.025,-0.2,1,0.01,0.04,90,618,0,0.99,,,,,,,,,,,,,,,,,,,,,,,,,,,4193,0.288,3499,0.24,10,0.01,59,0.005,18,0.005,0.0031,-0.0016,0.0043,59,0.061,26,0.027,4130,0.349,3471,0.293,1784,0.512,1597,0.459,0.12,0.18,0.24,2.4,0.4,0.04,0,0,0.56,0.84,Uncertain
"Dubois County, IN",18037,Micropolitan,"Jasper, IN",Micropolitan,IN,5,42736,0.775,0.006,0,0,0,0,0,5,12,0,0,-0.69,,0,16,37,0,0,6200,14508,117,274,0,32,ModerateBurden,,Moderate,Moderate,0.019,198,463,1,0.98,-0.021,-0.32,0,0.01,0.041,292,683,1,0.98,5,4,1,1,0.47,0.02,0.49,0.01,0.02,0,0.67,,-0.02,-0.01,0.03,-0.05,0,0,1,138,26,12,1,1,1,1,18746,0.439,16950,0.397,36,0.01,138,0.004,12,0.002,0.0006,-0.0031,-0.0022,280,0.077,111,0.031,18466,0.571,16839,0.521,6962,0.912,6692,0.877,0.06,0.11,0.18,2.5,0.01,0.09,0,0.01,0.21,0.08,Uncertain
"Carroll County, AR",5015,Non-core,,,AR,6,28380,,0.009,0,0,0,0,0,5,18,0,0,4,,0,1,4,0,0,2819,9933,46,162,0,33,ModerateBurden,,Moderate,Low,0.033,140,493,0,1,0.021,0.43,0,0.01,0.012,98,345,0,0.99,2,7,2,7,0.3,0.02,,,0,0,1.25,1.25,0.07,-0.01,,,0,0,2,27,0,8,1,1,1,1,9173,0.323,7794,0.275,16,0.008,99,0.004,21,0.003,0.0014,-0.0007,0.0003,156,0.074,65,0.031,9011,0.404,7729,0.347,3899,0.576,3463,0.511,0.12,0.15,0.24,2.5,0.01,0.15,0.01,0.02,0.6,0.88,Uncertain
"Pontotoc County, MS",28115,Micropolitan,"Tupelo, MS",Micropolitan,MS,4,32174,0.194,0.011,0,0,0,0,0,5,16,0,0,-0.44,,0,9,28,0,0,4237,13169,73,227,0,8,ModerateBurden,,Moderate,Moderate,0.027,72,224,0,1,0.011,0.03,0,0,0.016,70,218,0,1,0,0,0,0,0.6,0,,,0,0,,,0.15,0,,,0,0,1,25,0,3,1,1,1,1,9438,0.293,7773,0.242,20,0.007,140,0.006,20,0.004,0.002,0.0038,0.0018,90,0.03,32,0.011,9347,0.394,7741,0.327,3718,0.762,3272,0.67,0.16,0.19,0.15,2.9,0.15,0.07,0,0,0.9,0.76,Uncertain
"Howard County, TX",48227,Micropolitan,"Big Spring, TX",Micropolitan,TX,6,36664,1,0.001,0,0,0,0,0,5,14,0,0,-0.58,,0,12,33,0,0,4680,12765,101,275,0,38,ModerateBurden,,Moderate,Moderate,0.011,97,265,1,1,-0.011,-0.14,0,0.02,0.022,113,308,1,0.98,4,4,0,0,0.23,0.01,0.22,0.08,0.11,0,2.93,,-0.06,-0.03,-0.21,-0.13,-0.12,0,1,108,7,12,1,1,1,1,,,,,,,,,,,,,,,,,,,,,,,,,,0.17,0.17,0.13,2.8,0.06,0.43,0.01,0.01,0.92,0.45,Uncertain
"Clark County, IL",17023,Non-core,,,IL,5,15441,,0.001,0,0,0,0,0,5,32,0,0,-0.44,,0,9,58,0,0,1830,11852,33,214,0,8,ModerateBurden,,Moderate,Substantial,0.016,100,648,1,0.99,-0.009,-0.51,0,-0.01,0.024,205,1328,1,1,,,,,,,,,,,,,,,,,,,,,,,,,,,6016,0.39,4434,0.287,10,0.008,69,0.006,17,0.005,-0.0392,-0.0042,-0.0003,121,0.101,29,0.024,5891,0.491,4405,0.367,2469,0.793,1900,0.61,0.05,0.13,0.2,2.3,0,0.02,0,0,0.21,0.76,Uncertain
"Jackson County, IA",19097,Non-core,,,IA,7,19439,,0.006,0,0,0,0,0,5,26,0,0,-0.38,,0,8,41,0,0,2250,11575,42,216,0,7,ModerateBurden,,Moderate,Moderate,0.026,141,725,0,1,0.007,-0.22,0,0,0.019,180,926,0,1,0,0,0,0,0.25,0,,,0.14,0,,,0.15,0,,,0.14,0,1,13,0,2,1,1,1,1,8509,0.438,7944,0.409,11,0.007,60,0.004,6,0.001,-0.015,-0.0012,-0.0014,136,0.088,51,0.033,8373,0.553,7893,0.521,3428,0.828,3323,0.803,0.05,0.12,0.21,2.3,0.01,0.02,0,0,0.13,0.43,Uncertain
"Clinton County, IL",17027,Large fringe metro,"St. Louis, MO-IL",Metropolitan,IL,5,37562,0.013,0.003,0,0,0,0,0,5,13,0,0,0,-1,0,5,13,1,2.7,5782,15393,91,242,0,34,ModerateBurden,,Moderate,Moderate,0.011,285,759,0,1,0.005,-0.44,-1,0,0.007,505,1344,1,1,0,0,0,0,0.5,0,,,0.05,0,,,-0.01,0,,,0.05,0,1,30,0,3,1,1,1,1,16658,0.443,13470,0.359,36,0.013,109,0.004,18,0.003,-0.0441,-0.0031,-0.0006,510,0.189,250,0.093,16112,0.543,13220,0.446,5722,0.848,4829,0.716,0.05,0.09,0.18,2.5,0.04,0.03,0,0.01,0.18,0.65,Uncertain
"Madison County, IA",19121,Medium metro,"Des Moines-West Des Moines, IA",Metropolitan,IA,7,16338,0.023,0.005,0,0,0,0,0,5,31,0,0,1.5,,0,2,12,0,0,1645,10069,19,116,0,24,ModerateBurden,,Moderate,Moderate,0.023,114,698,0,1,-0.027,-0.19,-1,0.01,0.05,141,863,1,0.99,0,0,0,0,0.36,0,,,0,0,,,0.07,0,,,0,0,1,12,0,2,1,1,1,1,7195,0.44,6524,0.399,17,0.012,36,0.003,3,0.001,-0.0122,-0.0035,-0.001,258,0.175,124,0.084,6937,0.562,6400,0.518,2454,0.852,2337,0.811,0.03,0.07,0.18,2.5,0.01,0.02,0,0.01,0.02,0.18,Uncertain
"Perry County, OH",39127,Large fringe metro,"Columbus, OH",Metropolitan,OH,5,36134,0.017,0.003,0,0,0,0,0,5,14,0,0,0.25,,0,4,11,0,0,2971,8222,50,138,0,47,ModerateBurden,,Moderate,Moderate,0.017,253,700,1,1,0,-0.26,0,0.01,0.017,344,952,1,0.99,,,,,,,,,,,,,,,,,,,,,,,,,,,9903,0.274,10052,0.278,17,0.006,102,0.004,18,0.003,-0.0117,-0.0027,-0.0008,191,0.064,96,0.032,9711,0.351,9956,0.36,3995,0.651,4017,0.654,0.05,0.19,0.17,2.6,0.01,0.01,0,0,0.55,0.84,Uncertain
"Florida Municipio, PR",72054,,"San Juan-Bayamón-Caguas, PR",Metropolitan,PR,2,,,,,0,0,0,0,5,44,0,0,4,,0,1,9,0,0,531,4692,0,0,0,,,,Moderate,Low,0.053,123,1087,,,0.045,-0.21,,,0.007,156,1378,,,,,,,,,,,,,,,,,,,,,,,,,,,,,6441,0.569,4962,0.438,62,0.077,177,0.019,19,0.009,0.0174,-0.0069,-0.0116,273,0.339,88,0.109,6167,0.664,4874,0.525,1866,0.863,1588,0.734,0.03,0.52,,,,,,,,,
"Benton County, IA",19011,Medium metro,"Cedar Rapids, IA",Metropolitan,IA,7,25645,0.094,0.008,0,0,0,0,0,5,19,0,0,0,,0,5,19,0,0,2583,10072,55,214,0,29,ModerateBurden,,Moderate,Moderate,0.021,197,768,0,0.99,-0.018,0.06,0,-0.01,0.039,185,721,0,1,0,0,0,0,0.14,0,,,0,0,,,0.01,0,,,0,0,1,24,0,4,1,1,1,1,11994,0.468,11055,0.431,25,0.012,71,0.004,7,0.001,-0.0089,-0.0024,-0.0002,345,0.162,152,0.072,11649,0.591,10903,0.554,3886,0.795,3792,0.776,0.03,0.09,0.19,2.5,0.01,0.02,0,0,0.01,0.34,Uncertain
"Fluvanna County, VA",51065,Small metro,"Charlottesville, VA",Metropolitan,VA,3,27270,0.125,0.003,0,0,0,0,0,4,15,0,0,-0.2,-1,0,5,18,1,3.7,1925,7059,20,73,0,28,ModerateBurden,,Moderate,Moderate,0.021,185,678,1,0.99,0.004,-0.57,0,0,0.016,431,1580,1,0.99,,,,,,,,,,,,,,,,,,,,,,,,,,,11021,0.404,9058,0.332,22,0.011,100,0.005,10,0.002,-0.0182,-0.0017,-0.0021,516,0.26,217,0.109,10482,0.479,8832,0.404,3682,0.658,3266,0.583,0.07,0.05,0.21,2.6,0.15,0.04,0,0.01,0.06,0.16,Uncertain
"Greene County, AL",1063,Non-core,"Tuscaloosa, AL",Metropolitan,AL,4,8111,0.032,0.002,0,0,0,0,0,4,49,0,0,3,,0,1,12,0,0,932,11491,34,419,0,3,ModerateBurden,,Moderate,Moderate,0.034,32,395,0,0.93,0.023,-0.69,-4,0.51,0.011,102,1258,4,0.43,0,0,0,0,0.36,0,,,,,,,-0.27,0,,,,,1,8,0,0,1,1,1,1,3198,0.394,2391,0.295,,,6,0.001,1,0.001,-0.0016,-0.0011,0,18,0.029,6,0.01,3179,0.501,2385,0.376,1427,0.755,1134,0.6,0.11,0.39,0.23,2.8,0.79,0.02,0,0,0.99,0.92,Uncertain
"Morgan County, UT",49029,Medium metro,"Ogden-Clearfield, UT",Metropolitan,UT,8,12124,0.018,0.004,0,0,0,0,0,4,33,0,0,0.33,,0,3,25,0,0,1277,10533,11,91,0,7,ModerateBurden,,Moderate,Moderate,0.011,90,742,0,1,-0.043,0.14,0,0,0.053,79,652,0,1,,,,,,,,,,,,,,,,,,,,,,,,,,,4508,0.372,3544,0.292,26,0.016,44,0.006,5,0.003,-0.0006,0.002,0.0021,235,0.146,107,0.066,4273,0.539,3437,0.434,1261,0.873,1102,0.763,0.06,0.03,0.12,3.4,0,0.03,0,0,0,0.04,Uncertain
"Franklin County, VA",51067,Medium metro,"Roanoke, VA",Metropolitan,VA,3,56042,0.179,0.007,0,0,1104,0.02,0,4,7,2,3.6,-0.73,1,0,15,27,1,1.8,4086,7291,80,143,0,25,LowBurden,,Low,Substantial,0.025,273,487,1,0.98,-0.072,-0.19,0,0.02,0.097,339,605,1,0.96,1,4,24,96,0.73,0.02,0.79,0.07,0,0,0,0.04,-0.05,-0.04,0.04,-0.11,-0.03,0,1,25,4,5,1,1,1,1,13154,0.235,10962,0.196,29,0.007,152,0.003,32,0.002,-0.001,-0.002,-0.0003,358,0.092,226,0.058,12786,0.281,10734,0.236,5318,0.392,4798,0.354,0.1,0.16,0.24,2.4,0.08,0.03,0,0,0.4,0.57,Uncertain
"Windham County, VT",50025,Non-core,,,VT,1,42222,,0.068,0,0,477,0.011,0,4,9,0,0,-0.5,,0,8,19,0,0,1385,3280,14,33,0,45,LowBurden,,Low,Moderate,0.004,638,1511,1,0.96,-0.007,-0.62,0,-0.03,0.011,1697,4019,1,1,0,0,0,0,0.39,0,,,0,0,,,-0.07,0,,,0,0,2,60,0,11,1,1,1,1,25165,0.596,19703,0.467,393,0.147,472,0.014,47,0.005,0.105,0.0136,0.0047,1179,0.442,341,0.128,23985,0.69,19362,0.557,8473,0.84,7488,0.742,0.05,0.13,0.24,2.2,0.01,0.02,0,0.01,0.31,0.06,Uncertain
"Barnes County, ND",38003,Non-core,,,ND,8,10415,,0.014,0,0,872,0.084,0,4,38,0,0,0.33,,0,3,29,0,0,1422,13653,31,298,0,0,ModerateBurden,,Moderate,Moderate,0.017,48,461,0,0.97,0.007,-0.57,0,0.02,0.01,111,1066,0,0.94,1,6,0,0,0.62,0.06,,,0,0,0,,0.09,0.02,,,0,0,1,18,0,4,1,1,1,1,5254,0.504,4615,0.443,7,0.009,33,0.004,6,0.002,0,-0.0013,0.0025,192,0.255,96,0.127,5055,0.604,4519,0.54,1981,0.819,1785,0.738,0.06,0.11,0.23,2,0.02,0.02,0.01,0.01,0.12,0.05,Uncertain
"Orange County, VT",50017,Micropolitan,"Lebanon, NH-VT",Micropolitan,VT,1,28892,0.133,0.046,0,0,988,0.034,0,4,14,0,0,3,,0,1,3,0,0,819,2835,3,10,0,42,ModerateBurden,,Moderate,Low,0.015,240,831,1,0.99,0.01,-0.48,0,-0.01,0.006,464,1606,1,1,0,0,1,4,0.47,0,,,0,0,,-0.75,-0.01,0,,,0,0,1,28,0,3,1,1,1,1,13917,0.482,11540,0.399,24,0.013,164,0.007,11,0.002,-0.0087,0.0069,0.0017,689,0.374,213,0.116,13227,0.559,11327,0.479,4276,0.672,3977,0.625,0.05,0.11,0.22,2.3,0.01,0.01,0,0.01,0.17,0.08,Uncertain
"Vega Baja Municipio, PR",72145,,"San Juan-Bayamón-Caguas, PR",Metropolitan,PR,2,,,,,0,0,0,0,4,8,0,0,-0.56,,0,9,18,0,0,2928,5853,0,0,0,,,,Low,Moderate,0.01,738,1475,,,-0.029,-0.31,,,0.039,1073,2145,,,0,0,0,0,0.37,0.01,0.67,0.13,0.36,0.08,,,-0.04,-0.01,-0.04,-0.12,-0.01,-0.08,1,150,8,13,1,1,1,1,25609,0.512,19991,0.4,96,0.027,521,0.013,50,0.005,-0.0517,-0.0078,-0.0036,972,0.273,329,0.092,24621,0.6,19659,0.479,6346,0.601,5422,0.513,0.07,0.45,,,,,,,,,
"Rutland County, VT",50021,Micropolitan,"Rutland, VT",Micropolitan,VT,1,58191,1,0.093,0,0,2535,0.044,0,4,7,0,0,-0.81,,0,21,36,0,0,2278,3915,20,34,0,57,LowBurden,,Low,Moderate,0.008,710,1220,0,1,-0.018,-0.37,0,0,0.027,1123,1930,0,1,1,1,0,0,0.81,0.01,0.73,0.04,0.08,0.01,,,0.03,0,-0.12,-0.05,-0.01,-0.01,1,112,12,40,1,1,1,1,36176,0.622,30362,0.522,81,0.022,418,0.009,69,0.005,-0.0246,0.0066,0.0018,1550,0.418,569,0.154,34625,0.722,29793,0.621,12036,0.91,10970,0.829,0.05,0.11,0.23,2.3,0.01,0.02,0,0.01,0.28,0.04,Uncertain
"Grayson County, VA",51077,Non-core,,,VA,3,15550,,0.002,0,0,0,0,0,4,26,1,6.4,-0.5,,0,8,51,0,0,1497,9627,36,232,0,41,ModerateBurden,,Moderate,High,0.079,42,270,1,1,-0.138,-0.26,0,0.05,0.217,57,367,1,0.95,,,,,,,,,,,,,,,,,,,,,,,,,,,3112,0.2,2656,0.171,4,0.004,58,0.004,12,0.003,-0.0089,-0.0002,0.0023,51,0.057,26,0.029,3061,0.236,2630,0.202,1198,0.304,1071,0.272,0.11,0.21,0.25,2.3,0.06,0.04,0,0,0.65,0.74,Uncertain
"Macon County, TN",47111,Large fringe metro,"Nashville-Davidson--Murfreesboro--Franklin, TN",Metropolitan,TN,4,24602,0.013,0.004,0,0,0,0,0,4,16,0,0,0.33,,0,3,12,0,0,3646,14820,78,317,0,53,ModerateBurden,,Moderate,Moderate,0.041,69,280,0.5,1,-0.01,-0.37,0.5,0,0.051,110,447,0,1,0,0,0,0,0.28,0.02,,,0,0,,-1,-0.15,0.01,,,0,0,1,25,0,5,1,1,1,1,5352,0.218,4541,0.185,8,0.004,52,0.003,6,0.002,0.0026,-0.0015,-0.0023,36,0.019,15,0.008,5315,0.286,4526,0.244,2390,0.603,2200,0.555,0.11,0.18,0.16,2.5,0.01,0.05,0,0.01,0.69,0.77,Uncertain
"Hancock County, WV",54029,Small metro,"Weirton-Steubenville, WV-OH",Metropolitan,WV,3,28810,0.248,0.016,0,0,0,0,0,4,14,0,0,-0.56,,0,9,31,0,0,2839,9854,89,309,0,27,ModerateBurden,,Moderate,Moderate,0.018,165,573,2,0.72,-0.044,-0.21,0,-0.17,0.062,209,725,2,0.89,0,0,0,0,0.67,0.02,0.66,0.04,0.21,0.03,-1,,-0.02,0,-0.04,-0.06,0.05,-0.04,2,242,44,41,1,1,1,1,5772,0.2,4498,0.156,4,0.002,122,0.005,25,0.004,-0.0049,-0.0013,-0.0006,155,0.076,53,0.026,5614,0.24,4444,0.19,2318,0.339,2084,0.305,0.06,0.13,0.24,2.3,0.03,0.02,0,0,0.41,0.27,Uncertain
"Latimer County, OK",40077,Non-core,,,OK,6,10073,,0.003,0,0,0,0,0,4,40,0,0,1,,0,2,20,0,0,842,8359,13,129,0,0,ModerateBurden,,Moderate,High,0,8,79,0,1,-0.154,-0.27,0,0,0.154,11,109,0,1,1,4,0,0,0.32,0.01,,,0,0,-0.75,,0.06,-0.02,,,0,0,1,26,0,5,1,1,1,1,2506,0.249,2231,0.221,7,0.009,11,0.001,2,0.001,0.0093,-0.0008,-0.0013,38,0.051,11,0.015,2468,0.313,2220,0.282,1026,0.46,959,0.43,0.19,0.19,0.22,2.5,0.01,0.04,0.22,0.01,0.89,0.83,Uncertain
"Callahan County, TX",48059,Small metro,"Abilene, TX",Metropolitan,TX,6,13943,0.081,0,0,0,0,0,0,4,29,0,0,-0.2,,0,5,36,0,0,1207,8657,40,287,0,1,ModerateBurden,,Substantial,Moderate,0.086,27,194,1,1,0.009,0.17,1,0,0.077,23,165,0,1,,,,,,,,,,,,,,,,,,,,,,,,,,,,,,,,,,,,,,,,,,,,,,,,,,,,0.19,0.14,0.21,2.6,0.01,0.1,0.01,0.01,0.3,0.52,Uncertain
"Adair County, OK",40001,Non-core,,,OK,6,22194,,0.006,0,0,0,0,0,4,18,0,0,-0.33,-1,0,6,27,2,9,3192,14382,43,194,0,0,ModerateBurden,,High,High,0.238,22,99,1,0.94,0.109,-0.44,0,-0.06,0.129,39,176,1,1,0,0,0,0,0.2,0,,,0,0,,,0.02,0,,,0,0,1,49,0,1,1,1,1,1,6018,0.271,4233,0.191,23,0.011,84,0.005,9,0.003,0.0065,0.0014,0.0003,119,0.059,60,0.03,5899,0.364,4173,0.258,2134,0.607,1680,0.478,0.27,0.29,0.16,2.8,0.01,0.07,0.42,0.01,0.9,0.93,Uncertain
"Atoka County, OK",40005,Non-core,,,OK,6,13758,,0.003,0,0,0,0,0,4,29,0,0,,-1,0,0,0,1,7.3,1877,13643,26,189,0,78,ModerateBurden,,Moderate,Low,0,23,167,0,1,0,-0.38,-2,0,0,37,269,2,1,0,0,0,0,0.51,0,,,0,0,,,-0.11,0,,,0,0,1,30,0,8,1,1,1,1,3547,0.258,3192,0.232,,,21,0.002,4,0.001,0,-0.0009,0.0004,13,0.013,5,0.005,3534,0.331,3187,0.299,1490,0.541,1372,0.498,0.18,0.2,0.2,2.3,0.04,0.04,0.14,0.01,0.81,0.85,Uncertain
"Houston County, TN",47083,Non-core,,,TN,4,8201,,0.001,0,0,0,0,0,4,49,0,0,0,,0,4,49,0,0,1110,13535,33,402,0,0,ModerateBurden,,Moderate,Moderate,0,20,244,0,1,-0.04,-0.47,-1,0.16,0.04,38,463,1,0.84,0,0,0,0,0.13,0,,,,,,,-0.13,-0.02,,,,,1,25,0,0,1,1,1,1,2439,0.297,2007,0.245,4,0.006,21,0.003,2,0.001,0.0032,-0.0011,-0.0012,24,0.038,3,0.005,2415,0.373,2004,0.31,1121,0.657,983,0.577,0.1,0.16,0.21,2.7,0.03,0.02,0,0,0.56,0.79,Uncertain
"Door County, WI",55029,Non-core,,,WI,5,27668,,0.005,0,0,0,0,0,4,14,0,0,,,0,0,0,0,0,2846,10286,30,108,0,18,ModerateBurden,,Moderate,Low,0.015,259,936,1,0.73,0.015,-0.21,1,-0.27,0,328,1185,0,1,0,0,0,0,0.41,0,0.3,0,0,0,-1,,0.07,-0.03,0.04,-0.1,0,0,1,42,9,12,1,1,1,1,18250,0.66,16827,0.608,38,0.022,135,0.006,16,0.002,-0.0111,-0.0021,-0.0008,477,0.277,204,0.119,17773,0.767,16623,0.717,8099,0.96,7917,0.938,0.04,0.08,0.3,2,0.01,0.03,0.01,0.01,0.06,0.08,Uncertain
"Craig County, OK",40035,Non-core,,,OK,6,14142,,0.004,0,0,0,0,0,4,28,0,0,1,,0,2,14,0,0,1994,14100,18,127,0,12,ModerateBurden,,High,High,0.102,43,304,0,1,-0.012,-0.14,-1,0,0.114,50,354,1,1,0,0,0,0,0.5,0.07,,,0,0,,,0.27,0.06,,,0,0,1,15,0,3,1,1,1,1,5848,0.414,4830,0.342,9,0.008,42,0.004,5,0.002,0.0066,0.0013,0.0018,62,0.058,26,0.024,5786,0.521,4804,0.432,2454,0.863,2089,0.734,0.16,0.18,0.2,2.5,0.03,0.04,0.21,0.01,0.85,0.57,Uncertain
"Brooks County, TX",48047,Non-core,,,TX,6,7093,,0,0,0,0,0,0,4,56,0,0,-0.43,,0,7,99,0,0,832,11730,36,508,0,5,ModerateBurden,,Substantial,Substantial,0.008,430,6062,2,1,-0.002,-0.08,1,0,0.01,465,6556,1,1,,,,,,,,,,,,,,,,,,,,,,,,,,,,,,,,,,,,,,,,,,,,,,,,,,,,0.22,0.39,0.18,3.2,0.01,0.91,0,0.01,1,1,Uncertain
"Garfield County, OK",40047,Micropolitan,"Enid, OK",Metropolitan,OK,6,61056,1,0.015,0,0,0,0,0,4,7,0,0,0.33,-1,0,3,5,8,13.1,7813,12796,139,228,0,33,LowBurden,,Low,Low,0.021,117,192,1,0.99,0.014,-0.11,0,-0.01,0.008,132,216,1,1,0,0,0,0,0.33,0,0.38,0,0.66,0,,-1,-0.05,0,-0.19,0,-0.01,0,3,241,16,34,0.67,0.67,1,0.67,21187,0.347,17313,0.284,41,0.008,181,0.004,30,0.003,0.001,-0.001,0.0003,423,0.083,143,0.028,20764,0.458,17170,0.378,7795,0.775,6753,0.672,0.13,0.15,0.16,2.5,0.03,0.13,0.02,0.01,0.59,0.44,Uncertain
"Hughes County, OK",40063,Non-core,,,OK,6,13279,,0.003,0,0,0,0,0,4,30,0,0,,-1,0,0,0,1,7.5,1242,9353,29,218,0,54,ModerateBurden,,Moderate,Moderate,0,39,294,0,1,-0.057,-0.3,0,0,0.057,56,422,0,1,0,0,0,0,0.48,0,,,0,0,,,-0.05,0,,,0,0,1,12,0,3,1,1,1,1,4333,0.326,3656,0.275,12,0.012,27,0.003,5,0.002,0.0102,-0.0027,-0.0024,47,0.048,16,0.016,4286,0.413,3640,0.35,1732,0.688,1524,0.605,0.2,0.22,0.19,2.9,0.06,0.06,0.19,0,0.81,0.85,Uncertain
"Johnston County, OK",40069,Non-core,,,OK,6,11085,,0.003,0,0,0,0,0,4,36,0,0,,-1,0,0,0,2,18,1381,12458,37,334,0,46,ModerateBurden,,Moderate,Low,0,31,280,0,1,-0.029,-0.16,0,0,0.029,37,334,0,1,0,0,1,8,0.45,0.01,,,0,0,,-0.67,-0.14,0.01,,,0,0,1,12,0,7,1,1,1,1,3651,0.329,3005,0.271,2,0.002,25,0.003,1,0,-0.0032,-0.0013,-0.0027,50,0.054,22,0.024,3601,0.427,2983,0.354,1453,0.663,1250,0.571,0.18,0.2,0.2,2.5,0.03,0.06,0.15,0.01,0.85,0.84,Uncertain
"Dunn County, WI",55033,Micropolitan,"Menomonie, WI",Micropolitan,WI,5,45368,1,0.008,0,1,6432,0.142,0,4,9,0,0,-0.56,-1,0,9,20,1,2.2,5097,11235,33,73,0,51,LowBurden,,Low,Moderate,0.007,417,919,0,1,-0.01,-0.08,0,0,0.017,454,1001,0,1,0,0,0,0,0.76,0,,,0,0,,,0.13,0,,,0,0,1,25,0,3,1,1,1,1,17699,0.39,16129,0.356,48,0.016,168,0.005,15,0.002,-0.0136,-0.0018,-0.001,667,0.216,354,0.115,17031,0.467,15775,0.432,5729,0.785,5542,0.759,0.06,0.12,0.16,2.4,0.01,0.02,0,0.03,0.18,0.08,Uncertain
"Nottoway County, VA",51135,Non-core,,,VA,3,15232,,0.002,0,0,0,0,0,4,26,0,0,0,-1,0,4,26,1,6.6,1926,12644,48,315,0,24,ModerateBurden,,Moderate,Moderate,0.007,139,913,1,1,-0.044,-0.19,0,0.01,0.051,171,1123,1,0.99,,,,,,,,,,,,,,,,,,,,,,,,,,,2269,0.149,1905,0.125,6,0.006,27,0.002,3,0.001,-0.0038,-0.0013,0,59,0.057,14,0.013,2210,0.18,1891,0.154,965,0.328,887,0.301,0.11,0.2,0.19,2.4,0.39,0.05,0,0.01,0.91,0.94,Uncertain
"Dallas County, AL",1047,Micropolitan,"Selma, AL",Micropolitan,AL,4,37196,1,0.008,0,0,231,0.006,0,4,11,0,0,-0.64,-1,0,11,30,1,2.7,3601,9681,154,414,0,9,ModerateBurden,,Moderate,Moderate,0,268,721,0,0.97,-0.021,-0.38,-1,-0.01,0.021,435,1169,1,0.98,0,0,0,0,0.47,0,0.47,0.01,0.08,0,,,-0.09,-0.02,-0.24,-0.06,-0.07,0,1,104,10,12,1,1,1,1,12087,0.325,8830,0.237,,,29,0.001,6,0.001,0,-0.0009,-0.0019,29,0.009,13,0.004,12055,0.423,8817,0.309,5147,0.733,3868,0.551,0.12,0.31,0.19,2.4,0.7,0.01,0,0,0.95,0.82,Uncertain
"Woods County, OK",40151,Non-core,,,OK,6,8793,,0.002,0,0,1523,0.173,0,4,45,0,0,,-1,0,0,0,1,11.4,1207,13727,18,205,0,52,ModerateBurden,,High,High,0.2,17,193,1,0.96,0.057,0,0,-0.04,0.143,17,193,1,1,0,0,0,0,0.18,0,,,0,0,,,-0.01,0,,,0,0,1,12,0,3,1,1,1,1,2728,0.31,2381,0.271,,,10,0.001,1,0.001,-0.0019,-0.002,0,33,0.061,13,0.024,2695,0.385,2368,0.339,1146,0.749,1072,0.701,0.12,0.14,0.17,2.5,0.03,0.08,0.03,0.01,0.31,0.15,Uncertain
"Clatsop County, OR",41007,Micropolitan,"Astoria, OR",Micropolitan,OR,10,40224,1,0.01,0,0,0,0,0,4,10,0,0,-0.43,,0,7,17,0,0,1015,2523,8,20,0,31,LowBurden,,Moderate,Moderate,0.015,371,922,0,0.99,0,-0.26,0,0,0.015,504,1253,0,1,0,0,0,0,0.4,0,0.22,0,0.03,0.03,,,0.01,-0.01,0.16,0,0.02,0.03,2,57,13,22,1,1,1,1,21237,0.528,18005,0.448,23,0.009,249,0.008,47,0.005,-0.0809,-0.0052,-0.0005,733,0.286,124,0.048,20475,0.626,17881,0.546,7620,0.808,7027,0.745,0.09,0.11,0.23,2.4,0.01,0.09,0.01,0.02,0.52,0.29,Uncertain
"Fulton County, AR",5049,Non-core,,,AR,6,12477,,0.004,0,0,0,0,0,4,32,0,0,-0.43,,0,7,56,0,0,1152,9233,47,377,0,10,ModerateBurden,,Moderate,High,0,18,144,0,1,-0.308,3.5,-1,0,0.308,4,32,1,1,0,0,0,0,0.55,0,0.36,0,0,0,,,-0.15,0,0,0,0,0,1,25,2,2,1,1,1,1,2906,0.233,2560,0.205,2,0.002,11,0.001,2,0.001,-0.001,-0.0108,-0.008,15,0.016,10,0.01,2891,0.294,2550,0.259,1325,0.408,1183,0.364,0.09,0.24,0.26,2.4,0.01,0.02,0.01,0,0.67,0.95,Uncertain
"Jackson County, WI",55053,Non-core,,,WI,5,20643,,0.004,0,0,0,0,0,4,19,1,4.8,1,,0,2,10,0,0,2713,13142,29,140,0,18,ModerateBurden,,Moderate,Moderate,0.014,110,533,0,1,-0.001,-0.59,-1,0,0.014,270,1308,1,1,0,0,1,4,0.31,0,,,0,0,,,-0.14,0,,,0,0,1,25,0,5,1,1,1,1,8255,0.4,7433,0.36,61,0.039,52,0.003,6,0.002,0.0058,-0.0039,-0.002,263,0.169,103,0.066,7991,0.495,7329,0.454,3068,0.772,2917,0.734,0.09,0.12,0.19,2.4,0.02,0.04,0.06,0,0.5,0.54,Uncertain
"Drew County, AR",5043,Non-core,,,AR,6,18219,,0.006,0,0,2150,0.118,0,4,22,0,0,-0.2,,0,5,27,0,0,2019,11082,45,247,0,16,ModerateBurden,,Moderate,Moderate,0,20,110,0,0.89,-0.05,1.22,0,-0.11,0.05,9,49,0,1,2,4,1,2,0.57,0.03,0.43,0,0,0,,0,-0.02,0.02,-0.2,0,0,0,1,49,7,3,1,1,1,1,6228,0.342,5317,0.292,16,0.012,47,0.003,8,0.002,-0.0121,-0.003,-0.0021,110,0.083,42,0.032,6115,0.428,5275,0.369,2174,0.656,1964,0.592,0.06,0.21,0.18,2.5,0.28,0.04,0,0.01,0.8,0.76,Uncertain
"Desha County, AR",5041,Non-core,,,AR,6,11361,,0.004,0,0,0,0,0,4,35,0,0,0,,0,4,35,0,0,1371,12068,23,202,0,0,ModerateBurden,,Moderate,Moderate,0.028,31,273,0,0.94,-0.007,1.58,0,-0.06,0.034,12,106,0,1,0,0,0,0,0.29,0,,,0,0,,,-0.09,-0.02,,,0,0,2,41,0,8,1,1,1,1,4820,0.424,4014,0.353,3,0.003,39,0.005,10,0.004,-0.0175,-0.0016,0.0018,56,0.054,15,0.015,4710,0.555,3948,0.465,1889,0.848,1644,0.738,0.07,0.29,0.2,2.3,0.47,0.06,0,0.01,0.96,0.99,Uncertain
"Dallas County, AR",5039,Non-core,,,AR,6,7009,,0.002,0,0,0,0,0,4,57,0,0,3,,0,1,14,0,0,765,10915,15,214,0,90,ModerateBurden,,Substantial,Moderate,0,11,157,0,1,0,1.75,0,0,0,4,57,0,1,0,0,0,0,0.08,0,,,0,0,,,0.05,0,,,0,0,1,25,0,3,1,1,1,1,2768,0.395,2427,0.346,,,23,0.004,3,0.002,-0.0094,-0.0029,-0.0041,19,0.036,11,0.021,2745,0.496,2416,0.436,1203,0.704,1112,0.65,0.08,0.14,0.24,2.2,0.4,0.04,0,0,0.88,0.8,Uncertain
"Sequatchie County, TN",47153,Medium metro,"Chattanooga, TN-GA",Metropolitan,TN,4,15026,0.027,0.002,0,0,0,0,0,4,27,0,0,-0.43,,0,7,47,0,0,1742,11593,29,193,0,16,ModerateBurden,,Moderate,High,0,35,233,1,0.94,-0.152,-0.42,1,-0.06,0.152,60,399,0,1,,,,,,,,,,,,,,,,,,,,,,,,,,,3663,0.244,2981,0.198,6,0.005,26,0.002,7,0.002,0.0026,-0.0013,0.0003,41,0.035,16,0.014,3622,0.304,2965,0.249,1812,0.579,1548,0.495,0.11,0.17,0.21,2.7,0.01,0.04,0,0,0.57,0.79,Uncertain
"Rhea County, TN",47143,Micropolitan,"Dayton, TN",Micropolitan,TN,4,33167,1,0.005,0,0,780,0.024,0,4,12,0,0,0,,0,4,12,0,0,4382,13212,75,226,0,14,ModerateBurden,,Moderate,Moderate,0,145,437,1,1,-0.059,-0.14,0,0,0.059,169,510,1,1,0,0,0,0,0.34,0,0.23,0,0,0,,,-0.07,0,-0.06,0,0,0,1,27,5,15,1,1,1,1,10316,0.311,8861,0.267,6,0.002,112,0.004,11,0.002,-0.0011,-0.0001,-0.0019,78,0.029,32,0.012,10237,0.398,8829,0.343,4407,0.706,4000,0.64,0.1,0.22,0.19,2.6,0.02,0.05,0,0.01,0.82,0.85,Uncertain
"Noble County, OH",39121,Non-core,,,OH,5,14424,,0.001,0,0,0,0,0,4,28,0,0,0.33,,0,3,21,0,0,1353,9380,39,270,0,6,ModerateBurden,,Moderate,Moderate,0.013,87,603,1,1,-0.015,-0.58,0,0.01,0.028,205,1421,1,0.99,,,,,,,,,,,,,,,,,,,,,,,,,,,4558,0.316,4367,0.303,9,0.01,31,0.003,2,0,0,-0.0004,-0.0005,49,0.055,16,0.018,4509,0.384,4351,0.371,1749,0.429,1713,0.42,0.07,0.15,0.28,2.4,0.03,0.01,0,0,0.43,0.73,Uncertain
"Radford city, VA",51750,Small metro,"Blacksburg-Christiansburg, VA",Metropolitan,VA,3,18249,0.109,0.002,0,1,8090,0.443,0,4,22,0,0,-0.5,,0,8,44,0,0,2171,11897,18,99,0,48,ModerateBurden,,Moderate,Moderate,0.035,88,482,1,1,-0.017,-0.21,0,0,0.052,111,608,1,1,,,,,,,,,,,,,,,,,,,,,,,,,,,1471,0.081,1195,0.065,2,0.003,35,0.002,2,0.001,0.0026,-0.0002,0.0006,9,0.011,3,0.004,1462,0.092,1192,0.075,113,0.066,106,0.062,0.08,0.36,0.09,2.7,0.09,0.03,0,0.02,0.41,0.28,Uncertain
"Martinsville city, VA",51690,Micropolitan,"Martinsville, VA",Micropolitan,VA,3,12554,0.199,0.001,0,0,0,0,0,4,32,1,8,-0.56,0,0,9,72,1,8,1622,12920,78,621,0,7,ModerateBurden,,High,Substantial,0.173,42,335,1,0.96,0.133,-0.44,0,-0.02,0.04,75,597,1,0.98,,,,,,,,,,,,,,,,,,,,,,,,,,,30,0.002,20,0.002,,,,,,,0,-0.0001,0,1,0.001,1,0.001,29,0.003,19,0.002,11,0.005,10,0.004,0.13,0.25,0.18,2.2,0.47,0.06,0,0.01,0.91,0.93,Uncertain
"Harrison County, OH",39067,Non-core,,,OH,5,15040,,0.001,0,0,0,0,0,4,27,0,0,-0.79,,0,19,126,0,0,1135,7547,37,246,0,4,ModerateBurden,,Moderate,High,0.038,93,618,2,0.96,-0.117,-0.45,1,0,0.156,168,1117,1,0.96,0,0,0,0,0.11,0,,,0,0,,,-0.14,0,,,0,0,1,10,0,3,1,1,1,1,4888,0.325,4693,0.312,6,0.005,42,0.004,9,0.003,0.0009,-0.003,-0.0012,41,0.035,18,0.016,4847,0.406,4675,0.392,2321,0.708,2268,0.691,0.09,0.17,0.22,2.4,0.02,0.01,0,0,0.52,0.87,Uncertain
"Naguabo Municipio, PR",72103,,"San Juan-Bayamón-Caguas, PR",Metropolitan,PR,2,,,,,0,0,0,0,4,16,0,0,3,,0,1,4,0,0,1061,4119,0,0,0,,,,Moderate,Low,0.018,112,435,,,-0.017,-0.45,,,0.035,205,796,,,,,,,,,,,,,,,,,,,,,,,,,,,,,9056,0.352,6678,0.259,89,0.049,256,0.012,32,0.007,-0.0082,-0.007,-0.0089,392,0.214,105,0.057,8662,0.41,6573,0.311,2694,0.558,2228,0.461,0.05,0.5,,,,,,,,,
"Palo Pinto County, TX",48363,Micropolitan,"Mineral Wells, TX",Micropolitan,TX,6,29189,1,0.001,0,0,0,0,0,4,14,1,3.4,3,,0,1,3,0,0,2913,9980,76,260,0,31,ModerateBurden,,Moderate,Low,0,76,260,1,1,-0.022,-0.3,0,0,0.022,109,373,1,1,0,0,0,0,0.53,0,0.43,0,0,0,,,-0.1,0,-0.2,0,0,0,1,57,7,14,1,1,1,1,,,,,,,,,,,,,,,,,,,,,,,,,,0.19,0.18,0.2,2.7,0.02,0.2,0.01,0.01,0.88,0.6,Uncertain
"Morris County, TX",48343,Non-core,,,TX,6,12388,,0,0,0,0,0,0,4,32,0,0,0,,0,4,32,0,0,883,7128,33,266,0,0,ModerateBurden,,Moderate,Moderate,0.071,21,170,0,1,0.019,-0.63,0,0.03,0.053,57,460,0,0.97,,,,,,,,,,,,,,,,,,,,,,,,,,,,,,,,,,,,,,,,,,,,,,,,,,,,0.15,0.16,0.22,2.4,0.22,0.11,0.01,0.01,0.73,0.9,Uncertain
"Morovis Municipio, PR",72101,,"San Juan-Bayamón-Caguas, PR",Metropolitan,PR,2,,,,,0,0,0,0,4,13,0,0,-0.73,,0,15,49,0,0,1460,4813,0,0,0,,,,Moderate,Moderate,0.026,131,432,,,-0.018,-0.35,,,0.044,202,666,,,,,,,,,,,,,,,,,,,,,,,,,,,,,13141,0.433,9747,0.321,89,0.041,242,0.01,25,0.005,-0.0278,-0.0088,-0.0029,816,0.378,186,0.086,12319,0.495,9560,0.384,2940,0.574,2438,0.476,0.06,0.45,,,,,,,,,
"Lancaster County, SC",45057,Large fringe metro,"Charlotte-Concord-Gastonia, NC-SC",Metropolitan,SC,4,98012,0.037,0.019,0,0,0,0,0,4,4,0,0,-0.93,-1,0,59,60,1,1,10891,11112,169,172,0,39,LowBurden,,Low,Substantial,0.029,670,684,1,0.98,-0.015,-0.32,0,0.01,0.043,979,999,1,0.97,5,6,3,4,0.72,0.03,0.52,0.04,0.04,0,0.25,-0.4,-0.08,-0.02,0,-0.01,-0.01,-0.01,1,83,14,26,1,1,1,1,33725,0.344,25057,0.256,64,0.01,448,0.006,83,0.004,-0.0021,-0.001,0.0013,663,0.099,289,0.043,33028,0.429,24755,0.322,15159,0.721,10720,0.51,0.1,0.15,0.21,2.7,0.21,0.06,0,0.02,0.51,0.46,Uncertain
"Maunabo Municipio, PR",72095,,"San Juan-Bayamón-Caguas, PR",Metropolitan,PR,2,,,,,0,0,0,0,4,39,0,0,3,,0,1,10,0,0,347,3362,0,0,0,,,,Moderate,Moderate,0.038,68,659,,,0.038,-0.25,,,0,91,882,,,,,,,,,,,,,,,,,,,,,,,,,,,,,3852,0.373,2666,0.258,21,0.029,70,0.008,17,0.007,-0.0218,-0.0462,-0.0396,195,0.265,36,0.049,3656,0.432,2630,0.311,1246,0.514,1103,0.455,0.05,0.49,,,,,,,,,
"Lee County, TX",48287,Non-core,,,TX,6,17239,,0.001,0,0,0,0,0,4,23,0,0,0.33,,0,3,17,0,0,2216,12855,39,226,0,29,ModerateBurden,,Moderate,Moderate,0.075,103,597,0,0.97,0.048,-0.52,0,-0.03,0.027,214,1241,0,0.99,,,,,,,,,,,,,,,,,,,,,,,,,,,,,,,,,,,,,,,,,,,,,,,,,,,,0.13,0.14,0.19,2.7,0.1,0.24,0,0,0.68,0.76,Uncertain
"Henry County, AL",1067,Small metro,"Dothan, AL",Metropolitan,AL,4,17205,0.115,0.004,0,0,0,0,0,4,23,0,0,-0.69,,0,13,76,0,0,1938,11264,43,250,0,3,ModerateBurden,,Moderate,Substantial,0.04,92,535,0,1,-0.047,-0.1,0,0,0.087,102,593,0,1,,,,,,,,,,,,,,,,,,,,,,,,,,,5771,0.335,4765,0.277,,,19,0.001,4,0.001,0,-0.0002,0.0002,38,0.029,22,0.017,5732,0.418,4743,0.346,2786,0.691,2425,0.602,0.11,0.14,0.23,2.5,0.25,0.03,0,0,0.55,0.65,Uncertain
"Kimble County, TX",48267,Non-core,,,TX,6,4337,,0,0,0,0,0,0,4,92,0,0,0,,0,4,92,0,0,286,6594,6,138,0,1,ModerateBurden,,High,Substantial,0.333,11,254,0,1,0.286,-0.69,0,0,0.048,36,830,0,1,0,0,0,0,0.02,0,,,0,0,,,-0.08,0,,,0,0,1,29,0,4,1,1,1,1,,,,,,,,,,,,,,,,,,,,,,,,,,0.23,0.21,0.3,2.2,0.01,0.25,0.01,0.01,0.59,0.63,Uncertain
"Jones County, TX",48253,Small metro,"Abilene, TX",Metropolitan,TX,6,20083,0.117,0.001,0,0,0,0,0,4,20,0,0,-0.2,,0,5,25,0,0,2607,12981,55,274,0,0,ModerateBurden,,Moderate,Moderate,0.052,59,294,2,1,0.052,0.28,2,0,0,46,229,0,1,0,0,0,0,0.04,0,,,0,0,,,-0.06,0,,,0,0,1,17,0,2,1,1,1,1,,,,,,,,,,,,,,,,,,,,,,,,,,0.14,0.14,0.16,2.3,0.12,0.28,0,0.01,0.63,0.73,Uncertain
"Clay County, SD",46027,Micropolitan,"Vermillion, SD",Micropolitan,SD,8,14070,1,0.016,0,1,6252,0.444,0,4,28,0,0,0,,0,4,28,0,0,1933,13738,15,107,0,0,ModerateBurden,,Moderate,High,0.045,29,206,0,1,-0.095,-0.68,0,0.03,0.14,90,640,0,0.97,0,0,0,0,0.1,0,,,,,,,-0.14,0,,,,,1,25,0,0,1,1,1,1,6891,0.49,6681,0.475,22,0.029,41,0.004,2,0.001,-0.0225,-0.0006,-0.0011,268,0.354,132,0.174,6623,0.57,6549,0.564,1457,0.822,1776,0.999,0.08,0.25,0.13,2.2,0.02,0.03,0.03,0.03,0.25,0.35,Uncertain
"York County, VA",51199,Large fringe metro,"Virginia Beach-Norfolk-Newport News, VA-NC",Metropolitan,VA,3,68280,0.039,0.008,0,0,0,0,0,4,6,1,1.5,-0.89,,0,35,51,0,0,3780,5536,55,81,0,5,LowBurden,,Low,Substantial,0.027,248,363,1,0.96,-0.003,-0.18,0,0,0.03,301,441,1,0.96,,,,,,,,,,,,,,,,,,,,,,,,,,,26680,0.391,22265,0.326,118,0.02,268,0.005,33,0.003,-0.0074,-0.0017,0.0005,1336,0.226,594,0.1,25286,0.484,21665,0.415,7581,0.667,7033,0.619,0.05,0.05,0.17,2.7,0.13,0.07,0,0.06,0.2,0.08,Uncertain
"Meade County, SD",46093,Small metro,"Rapid City, SD",Metropolitan,SD,8,28332,0.199,0.032,0,0,0,0,0,4,14,0,0,-0.43,,0,7,25,0,0,2788,9840,31,109,0,18,ModerateBurden,,Moderate,Moderate,0.021,207,731,0,1,-0.009,-0.14,0,0.01,0.031,241,851,0,0.99,0,0,0,0,0.5,0.05,0.33,0.04,0,0,-1,,-0.01,0,0,-0.08,0,0,2,50,7,1,1,0.5,1,1,9675,0.341,9343,0.33,37,0.017,99,0.005,19,0.004,0.0009,-0.0042,0.0002,288,0.131,131,0.059,9387,0.427,9212,0.419,1834,0.405,2742,0.605,0.1,0.08,0.16,2.4,0.02,0.04,0.03,0.01,0.09,0.1,Uncertain
"Yankton County, SD",46135,Micropolitan,"Yankton, SD",Micropolitan,SD,8,22814,1,0.026,0,0,632,0.028,0,4,18,0,0,-0.2,,0,5,22,0,0,3111,13636,34,149,0,49,ModerateBurden,,Moderate,Moderate,0.017,126,552,0,1,-0.038,-0.19,0,0,0.056,156,684,0,1,0,0,0,0,0.47,0.01,0.38,0.05,0.12,0,-1,,0.03,0,0.11,0,0.12,0,1,41,8,6,1,1,1,1,11803,0.517,10797,0.473,125,0.076,101,0.006,9,0.002,0.0552,0.0004,0.0005,426,0.258,179,0.109,11377,0.632,10618,0.589,3860,0.869,3782,0.851,0.06,0.13,0.19,2.2,0.02,0.05,0.03,0.01,0.32,0.09,Uncertain
"Clinton County, OH",39027,Micropolitan,"Wilmington, OH",Micropolitan,OH,5,41968,1,0.004,0,0,1165,0.028,0,4,10,0,0,-0.67,,0,12,29,0,0,3775,8995,66,157,0,33,LowBurden,,Moderate,Moderate,0,244,581,1,0.99,-0.01,-0.28,0,-0.01,0.01,339,808,1,1,0,0,2,3,0.39,0,0.31,0,0.02,0,,0,-0.05,0,0.1,0,-0.05,0,1,60,6,9,1,1,1,1,14855,0.354,14059,0.335,39,0.012,198,0.006,31,0.004,-0.003,-0.002,-0.0015,501,0.149,224,0.066,14351,0.443,13834,0.427,5554,0.754,5455,0.74,0.06,0.13,0.18,2.5,0.02,0.02,0,0.01,0.44,0.59,Uncertain
"Bedford County, TN",47003,Micropolitan,"Shelbyville, TN",Micropolitan,TN,4,49713,1,0.007,0,0,0,0,0,4,8,0,0,3,,0,1,2,0,0,6550,13176,130,262,0,64,LowBurden,,Low,Low,0.039,112,225,1,1,0.024,-0.54,0,0.03,0.015,246,495,1,0.97,1,2,0,0,0.17,0.01,0.38,0,0.06,0,0,,-0.01,0.01,-0.07,0,0.06,0,1,57,8,10,1,1,1,1,13438,0.27,10865,0.219,28,0.006,125,0.003,15,0.002,-0.0023,-0.0023,-0.0007,241,0.055,81,0.018,13192,0.356,10784,0.291,5339,0.707,4821,0.639,0.11,0.16,0.15,2.8,0.08,0.13,0,0.01,0.78,0.81,Uncertain
"Cataño Municipio, PR",72033,,"San Juan-Bayamón-Caguas, PR",Metropolitan,PR,2,,,,,0,0,0,0,4,17,0,0,-0.69,,0,13,56,0,0,1232,5328,0,0,0,,,,Moderate,Substantial,0.016,226,977,,,-0.01,-0.42,,,0.027,390,1687,,,,,,,,,,,,,,,,,,,,,,,,,,,,,10244,0.443,7452,0.322,34,0.021,208,0.011,15,0.003,-0.0298,-0.0124,-0.0107,458,0.278,180,0.109,9779,0.515,7272,0.383,2771,0.568,2176,0.446,0.07,0.47,,,,,,,,,
"Vilas County, WI",55125,Non-core,,,WI,5,22195,,0.004,0,0,0,0,0,4,18,1,4.5,0,0,0,4,18,1,4.5,2433,10962,43,194,0,14,ModerateBurden,,Moderate,Moderate,0.022,180,811,1,1,-0.002,-0.1,0,0,0.024,201,906,1,1,0,0,0,0,0.74,0,,,0,0,,-1,0.4,0,,,0,0,1,11,0,2,1,1,1,1,11879,0.535,10714,0.483,23,0.017,102,0.006,29,0.004,0,-0.0009,0.0001,169,0.125,54,0.04,11710,0.635,10660,0.578,6061,0.88,5683,0.825,0.06,0.14,0.31,2,0,0.03,0.1,0.01,0.14,0.22,Uncertain
"Coffee County, TN",47031,Micropolitan,"Tullahoma-Manchester, TN",Micropolitan,TN,4,56520,0.537,0.008,0,0,0,0,0,4,7,0,0,-0.73,-1,0,15,27,1,1.8,6955,12305,125,221,0,86,LowBurden,,Low,Moderate,0,179,317,1,0.99,-0.036,-0.48,0,0,0.036,346,612,1,0.99,0,0,0,0,0.29,0,0.41,0,0.04,0,-1,,0.01,0,-0.04,0,0.01,0,2,140,14,32,1,1,1,1,18455,0.327,14841,0.263,30,0.006,154,0.004,26,0.003,-0.0009,-0.0021,-0.0015,278,0.059,86,0.018,18167,0.423,14755,0.344,7824,0.795,6802,0.691,0.1,0.14,0.17,2.5,0.04,0.05,0,0.01,0.49,0.52,Uncertain
"Ashland County, WI",55003,Non-core,,,WI,5,15562,,0.003,0,0,558,0.036,0,4,26,0,0,-0.56,,0,9,58,0,0,1396,8971,15,96,0,13,ModerateBurden,,Moderate,Substantial,0.005,210,1349,1,1,-0.011,-0.1,0,0,0.016,234,1504,1,1,2,4,0,0,0.26,0,0.5,0.05,0,0,,-1,0,0,0.14,0.01,0,0,1,48,4,10,1,1,1,1,8623,0.554,7671,0.493,12,0.01,60,0.005,8,0.003,-0.1073,-0.0035,-0.0016,283,0.233,75,0.062,8338,0.687,7594,0.626,2965,0.941,2878,0.913,0.06,0.14,0.2,2.3,0.01,0.03,0.11,0.01,0.55,0.25,Uncertain
"Bethel Census Area, AK",2050,Non-core,,,AK,10,18386,,0.025,0,0,0,0,0,4,22,0,0,-0.33,,0,6,33,0,0,3906,21244,22,120,0,68,ModerateBurden,,Moderate,Moderate,0,465,2529,4,0.42,-0.009,-0.23,1,-0.18,0.009,603,3280,3,0.6,0,0,0,0,0.21,0,,,0,0,-1,,-0.02,-0.01,,,0,0,1,45,0,4,1,1,1,1,9652,0.525,8651,0.471,61,0.031,49,0.004,,,0.0015,-0.0005,-0.0021,800,0.405,494,0.25,8804,0.743,8147,0.688,1208,0.834,1152,0.796,0.21,0.28,0.08,3.8,0.01,0.03,0.82,0.01,0.97,0.73,Uncertain
"Logan County, AR",5083,Non-core,,,AR,6,21466,,0.007,0,0,0,0,0,4,19,0,0,1,-1,0,2,9,1,4.7,2253,10496,25,116,0,9,ModerateBurden,,Moderate,Low,0.075,64,298,0,0.98,0.075,0.78,0,-0.02,0,36,168,0,1,0,0,4,11,0.27,0,,,0,0,-1,-0.2,-0.02,-0.02,,,0,0,2,38,0,2,1,1,1,1,6723,0.313,5814,0.271,6,0.004,76,0.004,6,0.001,-0.0024,-0.0029,-0.0043,63,0.038,32,0.019,6659,0.394,5782,0.342,2867,0.652,2622,0.596,0.08,0.21,0.2,2.5,0.01,0.03,0.01,0.02,0.8,0.88,Uncertain
"Decatur County, GA",13087,Micropolitan,"Bainbridge, GA",Micropolitan,GA,4,26404,1,0.002,0,0,0,0,0,4,15,0,0,-0.73,,0,15,57,0,0,2962,11218,70,265,0,2,ModerateBurden,,Moderate,Substantial,0.026,54,205,0,0.84,0.026,-0.36,0,0,0,84,318,0,0.84,6,19,6,19,0.74,0.03,0.67,0.1,0,0,-0.25,-0.14,0.09,-0.06,-0.12,-0.1,0,0,1,31,6,8,1,1,1,1,6997,0.265,6209,0.235,35,0.016,193,0.01,24,0.005,0.0125,-0.0006,0.0014,78,0.036,35,0.016,6916,0.346,6173,0.309,2883,0.656,2707,0.616,0.19,0.25,0.17,2.5,0.42,0.07,0,0.01,0.95,0.91,Uncertain
"Benzie County, MI",26019,Micropolitan,"Traverse City, MI",Micropolitan,MI,5,17766,0.118,0.002,0,0,0,0,0,4,23,1,5.6,-0.33,0,0,6,34,1,5.6,1277,7188,36,203,0,40,ModerateBurden,,Moderate,Moderate,0.035,110,619,0,1,-0.012,-0.17,0,0.01,0.047,133,749,0,0.99,0,0,0,0,0.18,0,,,0,0,,,-0.21,0,,,0,0,1,4,0,1,1,1,1,1,9793,0.551,9239,0.52,5,0.004,72,0.005,15,0.003,0.0026,-0.0023,-0.0002,153,0.133,190,0.165,9639,0.659,9049,0.619,3862,0.807,3675,0.768,0.06,0.09,0.27,2.6,0.01,0.03,0.01,0,0.11,0.44,Uncertain
"Otsego County, MI",26137,Non-core,,,MI,5,24668,,0.002,0,0,0,0,0,4,16,0,0,-0.33,-1,0,6,24,1,4.1,2333,9458,41,166,0,51,ModerateBurden,,Moderate,Moderate,0.02,192,778,0,0.99,-0.005,-0.45,-1,0.01,0.025,352,1427,1,0.98,1,2,0,0,0.33,0.01,0.49,0.09,0.05,0,,-1,-0.12,0.01,-0.2,0.09,-0.05,0,1,41,5,8,1,1,1,1,11458,0.464,10653,0.432,5,0.003,60,0.003,7,0.001,-0.0006,-0.0021,-0.0017,181,0.1,150,0.083,11276,0.577,10503,0.537,4364,0.814,4272,0.797,0.07,0.15,0.22,2.4,0.01,0.02,0.01,0.01,0.37,0.49,Uncertain
"Dukes County, MA",25007,Micropolitan,"Vineyard Haven, MA",Micropolitan,MA,1,17332,1,0.003,0,0,0,0,0,4,23,0,0,-0.76,,0,17,98,0,0,1412,8147,0,0,0,10,ModerateBurden,,Moderate,Substantial,0.013,392,2262,0,1,-0.025,-0.44,0,0,0.038,694,4004,0,1,0,0,0,0,0.51,0,0.07,0,0,0,-1,,0.01,-0.01,0.02,0,0,0,1,28,6,14,1,1,1,1,569,0.033,480,0.028,6,0.006,12,0.001,,,0.0057,0.0007,0,18,0.017,8,0.008,551,0.039,472,0.033,176,0.04,154,0.035,0.05,0.08,0.25,2.7,0.04,0.04,0.01,0.01,0.01,0.06,Uncertain
"Peach County, GA",13225,Small metro,"Warner Robins, GA",Metropolitan,GA,4,27546,0.149,0.003,0,0,2364,0.086,0,4,15,4,14.5,-0.43,3,0,7,25,1,3.6,2683,9740,64,232,0,29,ModerateBurden,,Moderate,Moderate,0.015,81,294,0,0.88,-0.019,-0.12,0,-0.05,0.034,92,334,0,0.93,2,8,1,4,0.99,0.02,,,0,0,-0.33,-0.5,0.14,0,,,0,0,1,25,0,4,1,1,1,1,1694,0.061,1372,0.05,30,0.016,107,0.005,16,0.004,0.0021,-0.0003,0.0007,84,0.044,35,0.018,1609,0.074,1337,0.061,520,0.114,421,0.093,0.14,0.22,0.17,2.5,0.44,0.08,0,0.01,0.94,0.89,Uncertain
"Alpena County, MI",26007,Micropolitan,"Alpena, MI",Micropolitan,MI,5,28405,1,0.003,0,0,670,0.024,0,4,14,1,3.5,-0.6,,0,10,35,0,0,2262,7963,61,215,0,40,ModerateBurden,,Moderate,Moderate,0.013,311,1095,1,1,-0.029,-0.33,0,0.01,0.043,463,1630,1,0.99,0,0,0,0,0.3,0,0.25,0,0.04,0,-1,-1,-0.11,-0.04,-0.21,-0.19,-0.09,-0.13,1,134,9,13,1,1,1,1,12921,0.455,11674,0.411,2,0.001,71,0.003,10,0.001,-0.0005,-0.0016,-0.0024,102,0.054,112,0.06,12818,0.555,11562,0.501,5516,0.813,4995,0.737,0.06,0.14,0.24,2.2,0.01,0.01,0.01,0.01,0.34,0.25,Uncertain
"Guthrie County, IA",19077,Medium metro,"Des Moines-West Des Moines, IA",Metropolitan,IA,7,10689,0.015,0.003,0,0,0,0,0,4,37,0,0,3,-1,0,1,9,1,9.4,1228,11488,32,299,0,60,ModerateBurden,,Moderate,Low,0.02,41,384,0,1,-0.022,-0.32,-1,0,0.043,60,561,1,1,0,0,0,0,0.29,0,,,0,0,,,0.01,0,,,0,0,1,12,0,1,1,1,1,1,5234,0.49,4677,0.438,6,0.007,32,0.004,7,0.003,0,-0.004,-0.0004,180,0.207,55,0.063,5054,0.605,4622,0.553,2191,0.9,2057,0.845,0.04,0.11,0.23,2.4,0.01,0.03,0,0,0.12,0.4,Uncertain
"Tattnall County, GA",13267,Non-core,,,GA,4,25286,,0.002,0,0,0,0,0,4,16,0,0,1,,0,2,8,0,0,2327,9203,65,257,0,26,ModerateBurden,,Moderate,Low,0,32,127,0,0.71,-0.026,-0.18,0,-0.11,0.026,39,154,0,0.82,0,0,0,0,0,0,,,0,0,,,0,0,,,0,0,1,25,0,1,1,1,1,1,1526,0.06,1429,0.057,22,0.012,124,0.006,21,0.006,0.0082,0.0022,0.0018,34,0.019,29,0.016,1492,0.074,1400,0.07,489,0.129,443,0.116,0.13,0.23,0.15,2.3,0.28,0.12,0,0.01,0.91,0.95,Uncertain
"Lake County, MI",26085,Non-core,,,MI,5,11853,,0.001,0,0,0,0,0,4,34,0,0,0,,0,4,34,0,0,633,5340,15,127,0,40,ModerateBurden,,Moderate,Moderate,0.018,95,801,0,1,0,-0.26,0,0.03,0.018,128,1080,0,0.97,,,,,,,,,,,,,,,,,,,,,,,,,,,5765,0.486,5406,0.456,,,30,0.003,8,0.002,-0.0062,-0.0022,-0.0008,30,0.046,28,0.043,5734,0.579,5378,0.543,2182,0.617,2051,0.58,0.08,0.24,0.3,2.5,0.08,0.02,0.01,0,0.78,0.93,Uncertain
"Kauai County, HI",15007,Micropolitan,"Kapaa, HI",Micropolitan,HI,9,72293,1,0.051,0,0,0,0,0,4,6,0,0,0,,0,4,6,0,0,325,450,2,3,0,24,LowBurden,,Low,Low,0.001,940,1300,1,0.94,-0.002,-0.13,0,-0.05,0.003,1082,1497,1,0.99,0,0,4,4,0.62,0,0.51,0,0.01,0,,1,0.02,0,0,0,0.01,0,3,111,11,39,1,1,1,1,,,,,,,,,,,,,,,,,,,,,,,,,,0.05,0.09,0.21,3.1,0.01,0.11,0,0.3,0.31,0.29,Uncertain
"Valley County, ID",16085,Non-core,,,ID,10,11392,,0.006,0,0,0,0,0,4,35,0,0,0.33,,0,3,26,0,0,851,7470,6,53,0,0,ModerateBurden,,Moderate,Moderate,0.034,92,808,0,1,-0.006,-0.22,0,0.01,0.04,118,1036,0,0.99,0,0,0,0,0.15,0,,,0,0,,,-0.06,0,,,0,0,2,27,0,4,1,1,1,1,5614,0.493,5120,0.449,,,54,0.006,6,0.002,0,0.0005,-0.0024,1,0.001,1,0.001,5613,0.603,5119,0.55,2354,0.797,2230,0.755,0.15,0.1,0.26,3,0,0.05,0.01,0.01,0.09,0.09,Uncertain
"Wexford County, MI",26165,Micropolitan,"Cadillac, MI",Micropolitan,MI,5,33631,0.69,0.003,0,0,0,0,0,4,12,0,0,-0.67,,0,12,36,0,0,2887,8584,47,140,0,47,ModerateBurden,,Moderate,Moderate,0.025,232,690,1,0.98,-0.023,-0.39,0,0.02,0.048,381,1133,1,0.95,3,6,0,0,0.73,0.05,0.91,0,0.04,0,-0.25,,0.15,-0.05,0.07,-0.04,-0.04,-0.04,1,49,18,11,1,1,1,1,13841,0.412,12289,0.365,6,0.002,108,0.004,10,0.002,-0.0011,-0.0024,-0.0017,252,0.095,216,0.081,13589,0.525,12073,0.466,5087,0.773,4459,0.678,0.08,0.16,0.2,2.5,0.01,0.02,0.01,0.01,0.5,0.61,Uncertain
"Bingham County, ID",16011,Micropolitan,"Blackfoot, ID",Micropolitan,ID,10,46811,1,0.026,0,0,0,0,0,4,9,0,0,-0.33,,0,6,13,0,0,4854,10369,76,162,0,12,LowBurden,,Low,Moderate,0.026,212,453,0,0.99,0.007,-0.35,0,-0.01,0.019,324,692,0,0.99,0,0,0,0,0.52,0,0.4,0,0,0,-1,,0.07,-0.05,-0.06,-0.17,0,0,2,34,5,7,1,1,1,1,15390,0.329,13667,0.292,,,133,0.004,15,0.002,-0.001,-0.0041,-0.0028,23,0.005,,,15367,0.472,13667,0.419,5172,0.762,4811,0.709,0.11,0.13,0.15,3.1,0,0.18,0.06,0.01,0.51,0.27,Uncertain
"Boundary County, ID",16021,Non-core,,,ID,10,12245,,0.007,0,0,0,0,0,4,33,0,0,,,0,0,0,0,0,876,7154,11,90,0,27,ModerateBurden,,Moderate,Low,0.033,141,1151,0,1,0.017,0.52,0,0,0.015,93,759,0,1,0,0,0,0,0.43,0,,,0,0,,,-0.12,0,,,0,0,1,7,0,4,1,1,1,1,3125,0.255,2835,0.232,,,21,0.002,4,0.001,,-0.0011,-0.0018,,,,,3125,0.331,2835,0.301,1606,0.568,1471,0.521,0.19,0.17,0.23,2.5,0.01,0.05,0.02,0.01,0.31,0.21,Uncertain
"Clayton County, IA",19043,Non-core,,,IA,7,17549,,0.006,0,0,0,0,0,4,23,1,5.7,0.33,,0,3,17,0,0,1709,9738,57,325,0,46,ModerateBurden,,Moderate,Moderate,0.026,124,707,0,0.98,0.014,-0.44,0,-0.02,0.012,220,1254,0,1,0,0,0,0,0.16,0,,,0,0,,,-0.01,0,,,0,0,2,34,0,8,1,1,1,1,7286,0.415,6869,0.391,4,0.003,47,0.003,7,0.002,-0.0038,-0.0001,-0.0005,75,0.058,34,0.026,7211,0.521,6835,0.494,3260,0.763,3172,0.742,0.06,0.09,0.24,2.3,0.01,0.02,0,0,0.18,0.33,Uncertain
"Houston County, MN",27055,Small metro,"La Crosse-Onalaska, WI-MN",Metropolitan,MN,5,18600,0.136,0.003,0,0,0,0,0,4,22,0,0,-0.5,,0,8,43,0,0,1740,9355,16,86,0,23,ModerateBurden,,Moderate,Moderate,0.027,129,694,0,1,0.007,-0.1,0,0.01,0.02,144,774,0,0.99,,,,,,,,,,,,,,,,,,,,,,,,,,,7898,0.425,6027,0.324,11,0.008,24,0.002,5,0.001,-0.0027,-0.0036,-0.0027,118,0.081,53,0.036,7779,0.535,5973,0.411,3354,0.818,2302,0.561,0.04,0.08,0.22,2.2,0.01,0.01,0,0.01,0.02,0.26,Uncertain
"Kanabec County, MN",27065,Non-core,,,MN,5,16337,,0.003,0,0,0,0,0,4,24,1,6.1,-0.2,,0,5,31,0,0,1466,8973,28,171,0,37,ModerateBurden,,Moderate,Moderate,0.048,218,1334,0,1,0.04,-0.37,0,0,0.008,346,2118,0,1,1,5,4,21,0.51,0.03,0,0,0,0,-0.67,1,0.05,-0.06,-0.05,-0.05,0,0,1,19,3,4,1,1,1,1,5577,0.341,4892,0.299,8,0.006,40,0.003,8,0.002,-0.0038,-0.0012,-0.0009,173,0.133,85,0.065,5396,0.42,4804,0.374,2382,0.696,2212,0.647,0.05,0.11,0.21,2.4,0.01,0.02,0.01,0.01,0.28,0.1,Uncertain
"Berkshire County, MA",25003,Small metro,"Pittsfield, MA",Metropolitan,MA,1,124944,1,0.018,0,0,3602,0.029,0,4,3,1,0.8,-0.67,,0,12,10,0,0,6529,5226,287,230,0,53,LowBurden,,Low,Moderate,0.001,3745,2997,1,1,-0.002,-0.41,0,0,0.003,6363,5093,1,1,0,0,83,22,0.52,0,0.36,0,0.08,0,-1,-0.18,0,0,-0.06,0,-0.03,0,2,376,25,34,1,1,1,1,60850,0.487,50125,0.401,276,0.035,937,0.009,133,0.004,-0.0281,-0.0026,-0.0019,3673,0.461,1754,0.22,57030,0.548,48331,0.464,20004,0.669,17601,0.588,0.03,0.11,0.24,2.2,0.03,0.05,0,0.02,0.41,0.11,Uncertain
"Cook County, GA",13075,Non-core,,,GA,4,17270,,0.002,0,0,0,0,0,4,23,1,5.8,3,0,0,1,6,1,5.8,1838,10643,44,255,0,17,ModerateBurden,,Moderate,Low,0.02,57,330,0,0.92,0.02,0.02,0,-0.05,0,56,324,0,0.97,0,0,0,0,0.06,0,,,,,,,0,0,,,,,1,15,0,0,1,1,1,1,4863,0.282,4217,0.244,24,0.016,97,0.007,16,0.006,0.0123,-0.0007,0.001,63,0.041,19,0.012,4797,0.371,4198,0.324,1953,0.675,1758,0.608,0.18,0.24,0.17,2.7,0.28,0.06,0,0.01,0.85,0.97,Uncertain
"Queen Anne's County, MD",24035,Large fringe metro,"Baltimore-Columbia-Towson, MD",Metropolitan,MD,3,50381,0.018,0.008,0,0,0,0,0,4,8,0,0,-0.69,-1,0,13,26,4,7.9,3001,5957,51,101,0,37,LowBurden,,Low,Moderate,0.027,593,1177,1,0.96,-0.003,-0.21,0,-0.04,0.03,751,1491,1,1,,,,,,,,,,,,,,,,,,,,,,,,,,,27136,0.539,23885,0.474,64,0.016,213,0.005,27,0.003,-0.0323,-0.0088,-0.0032,1020,0.251,482,0.119,26115,0.659,23403,0.591,8432,0.871,7978,0.824,0.04,0.06,0.19,2.7,0.06,0.04,0,0.01,0.02,0.03,Uncertain
"Oconee County, GA",13219,Small metro,"Athens-Clarke County, GA",Metropolitan,GA,4,40280,0.188,0.004,0,0,0,0,0,4,10,0,0,-0.43,-1,0,7,17,1,2.5,4032,10010,73,181,0,74,LowBurden,,Moderate,Moderate,0.018,251,623,0,0.83,0.007,-0.11,0,-0.06,0.011,282,700,0,0.89,,,,,,,,,,,,,,,,,,,,,,,,,,,7658,0.19,7471,0.185,166,0.04,181,0.006,15,0.002,0.0123,-0.0002,-0.0006,499,0.121,310,0.075,7159,0.241,7161,0.241,3030,0.476,2953,0.464,0.07,0.06,0.16,2.8,0.05,0.06,0,0.04,0.04,0.17,Uncertain
"Caroline County, MD",24011,Non-core,,,MD,3,33406,,0.006,0,0,0,0,0,4,12,0,0,-0.43,-1,0,7,21,4,12,2345,7020,29,87,0,13,ModerateBurden,,Moderate,Moderate,0.013,506,1515,1,0.98,-0.005,-0.21,0,-0.02,0.017,639,1913,1,1,,,,,,,,,,,,,,,,,,,,,,,,,,,14632,0.438,13245,0.396,27,0.01,166,0.007,22,0.004,-0.0134,-0.0034,-0.0004,367,0.133,178,0.065,14263,0.559,13065,0.512,4775,0.857,4569,0.82,0.06,0.15,0.17,2.7,0.14,0.08,0,0.01,0.55,0.47,Uncertain
"Franklin County, FL",12037,Non-core,,,FL,4,12125,,0.001,0,0,0,0,0,4,33,0,0,-0.56,,0,9,74,0,0,1362,11233,20,165,0,7,ModerateBurden,,Moderate,Substantial,0.075,76,627,,,-0.009,0.31,,,0.083,58,478,,,0,0,0,0,0.28,0.05,,,0,0,,,-0.02,-0.08,,,0,0,1,15,0,11,1,1,1,1,4409,0.364,3928,0.324,5,0.008,32,0.003,7,0.002,0.0032,-0.001,-0.001,23,0.036,6,0.009,4386,0.428,3922,0.382,2344,0.801,2202,0.753,0.18,0.21,0.24,2.4,0.13,0.06,0,0,0.81,0.93,Uncertain
"Catahoula Parish, LA",22025,Non-core,,,LA,6,9494,,0.002,0,0,0,0,0,4,42,0,0,1,,0,2,21,0,0,1170,12324,38,400,0,39,ModerateBurden,,Moderate,High,0,25,263,1,1,-0.125,-0.47,1,0,0.125,47,495,0,1,,,,,,,,,,,,,,,,,,,,,,,,,,,2512,0.265,2127,0.224,5,0.007,29,0.004,7,0.004,0.0042,0.0011,0.0024,15,0.021,3,0.004,2497,0.334,2124,0.284,1191,0.701,1004,0.591,0.14,0.22,0.18,2.4,0.3,0.02,0.01,0,0.78,0.84,Uncertain
"Menifee County, KY",21165,Micropolitan,"Mount Sterling, KY",Micropolitan,KY,4,6489,0.138,0.001,0,0,0,0,0,4,62,0,0,3,,0,1,15,0,0,484,7459,17,262,0,27,ModerateBurden,,Substantial,Moderate,0,62,955,1,0.97,-0.041,-0.19,0,-0.03,0.041,77,1187,1,1,,,,,,,,,,,,,,,,,,,,,,,,,,,2189,0.337,1969,0.303,1,0.002,22,0.004,4,0.003,-0.0046,-0.0015,-0.0007,20,0.046,11,0.025,2169,0.409,1958,0.37,841,0.605,795,0.572,0.04,0.23,0.21,2.4,0.03,0.01,0,0,0.58,0.83,Likely Decreasing
"Larue County, KY",21123,Small metro,"Elizabethtown-Fort Knox, KY",Metropolitan,KY,4,14398,0.094,0.003,0,0,0,0,0,4,28,0,0,-0.2,,0,5,35,0,0,1352,9390,26,181,0,18,ModerateBurden,,Moderate,High,0.05,35,243,1,0.98,-0.079,-0.03,0,-0.03,0.129,36,250,1,1,,,,,,,,,,,,,,,,,,,,,,,,,,,4680,0.325,4277,0.297,13,0.011,58,0.005,4,0.002,0.0034,-0.0029,-0.0054,121,0.101,35,0.029,4559,0.41,4242,0.381,1845,0.717,1788,0.695,0.06,0.15,0.18,2.4,0.03,0.03,0,0,0.53,0.86,Uncertain
"Pershing County, NV",32027,Non-core,,,NV,9,6725,,0.002,0,0,0,0,0,4,59,0,0,-0.33,,0,6,89,0,0,969,14409,20,297,0,0,ModerateBurden,,Substantial,High,0.045,23,342,1,0.95,-0.121,0.44,0,0.04,0.167,16,238,1,0.92,0,0,0,0,0,0,,,,,,,-0.02,0,,,,,1,17,0,0,1,1,1,1,2124,0.316,1823,0.271,,,7,0.001,,,-0.0146,-0.0039,-0.0009,17,0.05,1,0.003,2107,0.374,1822,0.323,529,0.48,493,0.447,0.15,0.15,0.16,2.4,0.04,0.25,0.03,0.01,0.9,0.54,Uncertain
"Jefferson County, GA",13163,Non-core,,,GA,4,15362,,0.001,0,0,0,0,0,4,26,0,0,0,-1,0,4,26,1,6.5,1960,12759,69,449,0,0,ModerateBurden,,Moderate,Moderate,0.074,45,293,0,0.98,0.023,0.1,0,0.06,0.051,41,267,0,0.92,0,0,0,0,0,0,,,0.05,0.05,-1,,0,0,,,0.02,0.02,1,22,0,8,1,1,1,1,3002,0.195,2789,0.182,23,0.019,108,0.009,13,0.004,0.0106,0.0019,0.0007,46,0.038,14,0.011,2955,0.25,2775,0.235,1226,0.423,1190,0.411,0.14,0.25,0.19,2.7,0.52,0.04,0,0.01,0.94,0.98,Uncertain
"Gallatin County, KY",21077,Large fringe metro,"Cincinnati, OH-KY-IN",Metropolitan,KY,4,8869,0.004,0.002,0,0,0,0,0,4,45,1,11.3,-0.2,,0,5,56,0,0,723,8152,31,350,0,5,ModerateBurden,,Moderate,Substantial,0,37,417,1,1,-0.038,-0.46,1,0.02,0.038,69,778,0,0.98,,,,,,,,,,,,,,,,,,,,,,,,,,,2624,0.296,2342,0.264,15,0.02,33,0.005,4,0.003,0.0109,-0.0033,-0.004,79,0.107,40,0.054,2545,0.377,2302,0.341,880,0.7,851,0.677,0.09,0.15,0.14,2.8,0.01,0.05,0,0,0.61,0.81,Uncertain
"Cibola County, NM",35006,Micropolitan,"Grants, NM",Micropolitan,NM,6,26675,1,0.013,0,0,0,0,0,4,15,1,3.7,3,0,0,1,4,1,3.7,2897,10860,125,469,0,10,ModerateBurden,,Moderate,Low,0,730,2737,1,0.94,-0.006,-0.05,0,-0.05,0.006,766,2872,1,0.98,0,0,0,0,0.48,0,0.62,0,0,0,-1,,-0.01,-0.05,-0.22,-0.58,0,0,2,19,2,9,1,1,1,1,12524,0.47,11827,0.443,154,0.076,123,0.006,8,0.002,-0.095,-0.0048,-0.0051,1190,0.589,416,0.206,11331,0.553,11408,0.557,2488,0.557,2783,0.623,0.11,0.27,0.17,2.8,0.01,0.38,0.4,0,1,0.93,Uncertain
"Union County, NM",35059,Non-core,,,NM,6,4059,,0.002,0,0,0,0,0,4,99,0,0,,,0,0,0,0,0,258,6356,10,246,0,1,ModerateBurden,,Substantial,Low,0,10,246,1,1,-0.043,-0.9,-2,0.24,0.043,104,2562,3,0.76,0,0,0,0,0.1,0,0,0,0,0,,,0,0,0,0,0,0,1,25,2,5,1,1,1,1,364,0.09,555,0.137,1,0.004,7,0.002,4,0.005,-0.0076,-0.0006,0.0045,17,0.064,14,0.053,347,0.105,541,0.164,88,0.099,163,0.184,0.15,0.14,0.22,2.6,0.02,0.43,0.01,0.01,0.68,0.54,Uncertain
"Clinton County, NY",36019,Micropolitan,"Plattsburgh, NY",Micropolitan,NY,2,80485,1,0.004,0,1,5123,0.064,0,4,5,0,0,-0.33,,0,6,7,0,0,4834,6006,33,41,0,51,LowBurden,,Low,Low,0.002,2184,2714,1,0.98,0,-0.1,0,0.04,0.002,2436,3027,1,0.94,1,1,0,0,0.95,0.01,0.86,0,0.07,0,-0.04,-1,0.01,0,0.04,0,0,0,1,153,8,30,1,1,1,1,48036,0.597,43996,0.547,240,0.049,528,0.008,41,0.003,-0.0266,-0.005,-0.0016,2313,0.476,1135,0.234,45717,0.692,42860,0.649,13015,0.915,12661,0.89,0.04,0.15,0.18,2.3,0.04,0.03,0,0.01,0.53,0.78,Uncertain
"Bath County, KY",21011,Micropolitan,"Mount Sterling, KY",Micropolitan,KY,4,12500,0.265,0.003,0,0,0,0,0,4,32,0,0,-0.76,,0,17,136,0,0,1040,8320,22,176,0,33,ModerateBurden,,Moderate,High,0.07,120,960,0,0.98,0.031,-0.31,0,-0.02,0.039,173,1384,0,1,,,,,,,,,,,,,,,,,,,,,,,,,,,5006,0.4,4406,0.352,5,0.005,44,0.005,2,0.001,-0.0184,-0.0039,-0.0052,121,0.112,22,0.02,4885,0.525,4384,0.471,1757,0.827,1666,0.784,0.07,0.21,0.17,2.6,0.01,0.02,0,0,0.73,0.93,Uncertain
"Greene County, NY",36039,Non-core,,,NY,2,47188,,0.002,0,0,0,0,0,4,8,1,2.1,-0.67,,0,12,25,0,0,3402,7209,79,167,0,41,LowBurden,,Low,Moderate,0.007,593,1257,1,0.95,-0.008,-0.2,0,-0.03,0.015,742,1572,1,0.98,,,,,,,,,,,,,,,,,,,,,,,,,,,23939,0.507,20794,0.441,67,0.024,272,0.007,45,0.004,-0.0761,-0.0057,-0.0073,883,0.322,348,0.127,23054,0.583,20445,0.517,8250,0.769,7466,0.696,0.06,0.13,0.23,2.6,0.05,0.06,0,0.01,0.42,0.25,Uncertain
"Kittson County, MN",27069,Non-core,,,MN,5,4298,,0.001,0,0,0,0,0,4,93,0,0,,,0,0,0,0,0,490,11401,22,512,0,44,ModerateBurden,,High,Low,0.208,25,582,0,1,0.208,-0.77,0,0,0,110,2559,0,1,0,0,0,0,0.09,0,,,,,,,0.09,0,,,,,1,15,0,0,1,1,1,1,2035,0.473,1826,0.425,7,0.022,10,0.003,1,0.001,-0.0125,-0.0009,-0.0028,65,0.203,31,0.097,1968,0.587,1795,0.536,865,0.809,797,0.746,0.06,0.11,0.25,2.2,0.01,0.02,0,0.01,0.1,0.14,Uncertain
"Lyon County, MN",27083,Micropolitan,"Marshall, MN",Micropolitan,MN,5,25474,1,0.005,0,0,2116,0.083,0,4,16,0,0,0.33,,0,3,12,0,0,3639,14285,52,204,0,49,ModerateBurden,,Moderate,Moderate,0.008,520,2041,1,0.99,-0.005,-0.21,0,0,0.012,655,2571,1,0.99,1,2,1,2,0.23,0.02,0.11,0,0,0,,-0.83,0.02,0.02,-0.04,0,0,0,2,50,4,3,1,1,1,1,11596,0.455,10082,0.396,25,0.012,82,0.004,7,0.002,-0.0054,-0.0025,0,395,0.192,230,0.112,11185,0.591,9851,0.521,3889,0.928,3587,0.856,0.05,0.14,0.16,2.4,0.03,0.07,0,0.05,0.45,0.57,Uncertain
"Plymouth County, IA",19149,Small metro,,,IA,7,25177,,0.008,0,0,0,0,0,4,16,1,4,0,,0,4,16,0,0,4027,15995,81,322,0,6,ModerateBurden,,Moderate,Moderate,0.027,102,405,0,1,-0.025,-0.2,0,0.01,0.053,128,508,0,0.99,0,0,0,0,0.4,0,,,1,0,,,-0.08,0,,,0.5,0,1,15,0,1,1,1,1,1,10617,0.422,9860,0.392,22,0.01,78,0.004,5,0.001,-0.0289,-0.0021,-0.0026,278,0.124,90,0.04,10339,0.548,9770,0.518,3784,0.811,3673,0.787,0.04,0.09,0.19,2.4,0.01,0.06,0,0.01,0.13,0.29,Uncertain
"Bollinger County, MO",29017,Small metro,"Cape Girardeau, MO-IL",Metropolitan,MO,7,12133,0.125,0.002,0,0,0,0,0,4,33,0,0,-0.75,-1,0,16,132,1,8.2,1144,9429,14,115,0,0,ModerateBurden,,High,High,0.222,43,354,0.5,1,0.111,-0.12,0.5,0,0.111,49,404,0,1,,,,,,,,,,,,,,,,,,,,,,,,,,,3064,0.253,2578,0.212,1,0.001,33,0.003,4,0.002,-0.0044,-0.0001,-0.002,28,0.031,8,0.009,3036,0.318,2570,0.269,1398,0.547,1267,0.496,0.11,0.17,0.21,2.6,0.01,0.01,0.01,0,0.48,0.68,Uncertain
"Knox County, IN",18083,Micropolitan,"Vincennes, IN",Micropolitan,IN,5,36594,1,0.005,0,0,4970,0.136,0,4,11,0,0,-0.33,,0,6,16,0,0,3751,10250,90,246,0,40,ModerateBurden,,Moderate,Moderate,0.017,120,328,1,0.96,-0.023,-0.31,0,0,0.04,175,478,1,0.97,2,1,0,0,0.66,0.01,0.54,0.02,0.15,0,,,-0.01,0.01,-0.08,0.02,-0.16,0,1,144,29,25,1,1,1,1,14430,0.394,13126,0.359,27,0.01,93,0.003,13,0.002,-0.0026,-0.0019,-0.0001,293,0.11,166,0.062,14135,0.491,12960,0.45,5549,0.824,5316,0.789,0.08,0.17,0.18,2.4,0.03,0.02,0,0.01,0.59,0.48,Uncertain
"Monroe County, IL",17133,Large fringe metro,"St. Louis, MO-IL",Metropolitan,IL,5,34637,0.012,0.003,0,0,0,0,0,4,12,0,0,-0.64,,0,11,32,0,0,4377,12637,94,271,0,0,ModerateBurden,,Moderate,Moderate,0.014,189,546,1,1,-0.013,-0.56,1,0,0.028,426,1230,0,1,,,,,,,,,,,,,,,,,,,,,,,,,,,17443,0.504,14190,0.41,68,0.025,145,0.005,15,0.002,-0.004,-0.0003,-0.0006,714,0.26,303,0.11,16701,0.618,13886,0.514,5669,0.891,4923,0.774,0.03,0.05,0.18,2.5,0,0.02,0,0.01,0,0.3,Uncertain
"Blackford County, IN",18009,Non-core,,,IN,5,11758,,0.002,0,0,0,0,0,4,34,0,0,1,,0,2,17,0,0,1358,11550,32,272,0,0,ModerateBurden,,Moderate,Moderate,0.033,69,587,1,1,-0.002,0,0,0.03,0.035,69,587,1,0.97,2,6,0,0,0.14,0.02,,,,,,,0.04,0.02,,,,,1,36,0,0,1,1,1,1,4200,0.357,3801,0.323,12,0.013,49,0.005,7,0.003,0,-0.0014,-0.0019,74,0.083,37,0.041,4126,0.447,3764,0.408,1923,0.747,1842,0.716,0.07,0.13,0.22,2.3,0.01,0.02,0,0.01,0.37,0.71,Uncertain
"Clark County, MO",29045,Micropolitan,"Fort Madison-Keokuk, IA-IL-MO",Micropolitan,MO,7,6797,0.117,0.001,0,0,0,0,0,4,59,0,0,-0.33,,0,6,88,0,0,682,10034,7,103,0,0,ModerateBurden,,Substantial,Substantial,0,17,250,0,1,0,0.89,0,0,0,9,132,0,1,,,,,,,,,,,,,,,,,,,,,,,,,,,1453,0.214,1273,0.187,1,0.002,23,0.004,9,0.006,-0.0056,-0.0021,0.0021,10,0.019,2,0.004,1443,0.274,1271,0.241,673,0.461,625,0.428,0.15,0.13,0.21,2.3,0,0.01,0,0,0.34,0.76,Uncertain
"Burke County, GA",13033,Medium metro,"Augusta-Richmond County, GA-SC",Metropolitan,GA,4,22383,0.037,0.002,0,0,0,0,0,4,18,0,0,-0.43,-1,0,7,31,4,17.9,2608,11652,64,286,0,40,ModerateBurden,,Moderate,Moderate,0.031,108,483,0,0.98,-0.018,-0.08,0,0.01,0.048,118,527,0,0.97,1,5,0,0,0.47,0.04,,,0,0,-0.67,-1,0.15,0.04,,,0,0,1,20,0,4,1,1,1,1,6828,0.305,5732,0.256,51,0.026,208,0.012,22,0.006,0.0121,0.0016,0.0008,114,0.057,40,0.02,6713,0.403,5692,0.342,2305,0.645,2087,0.584,0.14,0.25,0.16,2.7,0.46,0.03,0,0,0.85,0.81,Uncertain
"Adams County, IN",18001,Micropolitan,"Decatur, IN",Micropolitan,IN,5,35777,1,0.005,0,0,0,0,0,4,11,0,0,-0.33,,0,6,17,0,0,3447,9635,55,154,0,13,ModerateBurden,,Moderate,Moderate,0.012,142,397,1,0.99,-0.033,-0.73,0,0.04,0.046,532,1487,1,0.95,0,0,0,0,0.44,0.01,0.52,0,0,0,-1,,-0.03,-0.02,0.1,0,0,0,1,36,6,9,1,1,1,1,9701,0.271,8730,0.244,26,0.007,86,0.004,8,0.001,0.0003,-0.001,-0.0011,163,0.046,81,0.023,9536,0.389,8647,0.352,4137,0.728,3940,0.694,0.19,0.17,0.16,2.8,0,0.05,0,0,0.59,0.43,Uncertain
"Winston County, MS",28159,Non-core,,,MS,4,17955,,0.006,0,0,0,0,0,4,22,0,0,-0.43,,0,7,39,0,0,2296,12788,81,451,0,1,ModerateBurden,,Moderate,Moderate,0.056,14,78,0,1,0.056,-0.26,0,0,0,19,106,0,1,0,0,0,0,0.55,0,,,0,0,,,-0.28,0,,,0,0,1,14,0,2,1,1,1,1,5999,0.334,4990,0.278,15,0.01,62,0.004,12,0.003,0.0093,0.0024,0.0022,38,0.025,9,0.006,5961,0.428,4981,0.357,2691,0.731,2397,0.651,0.11,0.23,0.2,2.4,0.47,0.01,0.01,0,0.93,0.86,Uncertain
"Boone County, IA",19015,Micropolitan,"Ames, IA",Metropolitan,IA,7,26234,0.213,0.008,0,0,0,0,0,4,15,0,0,-0.56,,0,9,34,0,0,2682,10223,34,130,0,12,ModerateBurden,,Moderate,Moderate,0.008,139,530,0,0.99,-0.026,-0.17,-1,-0.01,0.034,167,637,1,1,0,0,0,0,0.32,0,,,0,0,,,-0.05,-0.01,,,0,0,1,26,0,4,1,1,1,1,13839,0.528,12430,0.474,97,0.047,148,0.007,10,0.002,-0.0294,-0.0013,0,665,0.32,217,0.105,13174,0.636,12213,0.59,4580,0.918,4437,0.89,0.03,0.08,0.19,2.4,0.01,0.03,0,0,0.12,0.36,Uncertain
"Tishomingo County, MS",28141,Non-core,,,MS,4,19383,,0.007,0,0,0,0,0,4,21,0,0,-0.56,,0,9,46,0,0,2303,11882,67,346,0,7,ModerateBurden,,Moderate,Moderate,0,42,217,0,1,0,1.33,0,0,0,18,93,0,1,0,0,0,0,0.39,0,,,0,0,,,-0.04,0,,,0,0,1,24,0,3,1,1,1,1,5481,0.283,4612,0.238,6,0.004,54,0.004,11,0.003,0.002,0.0022,0.001,33,0.022,15,0.01,5446,0.358,4597,0.302,2633,0.654,2329,0.579,0.14,0.18,0.21,2.5,0.02,0.03,0,0,0.67,0.74,Uncertain
"Wabash County, IL",17185,Non-core,,,IL,5,11520,,0.001,0,0,0,0,0,4,35,0,0,3,,0,1,9,0,0,1354,11753,12,104,0,3,ModerateBurden,,Moderate,Low,0.052,77,668,0,1,0.029,-0.18,0,0,0.022,94,816,0,1,1,4,0,0,0.29,0,,,0,0,-0.5,,0,0,,,0,0,1,25,0,4,1,1,1,1,4364,0.379,3642,0.316,6,0.007,57,0.006,9,0.004,0.0012,0.0016,0.0032,56,0.064,29,0.033,4307,0.48,3612,0.403,1926,0.782,1655,0.672,0.06,0.12,0.21,2.4,0.01,0.03,0,0.01,0.32,0.5,Uncertain
"Leflore County, MS",28083,Micropolitan,"Greenwood, MS",Micropolitan,MS,4,28183,0.739,0.009,0,0,1636,0.058,0,4,14,0,0,-0.33,,0,6,21,0,0,3511,12458,125,444,0,16,ModerateBurden,,Moderate,Moderate,0.029,78,277,0,1,-0.001,-0.33,0,0,0.03,116,412,0,1,0,0,0,0,0.27,0,0.21,0,0.1,0,,,-0.02,0,0.04,0,-0.04,0,1,208,32,18,1,1,1,1,12098,0.429,9048,0.321,85,0.032,253,0.012,20,0.005,0.0272,0.0079,0.0024,224,0.085,61,0.023,11874,0.583,8987,0.441,3806,0.917,3134,0.755,0.16,0.39,0.15,2.8,0.74,0.03,0,0.01,0.97,0.82,Uncertain
"Simpson County, MS",28127,Medium metro,"Jackson, MS",Metropolitan,MS,4,26658,0.045,0.009,0,0,0,0,0,4,15,0,0,-0.67,,0,12,45,0,0,2977,11167,89,334,0,1,ModerateBurden,,Moderate,Moderate,0,60,225,0,0.99,-0.029,-0.09,0,-0.01,0.029,66,248,0,1,0,0,0,0,0.3,0,,,0,0,-1,,-0.12,-0.04,,,0,0,2,54,0,15,1,1,1,1,8086,0.303,6714,0.252,30,0.013,107,0.005,24,0.005,0.0117,0.0039,0.0046,106,0.046,39,0.017,7980,0.39,6675,0.326,3359,0.696,2988,0.619,0.13,0.25,0.18,2.8,0.35,0.02,0,0.01,0.91,0.85,Uncertain
"Marion County, MS",28091,Non-core,,,MS,4,24573,,0.008,0,0,0,0,0,4,16,0,0,-0.33,,0,6,24,0,0,2712,11037,80,326,0,7,ModerateBurden,,Moderate,Moderate,0.014,61,248,1,1,0.014,-0.12,0,0.01,0,69,281,1,0.99,0,0,0,0,0.62,0,,,,,,,-0.06,0,,,,,1,28,0,0,1,1,1,1,6791,0.276,5473,0.223,19,0.01,367,0.019,28,0.006,0.005,0.0166,0.0036,62,0.031,14,0.007,6729,0.355,5459,0.288,3016,0.635,2695,0.567,0.15,0.29,0.19,2.6,0.31,0.02,0,0,0.94,0.69,Uncertain
"Scott County, MS",28123,Non-core,,,MS,4,28124,,0.009,0,0,0,0,0,4,14,0,0,-0.56,,0,9,32,0,0,3187,11332,74,263,0,69,ModerateBurden,,Moderate,Moderate,0,41,146,0,1,-0.02,-0.05,0,0,0.02,43,153,0,1,1,2,0,0,0.43,0,,,0,0,,,-0.03,-0.01,,,0,0,2,42,0,2,1,1,1,1,8589,0.305,7258,0.258,38,0.016,203,0.01,18,0.004,0.0121,0.0066,-0.0007,113,0.047,27,0.011,8475,0.411,7231,0.351,3392,0.782,3112,0.718,0.16,0.29,0.15,2.7,0.37,0.12,0,0,0.98,0.95,Uncertain
"Menard County, IL",17129,Small metro,"Springfield, IL",Metropolitan,IL,5,12196,0.059,0.001,0,0,0,0,0,4,33,0,0,0,,0,4,33,0,0,1248,10233,12,98,0,23,ModerateBurden,,Moderate,Moderate,0.008,134,1099,0,1,-0.02,-0.29,0,0.01,0.028,190,1558,0,0.99,,,,,,,,,,,,,,,,,,,,,,,,,,,5624,0.461,4723,0.387,15,0.015,60,0.006,4,0.002,-0.0031,-0.0003,-0.0004,177,0.18,101,0.103,5438,0.569,4622,0.483,2052,0.84,1827,0.748,0.02,0.1,0.2,2.4,0.01,0.02,0,0,0.05,0.3,Uncertain
"Pemiscot County, MO",29155,Non-core,,,MO,7,15805,,0.003,0,0,0,0,0,4,25,0,0,0.33,,0,3,19,0,0,1608,10174,39,247,0,19,ModerateBurden,,High,Moderate,0.1,44,278,1,1,0.029,-0.45,0,0.01,0.071,80,506,1,0.99,0,0,0,0,0.43,0,,,0,0,-1,,-0.2,-0.01,,,0,0,1,15,0,7,1,1,1,1,3628,0.23,2482,0.157,,,42,0.004,14,0.005,-0.0031,-0.0027,-0.0018,16,0.012,4,0.003,3604,0.306,2478,0.21,1576,0.566,962,0.346,0.14,0.28,0.18,2.5,0.26,0.03,0,0,0.93,0.83,Uncertain
"Pike County, MO",29163,Non-core,,,MO,7,18302,,0.003,0,0,0,0,0,4,22,0,0,0,,0,4,22,0,0,1806,9868,26,142,0,22,ModerateBurden,,Substantial,Moderate,0.095,72,393,1,1,0.056,-0.47,0,0.04,0.039,137,749,1,0.96,0,0,0,0,0.33,0,,,0,0,,,0.1,0,,,0,0,1,10,0,4,1,1,1,1,5216,0.285,4571,0.25,2,0.001,61,0.004,9,0.003,-0.0015,-0.001,0.0003,27,0.02,14,0.01,5189,0.362,4557,0.318,2215,0.679,2055,0.63,0.11,0.14,0.18,2.4,0.08,0.02,0,0,0.54,0.56,Uncertain
"St. Clair County, MO",29185,Non-core,,,MO,7,9397,,0.002,0,0,0,0,0,4,43,0,0,0,,0,4,43,0,0,795,8460,8,85,0,0,ModerateBurden,,Moderate,Moderate,0.017,138,1469,2,1,-0.026,0.23,1,0,0.043,112,1192,1,1,1,8,0,0,0.15,0.01,,,0,0,,,0.15,0.01,,,0,0,1,12,0,1,1,1,1,1,2333,0.248,1978,0.21,3,0.004,25,0.003,9,0.003,0.0015,0.0007,0.0012,18,0.026,8,0.012,2315,0.307,1970,0.261,1269,0.49,1132,0.437,0.12,0.18,0.28,2.2,0.01,0.02,0.01,0,0.5,0.77,Uncertain
"Scott County, MO",29201,Micropolitan,"Sikeston, MO",Micropolitan,MO,7,38280,1,0.006,0,0,0,0,0,4,10,0,0,-0.71,,0,14,37,0,0,4736,12372,86,225,0,4,ModerateBurden,,Moderate,Substantial,0,92,240,1.5,0.93,-0.095,-0.41,1.5,-0.05,0.095,156,408,0,0.99,,,,,,,,,,,,,,,,,,,,,,,,,,,13002,0.34,11322,0.296,22,0.007,97,0.003,19,0.003,-0.0032,-0.0015,-0.0008,176,0.057,63,0.02,12825,0.441,11259,0.387,5521,0.777,5015,0.706,0.12,0.21,0.19,2.5,0.12,0.02,0,0,0.78,0.7,Uncertain
"Pike County, IN",18125,Micropolitan,"Jasper, IN",Micropolitan,IN,5,12389,0.225,0.002,0,0,0,0,0,4,32,0,0,0.33,,0,3,24,0,0,1371,11066,34,274,0,17,ModerateBurden,,Moderate,Moderate,0.009,98,791,1,0.97,-0.023,-0.38,0,-0.03,0.033,158,1275,1,1,,,,,,,,,,,,,,,,,,,,,,,,,,,5621,0.454,4935,0.398,10,0.01,47,0.005,3,0.001,-0.0052,-0.0009,-0.0028,97,0.1,50,0.052,5524,0.57,4885,0.504,2383,0.938,2246,0.884,0.04,0.11,0.21,2.4,0.01,0.02,0,0.01,0.17,0.29,Uncertain
"Posey County, IN",18129,Medium metro,"Evansville, IN-KY",Metropolitan,IN,5,25427,0.081,0.004,0,0,0,0,0,4,16,1,3.9,3,,0,1,4,0,0,2731,10741,35,138,0,38,ModerateBurden,,Moderate,Low,0.056,74,291,1,0.99,0.02,-0.12,0,0,0.035,84,330,1,0.99,,,,,,,,,,,,,,,,,,,,,,,,,,,9548,0.376,8505,0.334,27,0.014,75,0.004,6,0.001,0.001,-0.0005,-0.0004,224,0.115,101,0.052,9323,0.468,8404,0.422,3590,0.718,3441,0.688,0.04,0.1,0.2,2.5,0.01,0.01,0,0.01,0.01,0.2,Uncertain
"Lee County, IL",17103,Micropolitan,"Dixon, IL",Micropolitan,IL,5,34096,1,0.003,0,0,0,0,0,4,12,1,2.9,0,,0,4,12,0,0,4193,12298,53,155,0,51,ModerateBurden,,Moderate,Moderate,0,1930,5660,1,1,-0.001,-0.09,0,0,0.001,2113,6197,1,1,1,1,0,0,0.21,0,0.62,0.07,0.02,0,0,,-0.06,0,0.05,0.07,0.02,0,1,158,6,16,1,1,1,1,15704,0.461,12006,0.352,76,0.033,209,0.008,33,0.005,-0.0073,-0.0029,-0.0016,590,0.253,217,0.093,15085,0.55,11787,0.43,5571,0.81,4500,0.654,0.04,0.11,0.2,2.3,0.05,0.07,0,0.01,0.3,0.66,Uncertain
"Broadwater County, MT",30007,Non-core,,,MT,8,6237,,0.006,0,0,0,0,0,4,64,0,0,-0.33,,0,6,96,0,0,511,8193,5,80,0,0,ModerateBurden,,High,Substantial,0.103,28,449,1,0.9,0.013,-0.33,0,-0.02,0.091,42,673,1,0.91,0,0,0,0,0.63,0,,,0,0,,,-0.03,0,,,0,0,1,29,0,1,1,1,1,1,1862,0.299,1432,0.23,5,0.012,30,0.006,8,0.005,-0.0023,0.0032,0.0033,23,0.053,8,0.019,1839,0.367,1424,0.284,942,0.628,795,0.53,0.07,0.07,0.24,2.4,0,0.03,0.01,0,0.04,0.02,Uncertain
"Carbon County, MT",30009,Small metro,"Billings, MT",Metropolitan,MT,8,10725,0.059,0.01,0,0,0,0,0,4,37,1,9.3,-0.56,0,0,9,84,1,9.3,892,8317,17,159,0,0,ModerateBurden,,Moderate,High,0.01,113,1054,1,0.96,-0.099,0.24,0,-0.02,0.109,91,848,1,0.98,0,0,0,0,0.56,0,,,,,,-1,-0.01,-0.02,,,,,1,10,0,0,1,1,1,1,4223,0.394,3847,0.359,7,0.01,51,0.006,10,0.003,0.0028,0.0022,0.0007,48,0.067,27,0.038,4175,0.469,3820,0.429,1851,0.645,1778,0.619,0.08,0.1,0.27,2.3,0.01,0.02,0.01,0,0.04,0.05,Uncertain
"Johnson County, IL",17087,Non-core,"Carbondale-Marion, IL",Metropolitan,IL,5,12417,0.091,0.001,0,0,0,0,0,4,32,0,0,-0.56,-1,0,9,72,1,8.1,1470,11839,16,129,0,14,ModerateBurden,,Moderate,Substantial,0.008,696,5605,1,1,-0.001,-0.06,0,0,0.009,739,5952,1,1,,,,,,,,,,,,,,,,,,,,,,,,,,,3962,0.319,2912,0.235,8,0.01,48,0.005,10,0.004,0.0037,-0.0001,0,53,0.066,17,0.021,3907,0.385,2895,0.285,1939,0.713,1485,0.546,0.04,0.12,0.22,2.4,0.07,0.03,0,0,0.46,0.7,Uncertain
"Jefferson County, MT",30043,Micropolitan,"Helena, MT",Micropolitan,MT,8,12221,0.15,0.011,0,0,0,0,0,4,33,0,0,-0.2,,0,5,41,0,0,1100,9001,8,65,0,17,ModerateBurden,,Moderate,Moderate,0.036,78,638,1,0.87,-0.014,0.22,0,-0.1,0.05,64,524,1,0.97,,,,,,,,,,,,,,,,,,,,,,,,,,,5004,0.409,4258,0.348,20,0.021,75,0.008,11,0.004,0.0052,0.0042,0.0018,149,0.154,75,0.077,4855,0.499,4183,0.43,2102,0.773,1909,0.702,0.07,0.09,0.22,2.6,0,0.03,0.02,0.01,0.05,0.11,Uncertain
"Greene County, IL",17061,Non-core,,,IL,5,12969,,0.001,0,0,0,0,0,4,31,0,0,0,,0,4,31,0,0,1453,11204,33,254,0,3,ModerateBurden,,Moderate,Moderate,0.011,80,617,1,1,0.002,-0.25,0,0,0.009,107,825,1,1,0,0,0,0,0.13,0,,,,,,,0.04,0,,,,,1,25,0,0,1,1,1,1,4515,0.348,3736,0.288,11,0.011,55,0.005,5,0.002,0.004,0.0002,-0.0027,101,0.101,52,0.052,4405,0.432,3680,0.361,1808,0.696,1570,0.604,0.06,0.14,0.2,2.6,0.01,0.01,0,0,0.2,0.26,Uncertain
"Roosevelt County, MT",30085,Non-core,,,MT,8,11004,,0.01,0,0,0,0,0,4,36,0,0,-0.8,,0,20,182,0,0,1664,15122,54,491,0,0,ModerateBurden,,Moderate,High,0.049,122,1109,1,0.96,-0.074,-0.21,0,-0.01,0.123,155,1409,1,0.97,6,9,0,0,0.36,0,0,0,0,0,,,0.01,0,0,0,0,0,3,67,1,8,1,1,1,1,4732,0.43,3767,0.342,22,0.02,180,0.025,9,,-0.017,-0.0012,0,168,0.151,30,0.027,4563,0.623,3737,0.511,1341,0.999,1198,0.927,0.25,0.28,0.12,3.5,0,0.04,0.58,0.01,0.89,0.36,Uncertain
"Teton County, MT",30099,Non-core,,,MT,8,6147,,0.006,0,0,0,0,0,4,65,0,0,0.33,,0,3,49,0,0,506,8232,6,98,0,11,ModerateBurden,,Substantial,Moderate,0.086,40,651,0,1,0.04,0,-1,0.02,0.045,40,651,1,0.98,0,0,0,0,0.31,0,,,,,,,0.09,0,,,,,1,5,0,0,1,1,1,1,2146,0.349,1772,0.288,18,0.035,48,0.01,11,0.008,0.0275,0.0062,0.0049,39,0.076,12,0.024,2107,0.453,1760,0.378,1023,0.717,881,0.617,0.11,0.13,0.23,2.4,0,0.02,0.02,0.01,0.3,0.03,Uncertain
"Renville County, MN",27129,Non-core,,,MN,5,14548,,0.003,0,0,0,0,0,4,27,1,6.9,-0.2,,0,5,34,0,0,1823,12531,46,316,0,45,ModerateBurden,,Moderate,Moderate,0.023,247,1698,0,0.97,-0.014,-0.58,0,-0.02,0.037,585,4021,0,0.99,0,0,0,0,0.52,0.04,,,0,0,,,0.05,0.03,,,0,0,1,16,0,3,1,1,1,1,6742,0.463,5835,0.401,18,0.016,66,0.006,10,0.003,-0.0355,-0.0022,-0.0013,185,0.164,83,0.074,6545,0.586,5750,0.515,2686,0.876,2510,0.819,0.06,0.1,0.21,2.3,0,0.09,0.01,0.01,0.2,0.23,Uncertain
"Appanoose County, IA",19007,Non-core,,,IA,7,12426,,0.004,0,0,0,0,0,4,32,0,0,1,,0,2,16,0,0,1290,10381,49,394,0,0,ModerateBurden,,Moderate,Moderate,0.027,97,781,0,1,0.018,-0.16,0,0.01,0.01,116,934,0,0.99,0,0,0,0,0.44,0,,,0,0,,,-0.12,0,,,0,0,1,12,0,4,1,1,1,1,4787,0.385,4357,0.351,3,0.003,33,0.003,12,0.004,-0.003,-0.0009,0.0021,91,0.092,15,0.015,4696,0.488,4342,0.451,2184,0.768,2073,0.729,0.07,0.16,0.23,2.3,0.01,0.02,0,0.01,0.38,0.28,Uncertain
"Page County, IA",19145,Non-core,,,IA,7,15107,,0.005,0,0,0,0,0,4,26,0,0,3,,0,1,7,0,0,1939,12835,22,146,0,1,ModerateBurden,,Moderate,Substantial,0.021,64,424,1,1,-0.064,-0.07,0,0,0.085,69,457,1,1,0,0,0,0,0.33,0,0,0,0,0,,,-0.01,0,0,0,0,0,2,41,2,14,1,1,1,1,6722,0.445,6143,0.407,5,0.005,46,0.004,7,0.002,-0.0161,-0.0016,-0.0003,120,0.114,47,0.045,6602,0.538,6096,0.497,2760,0.791,2627,0.753,0.05,0.12,0.23,2.3,0.03,0.04,0.01,0.01,0.33,0.37,Uncertain
"Richland County, IL",17159,Non-core,,,IL,5,15513,,0.001,0,0,0,0,0,4,26,0,0,1,-1,0,2,13,1,6.4,1765,11378,40,258,0,18,ModerateBurden,,Moderate,Moderate,0.005,277,1786,1,1,-0.004,-0.21,0,0,0.009,350,2256,1,1,1,2,0,0,0.35,0.02,0.46,0.11,0,0,,,0.03,0.01,0.32,0.11,0,0,1,48,8,4,1,1,1,1,5691,0.367,4809,0.31,17,0.014,54,0.004,8,0.002,-0.0051,-0.0011,-0.0006,118,0.101,36,0.031,5566,0.463,4773,0.397,2483,0.759,2184,0.668,0.04,0.15,0.21,2.4,0.01,0.02,0,0.01,0.41,0.33,Likely Decreasing
"Barton County, KS",20009,Micropolitan,"Great Bend, KS",Micropolitan,KS,7,25779,1,0.009,0,0,0,0,0,4,16,2,7.8,3,,0,1,4,0,0,2627,10190,51,198,0,9,ModerateBurden,,Moderate,Low,0.019,69,268,1,1,-0.003,-0.32,0,0.01,0.022,102,396,1,0.99,0,0,0,0,0.42,0,,,0,0,,-1,0.01,0,,,0,0,3,81,0,15,1,1,1,1,8533,0.331,7543,0.293,30,0.014,99,0.005,21,0.004,0.0019,0.0001,0.0006,104,0.05,13,0.006,8428,0.428,7529,0.382,3515,0.685,3250,0.633,0.12,0.17,0.2,2.4,0.01,0.15,0.01,0,0.54,0.51,Uncertain
"Greene County, GA",13133,Non-core,,,GA,4,18324,,0.002,0,0,0,0,0,4,22,0,0,,,0,0,0,0,0,1834,10009,62,338,0,40,ModerateBurden,,Moderate,Low,0.023,139,759,0,0.96,-0.009,0.01,0,0.02,0.032,137,748,0,0.94,1,4,0,0,0.73,0.04,,,0,0,0,,0.17,-0.02,,,0,0,1,25,0,13,1,1,1,1,6400,0.349,5746,0.314,15,0.014,101,0.007,18,0.003,0.0064,-0.0005,-0.0009,57,0.052,25,0.023,6343,0.426,5721,0.384,3558,0.664,3241,0.604,0.16,0.22,0.29,2.4,0.32,0.06,0,0.01,0.54,0.46,Uncertain
"Wapello County, IA",19179,Micropolitan,"Ottumwa, IA",Micropolitan,IA,7,34969,1,0.011,0,0,0,0,0,4,11,0,0,-0.43,,0,7,20,0,0,4331,12385,122,349,0,13,ModerateBurden,,Moderate,Moderate,0.014,215,615,1,0.98,0.003,-0.23,0,0.04,0.011,279,798,1,0.94,1,1,0,0,0.55,0,0.97,0.03,0.07,0,0,,-0.01,-0.01,0,-0.05,-0.07,0,1,79,9,6,1,1,1,1,13367,0.382,12286,0.351,34,0.013,137,0.005,22,0.003,-0.0011,-0.0011,-0.0009,310,0.117,134,0.051,13057,0.483,12152,0.45,4849,0.755,4714,0.734,0.06,0.16,0.18,2.4,0.04,0.11,0,0.01,0.74,0.35,Uncertain
"Sharp County, AR",5135,Non-core,"Batesville, AR",Micropolitan,AR,6,17442,0.316,0.006,0,0,0,0,0,4,23,0,0,3,-1,0,1,6,1,5.7,1619,9282,47,269,0,37,ModerateBurden,,Moderate,Low,0,71,407,1,1,0,2.94,1,0,0,18,103,0,1,,,,,,,,,,,,,,,,,,,,,,,,,,,5101,0.292,4179,0.24,12,0.009,75,0.005,11,0.002,0.0077,-0.002,-0.0022,57,0.044,33,0.025,5042,0.364,4146,0.299,2546,0.553,2182,0.474,0.07,0.22,0.26,2.3,0.01,0.03,0.01,0.01,0.62,0.87,Uncertain
"Camden County, NC",37029,Micropolitan,"Virginia Beach-Norfolk-Newport News, VA-NC",Metropolitan,NC,4,10867,0.006,0.001,0,0,0,0,0,4,37,0,0,0,,0,4,37,0,0,684,6294,5,46,0,5,ModerateBurden,,Moderate,Substantial,0.033,29,267,1,1,-0.055,-0.31,0,0,0.088,42,386,1,1,,,,,,,,,,,,,,,,,,,,,,,,,,,3490,0.321,2839,0.261,5,0.005,44,0.005,7,0.004,0,-0.0006,-0.0027,36,0.038,16,0.017,3449,0.41,2822,0.336,1266,0.691,886,0.483,0.08,0.11,0.17,2.7,0.11,0.03,0,0.02,0.31,0.62,Uncertain
"Gates County, NC",37073,Large fringe metro,"Virginia Beach-Norfolk-Newport News, VA-NC",Metropolitan,NC,4,11562,0.007,0.001,0,0,0,0,0,4,35,0,0,3,,0,1,9,0,0,749,6478,13,112,0,40,ModerateBurden,,Moderate,Moderate,0.037,45,389,1,0.96,-0.02,-0.08,0,-0.04,0.057,49,424,1,1,,,,,,,,,,,,,,,,,,,,,,,,,,,4201,0.363,3370,0.291,8,0.009,58,0.006,17,0.007,-0.0011,-0.0024,-0.0012,38,0.043,13,0.015,4162,0.451,3357,0.364,1738,0.719,1433,0.593,0.08,0.11,0.21,2.6,0.31,0.02,0.01,0,0.36,0.78,Uncertain
"Smith County, KS",20183,Non-core,,,KS,7,3583,,0.001,0,0,0,0,0,4,112,0,0,,,0,0,0,0,0,275,7675,3,84,0,123,ModerateBurden,,High,Low,0.5,2,56,0.5,1,0.5,-0.78,0.5,0,0,9,251,0,1,0,0,0,0,0.24,0,,,0,0,,,-0.19,-0.04,,,0,0,1,16,0,3,1,1,1,1,1326,0.37,1241,0.346,3,0.012,8,0.003,3,0.003,0.0116,-0.0021,-0.003,5,0.019,3,0.012,1321,0.465,1238,0.436,698,0.697,662,0.661,0.07,0.13,0.28,2.1,0,0.02,0,0,0.05,0.23,Uncertain
"Cherokee County, NC",37039,Non-core,,,NC,4,28612,,0.003,0,0,0,0,0,4,14,0,0,-0.43,,0,7,24,0,0,2615,9140,34,119,0,29,ModerateBurden,,Moderate,Moderate,0.053,68,238,1,0.98,-0.026,-0.2,0,0,0.079,85,297,1,0.99,4,16,0,0,0.61,0.08,0.38,0.05,0.19,0,0.33,,-0.2,0.02,0.14,0.05,0.19,0,1,25,6,3,1,1,1,1,10864,0.38,9460,0.331,13,0.007,97,0.004,37,0.004,-0.004,-0.0007,-0.0005,63,0.036,12,0.007,10797,0.452,9448,0.396,6138,0.704,5571,0.639,0.14,0.17,0.3,2.3,0.01,0.03,0.01,0.01,0.49,0.66,Uncertain
"Emanuel County, GA",13107,Non-core,,,GA,4,22646,,0.002,0,0,1999,0.088,0,4,18,0,0,-0.43,-1,0,7,31,1,4.4,2581,11397,82,362,0,15,ModerateBurden,,Substantial,Moderate,0.083,47,208,0,0.83,0.083,0.21,0,-0.17,0,39,172,0,1,0,0,0,0,0.33,0,0.26,0,0,0,-1,,-0.21,-0.01,-0.48,0,0,0,1,24,6,7,1,1,1,1,4362,0.193,3802,0.168,21,0.011,152,0.009,31,0.008,0.0053,0.0032,0.0046,44,0.023,11,0.006,4315,0.253,3791,0.223,1687,0.452,1566,0.42,0.18,0.27,0.16,2.6,0.34,0.05,0,0.01,0.98,0.95,Uncertain
"Hyde County, NC",37095,Non-core,,,NC,4,4937,,0,0,0,0,0,0,4,81,0,0,,,0,0,0,0,0,672,13612,9,182,0,40,ModerateBurden,,Substantial,Low,0,40,810,1,1,-0.038,-0.11,0,0,0.038,45,911,1,1,,,,,,,,,,,,,,,,,,,,,,,,,,,2738,0.555,2319,0.47,4,0.013,31,0.008,3,0.003,0.0032,-0.0041,0.0009,60,0.192,29,0.093,2669,0.651,2288,0.558,930,0.835,878,0.788,0.16,0.22,0.23,2.7,0.26,0.1,0,0.01,0.86,0.98,Uncertain
"Sioux County, IA",19167,Non-core,,,IA,7,34855,,0.011,0,0,2304,0.066,0,4,11,0,0,-0.33,,0,6,17,0,0,5165,14819,74,212,0,67,ModerateBurden,,Moderate,Moderate,0.051,111,318,0,0.99,0.005,-0.4,0,-0.01,0.045,184,528,0,1,0,0,0,0,0.31,0,,,0,0,,,0.01,0,,,0,0,4,65,0,12,1,1,1,1,11738,0.337,11035,0.317,20,0.006,98,0.004,8,0.001,-0.0037,0.0005,-0.0007,188,0.058,83,0.026,11550,0.454,10952,0.43,4406,0.777,4285,0.756,0.04,0.07,0.16,2.7,0.01,0.11,0,0.01,0.22,0.16,Uncertain
"Tama County, IA",19171,Non-core,,,IA,7,16854,,0.005,0,0,0,0,0,4,24,0,0,1,,0,2,12,0,0,2113,12537,71,421,0,11,ModerateBurden,,Moderate,Moderate,0.036,77,457,0,0.97,-0.006,-0.3,0,-0.03,0.042,110,653,0,1,,,,,,,,,,,,,,,,,,,,,,,,,,,8525,0.506,7805,0.463,26,0.018,68,0.005,9,0.003,0,-0.003,0.0015,340,0.241,194,0.138,8185,0.639,7611,0.594,2961,0.882,2874,0.856,0.06,0.12,0.2,2.5,0.01,0.11,0.07,0,0.33,0.56,Uncertain
"Lyon County, KS",20111,Micropolitan,"Emporia, KS",Micropolitan,KS,7,33195,0.926,0.011,0,0,3715,0.112,0,4,12,1,3,-0.43,,0,7,21,0,0,4303,12963,86,259,0,25,ModerateBurden,,Moderate,Moderate,0.014,74,223,0,1,-0.03,-0.7,-1,0,0.044,249,750,1,1,0,0,0,0,0.63,0,0.07,0,0,0,,,0.05,0,0.02,0,0,0,1,37,6,9,1,1,1,1,14238,0.429,12732,0.384,15,0.006,107,0.004,10,0.002,-0.0083,-0.0026,-0.001,517,0.203,208,0.082,13721,0.531,12524,0.485,4335,0.835,4071,0.784,0.09,0.17,0.16,2.4,0.02,0.22,0.01,0.02,0.73,0.74,Uncertain
"Webster County, IA",19187,Micropolitan,"Fort Dodge, IA",Micropolitan,IA,7,35904,1,0.011,0,0,0,0,0,4,11,0,0,-0.5,,0,8,22,0,0,5140,14316,94,262,0,22,ModerateBurden,,Moderate,Moderate,0.015,242,674,0,1,-0.005,-0.07,-1,0.01,0.02,259,721,1,0.99,1,2,1,2,0.88,0.05,0.87,0.15,0.12,0.06,0.03,,-0.06,-0.02,0.02,-0.1,-0.1,-0.05,1,50,9,23,1,1,1,1,16761,0.467,15103,0.421,36,0.013,116,0.004,10,0.001,-0.0243,-0.0101,-0.0059,461,0.172,185,0.069,16299,0.579,14918,0.53,6059,0.896,5616,0.831,0.05,0.15,0.19,2.2,0.04,0.05,0,0.01,0.46,0.36,Uncertain
"Coffey County, KS",20031,Non-core,,,KS,7,8179,,0.003,0,0,0,0,0,4,49,0,0,1,,0,2,24,0,0,745,9109,23,281,0,16,ModerateBurden,,Moderate,Moderate,0.048,41,501,0,1,0.048,0.02,0,0,0,40,489,0,1,0,0,0,0,0.28,0,,,0,0,,,-0.02,0,,,0,0,1,15,0,3,1,1,1,1,3218,0.393,2901,0.355,11,0.018,33,0.005,11,0.006,0.008,-0.0003,0.0039,46,0.074,9,0.014,3172,0.496,2892,0.452,1377,0.768,1295,0.722,0.08,0.12,0.22,2.3,0.01,0.03,0.01,0.01,0.2,0.3,Uncertain
"Montgomery County, KS",20125,Micropolitan,"Coffeyville, KS",Micropolitan,KS,7,31829,1,0.011,0,0,0,0,0,4,13,0,0,1,,0,2,6,0,0,3476,10921,82,258,0,30,ModerateBurden,,Moderate,Low,0,87,273,0,1,-0.009,-0.39,0,0,0.009,143,449,0,1,1,3,0,0,0.34,0,0.29,0,0,0,,,0.06,0,0.09,0,0,0,1,29,5,17,1,1,1,1,10756,0.338,9188,0.289,16,0.006,88,0.004,13,0.002,-0.0115,-0.0018,-0.0011,172,0.064,48,0.018,10584,0.436,9140,0.377,4512,0.698,4180,0.647,0.11,0.18,0.2,2.4,0.05,0.07,0.03,0.01,0.8,0.74,Uncertain
"Harris County, GA",13145,Medium metro,"Columbus, GA-AL",Metropolitan,GA,4,35236,0.11,0.003,0,0,0,0,0,3,9,1,2.8,-0.86,0,0,21,60,1,2.8,2624,7447,61,173,0,4,LowBurden,,Low,Substantial,0.034,138,392,0,0.87,-0.023,-0.07,0,-0.01,0.057,149,423,0,0.87,,,,,,,,,,,,,,,,,,,,,,,,,,,4841,0.137,4509,0.128,43,0.015,167,0.006,25,0.004,0.0095,0.001,0.0001,117,0.041,54,0.019,4724,0.17,4455,0.161,1804,0.265,1723,0.253,0.08,0.07,0.19,2.7,0.16,0.04,0,0.01,0.13,0.45,Uncertain
"Wilcox County, GA",13315,Non-core,,,GA,4,8635,,0.001,0,0,0,0,0,3,35,0,0,0.5,-1,0,2,23,1,11.6,830,9612,48,556,0,32,ModerateBurden,,High,Moderate,0.111,9,104,0,1,0.111,-0.5,0,0.06,0,18,208,0,0.94,,,,,,,,,,,,,,,,,,,,,,,,,,,572,0.066,459,0.053,4,0.007,38,0.005,4,0.003,0.0035,0.0006,0.0006,9,0.016,1,0.002,563,0.08,458,0.065,199,0.127,188,0.12,0.17,0.22,0.18,2.6,0.34,0.05,0,0.01,0.82,0.94,Uncertain
"Ontonagon County, MI",26131,Non-core,,,MI,5,5720,,0.001,0,0,0,0,0,3,52,0,0,0.5,,0,2,35,0,0,478,8357,21,367,0,8,ModerateBurden,,Substantial,Moderate,0.014,73,1276,1,0.99,-0.02,-0.4,0,0.01,0.034,122,2133,1,0.98,0,0,0,0,0.07,0,,,0,0,,,-0.06,0,,,0,0,1,10,0,2,1,1,1,1,3382,0.591,3122,0.546,20,0.063,32,0.006,8,0.004,0.0597,0.002,-0.0005,25,0.079,4,0.013,3357,0.671,3118,0.623,1713,0.795,1621,0.753,0.09,0.15,0.38,2,0,0.02,0.01,0.01,0.27,0.43,Uncertain
"Vance County, NC",37181,Micropolitan,"Henderson, NC",Micropolitan,NC,4,44535,1,0.004,0,0,0,0,0,3,7,0,0,-0.57,,0,7,16,0,0,4986,11196,87,195,0,50,LowBurden,,Low,Moderate,0.011,505,1134,1,1,-0.004,-0.27,0,0,0.014,694,1558,1,1,9,6,0,0,0.41,0.01,0.86,0,0.07,0,-0.31,,-0.02,-0.01,-0.05,0,-0.17,0,1,148,8,14,1,1,1,1,15703,0.353,12471,0.28,48,0.013,184,0.005,18,0.002,-0.0042,-0.0011,-0.0008,361,0.101,165,0.046,15325,0.45,12304,0.361,6326,0.745,5344,0.63,0.1,0.24,0.19,2.6,0.51,0.08,0,0.01,0.98,0.98,Uncertain
"Taylor County, WI",55119,Non-core,,,WI,5,20343,,0.003,0,0,0,0,0,3,15,1,4.9,-0.57,0,0,7,34,1,4.9,2133,10485,34,167,0,6,ModerateBurden,,Moderate,Moderate,0,57,280,1,0.9,-0.021,0.42,0,-0.1,0.021,40,197,1,1,2,6,3,9,0.26,0.01,0.24,0.1,0,0,1,-0.57,-0.01,-0.01,-0.29,-0.1,0,0,1,32,3,3,1,1,1,1,5573,0.274,5263,0.259,10,0.006,44,0.003,7,0.002,0.0017,-0.0021,-0.0023,77,0.045,41,0.024,5495,0.352,5222,0.335,2491,0.626,2428,0.61,0.08,0.1,0.2,2.3,0,0.02,0,0.01,0.2,0.4,Uncertain
"Floyd County, IA",19067,Non-core,,,IA,7,15642,,0.005,0,0,0,0,0,3,19,0,0,-0.5,,0,6,38,0,0,1626,10395,42,269,0,34,ModerateBurden,,Moderate,Moderate,0.024,137,876,0,1,-0.015,-0.04,0,0.01,0.039,142,908,0,0.99,0,0,0,0,0.19,0,,,0,0,,,-0.01,0,,,0,0,1,25,0,3,1,1,1,1,6748,0.431,6257,0.4,33,0.027,51,0.004,8,0.002,0.0064,-0.0026,0.0003,184,0.148,79,0.063,6564,0.543,6178,0.511,2723,0.783,2617,0.752,0.09,0.16,0.22,2.3,0.03,0.04,0,0.01,0.36,0.54,Uncertain
"San Lorenzo Municipio, PR",72129,,"San Juan-Bayamón-Caguas, PR",Metropolitan,PR,2,,,,,0,0,0,0,3,8,0,0,-0.57,,0,7,19,0,0,1743,4843,0,0,0,,,,Low,Moderate,0.004,320,889,,,-0.013,-0.18,,,0.016,389,1081,,,,,,,,,,,,,,,,,,,,,,,,,,,,,17262,0.48,12199,0.339,64,0.025,324,0.011,33,0.005,-0.0519,-0.0112,-0.0059,797,0.311,267,0.104,16454,0.557,11929,0.404,4512,0.631,3244,0.454,0.05,0.45,,,,,,,,,
"Okfuskee County, OK",40107,Non-core,,,OK,6,11993,,0.003,0,0,0,0,0,3,25,0,0,0,-1,0,3,25,1,8.3,1795,14967,32,267,0,2,ModerateBurden,,Moderate,Moderate,0.067,15,125,1,1,-0.007,-0.61,0,0.27,0.074,38,317,1,0.73,2,17,0,0,0.35,0.03,,,0,0,1,,0.04,0.01,,,0,0,1,12,0,3,1,1,1,1,4339,0.362,3692,0.308,2,0.002,26,0.003,3,0.001,-0.0105,-0.001,-0.0028,71,0.074,31,0.032,4267,0.461,3661,0.396,1631,0.758,1519,0.706,0.24,0.24,0.18,2.7,0.07,0.04,0.21,0,0.93,0.85,Uncertain
"Texas County, OK",40139,Micropolitan,"Guymon, OK",Micropolitan,OK,6,19983,1,0.005,0,0,946,0.047,0,3,15,0,0,-0.25,,0,4,20,0,0,3534,17685,34,170,0,11,ModerateBurden,,Moderate,High,0,13,65,0,1,-0.176,-0.35,0,0,0.176,20,100,0,1,0,0,0,0,0.57,0,,,0,0,,,0.14,0,,,0,0,1,7,0,8,1,1,1,1,6436,0.322,5283,0.264,15,0.009,74,0.005,4,0.002,-0.0023,-0.0007,0.0004,89,0.051,37,0.021,6347,0.443,5246,0.366,1693,0.717,1517,0.643,0.16,0.18,0.12,3.1,0.04,0.47,0.01,0.03,0.82,0.69,Uncertain
"Crowley County, CO",8025,Non-core,,,CO,8,6061,,0.001,0,0,0,0,0,3,49,0,0,-0.25,-1,0,4,66,1,16.5,2209,36446,16,264,0,20,ModerateBurden,,Moderate,Substantial,0.011,225,3712,1,1,0.007,2.17,0,0,0.004,71,1171,1,1,,,,,,,,,,,,,,,,,,,,,,,,,,,543,0.09,575,0.095,1,0.004,4,0.001,,,-0.0117,-0.0017,0,14,0.054,9,0.035,526,0.098,565,0.105,121,0.142,194,0.228,0.07,0.28,0.14,3.7,0.1,0.33,0.02,0.01,0.89,0.63,Uncertain
"Payne County, OK",40119,Micropolitan,"Stillwater, OK",Micropolitan,OK,6,81784,1,0.021,0,1,19387,0.237,0,3,4,0,0,-0.82,-1,0,17,21,4,4.9,8706,10645,76,93,0,4,LowBurden,,Low,Moderate,0.04,86,105,1,0.97,-0.004,-0.44,0,0.02,0.045,154,188,1,0.95,1,1,1,1,0.55,0,0.6,0,0.18,0,0,,-0.07,0,0.06,0,0.02,0,2,116,14,14,1,1,1,1,31666,0.387,25744,0.315,92,0.017,222,0.003,22,0.002,-0.0074,-0.001,-0.0007,960,0.181,432,0.082,30704,0.463,25312,0.382,8822,0.829,7385,0.694,0.12,0.26,0.13,2.4,0.04,0.05,0.05,0.05,0.51,0.09,Uncertain
"Asotin County, WA",53003,Small metro,"Lewiston, ID-WA",Metropolitan,WA,10,22582,0.359,0.003,0,0,0,0,0,3,13,1,4.4,-0.79,0,0,14,62,1,4.4,1484,6572,29,128,0,19,ModerateBurden,,Moderate,Substantial,0,202,895,,,-0.025,0.94,,,0.025,104,461,,,0,0,0,0,0.78,0.01,0.79,0,0,0,,,0.15,-0.01,-0.07,0,0,0,1,25,4,6,1,1,1,1,7041,0.312,6353,0.281,13,0.008,114,0.006,20,0.004,-0.0094,-0.0002,0.0013,134,0.084,52,0.033,6907,0.382,6301,0.349,3598,0.665,3462,0.64,0.07,0.13,0.24,2.4,0.01,0.04,0.01,0.01,0.42,0.36,Uncertain
"Dickenson County, VA",51051,Micropolitan,,,VA,3,14318,,0.002,0,0,0,0,0,3,21,1,7,-0.67,0,0,9,63,1,7,956,6677,18,126,0,2,ModerateBurden,,Moderate,High,0.041,32,223,1,0.98,-0.07,-0.46,0,0.02,0.111,59,412,1,0.96,0,0,0,0,0,0,,,0.07,0,,,0,0,,,-0.07,0,1,1,0,2,1,1,1,1,4310,0.301,3527,0.246,15,0.015,62,0.005,16,0.005,-0.0121,0.0018,0.0018,111,0.112,37,0.037,4196,0.364,3490,0.303,1784,0.542,1529,0.465,0.1,0.24,0.23,2.5,0,0.01,0,0,0.68,0.75,Uncertain
"Osage County, OK",40113,Medium metro,"Tulsa, OK",Metropolitan,OK,6,46963,0.047,0.012,0,0,0,0,0,3,6,2,4.3,-0.7,-0.5,0,10,21,4,8.5,4769,10155,78,166,0,20,LowBurden,,Substantial,Moderate,0.083,87,185,0,0.99,0.073,-0.14,0,-0.01,0.01,101,215,0,1,2,1,0,0,0.43,0.01,0.57,0.04,0.31,0,-0.33,,0.03,0,0.1,0.02,0.03,0,4,321,28,44,1,1,1,1,11356,0.242,8846,0.188,28,0.008,70,0.002,15,0.002,-0.0008,-0.0006,0,220,0.059,76,0.02,11134,0.302,8769,0.238,4410,0.456,3627,0.375,0.12,0.17,0.21,2.5,0.11,0.04,0.14,0,0.62,0.43,Uncertain
"Andrews County, TX",48003,Micropolitan,"Andrews, TX",Micropolitan,TX,6,18705,1,0.001,0,0,0,0,0,3,16,0,0,0.5,,0,2,11,0,0,1837,9821,47,251,0,6,ModerateBurden,,Moderate,Moderate,0,36,192,0,0.94,-0.067,-0.25,-1,-0.06,0.067,48,257,1,1,1,4,0,0,0.66,0.02,,,0,0,,,0.1,0.02,,,0,0,1,27,0,7,1,1,1,1,,,,,,,,,,,,,,,,,,,,,,,,,,0.18,0.1,0.1,3.2,0.02,0.57,0.01,0.01,0.47,0.67,Uncertain
"Bailey County, TX",48017,Non-core,,,TX,6,7000,,0,0,0,0,0,0,3,43,0,0,-0.73,,0,11,157,0,0,842,12029,19,271,0,0,ModerateBurden,,Moderate,High,0,13,186,0,1,-0.083,-0.35,0,0,0.083,20,286,0,1,0,0,0,0,0.12,0,,,0,0,,,-0.02,0,,,0,0,1,18,0,4,1,1,1,1,,,,,,,,,,,,,,,,,,,,,,,,,,0.21,0.15,0.15,3.3,0.01,0.64,0,0.01,0.8,0.91,Uncertain
"Bee County, TX",48025,Micropolitan,"Beeville, TX",Micropolitan,TX,6,32565,1,0.001,0,0,0,0,0,3,9,1,3.1,-0.5,0,0,6,18,1,3.1,3509,10775,74,227,0,4,LowBurden,,Low,Moderate,0.035,425,1305,1,1,0.026,0.5,1,0.06,0.009,284,872,0,0.94,3,4,1,1,0.23,0.01,0.47,0,0.11,0,0.06,,0.1,0.01,0.26,0,0.05,0,1,76,8,14,1,1,1,1,,,,,,,,,,,,,,,,,,,,,,,,,,0.2,0.22,0.13,2.9,0.08,0.59,0,0.01,0.97,0.89,Uncertain
"Banks County, GA",13011,Non-core,,,GA,4,19234,,0.002,0,0,0,0,0,3,16,0,0,0,-1,0,3,16,3,15.6,1840,9566,40,208,0,36,ModerateBurden,,Moderate,Moderate,0.038,79,411,0,0.94,0.014,-0.07,0,-0.03,0.025,85,442,0,0.96,,,,,,,,,,,,,,,,,,,,,,,,,,,1422,0.074,1326,0.069,15,0.01,62,0.004,9,0.003,0.0064,-0.0004,-0.0018,32,0.021,16,0.01,1390,0.093,1310,0.088,536,0.157,521,0.153,0.16,0.13,0.18,2.8,0.03,0.07,0,0.01,0.56,0.62,Uncertain
"Phillips County, CO",8095,Non-core,,,CO,8,4265,,0.001,0,0,0,0,0,3,70,0,0,-0.4,,0,5,117,0,0,395,9261,13,305,0,29,ModerateBurden,,Substantial,High,0.027,218,5111,2,1,0.014,0.46,0,0.35,0.013,149,3494,2,0.65,0,0,0,0,0.46,0,,,0,0,,,-0.01,0,,,0,0,2,50,0,5,1,1,1,1,1005,0.236,925,0.217,,,12,0.004,2,0.002,0,-0.0028,0.001,15,0.039,10,0.026,990,0.306,915,0.283,207,0.208,199,0.2,0.16,0.07,0.23,2.5,0.01,0.2,0,0.01,0.3,0.46,Uncertain
"Marquette County, MI",26103,Micropolitan,"Marquette, MI",Micropolitan,MI,5,66699,1,0.007,0,1,6338,0.095,0,3,4,1,1.5,-0.8,,0,15,22,0,0,5071,7603,62,93,0,43,LowBurden,,Low,Moderate,0.003,1505,2256,1,1,-0.009,-0.25,-1,0.02,0.011,2020,3029,2,0.97,6,3,0,0,0.75,0.03,0.86,0.21,0.13,0.05,2,-1,0.05,0,0.05,0.03,-0.01,-0.01,2,199,24,50,1,1,1,1,37257,0.559,33817,0.507,107,0.026,245,0.004,27,0.002,0.0185,-0.0014,-0.0009,1293,0.319,563,0.139,35962,0.656,33254,0.607,11861,0.906,11313,0.864,0.05,0.16,0.2,2.4,0.02,0.02,0.02,0.01,0.31,0.09,Uncertain
"Cochran County, TX",48079,Non-core,,,TX,6,2853,,0,0,0,0,0,0,3,105,0,0,0,,0,3,105,0,0,323,11321,15,526,0,3,ModerateBurden,,High,High,0,7,245,0,1,0,-0.22,-1,0,0,9,315,1,1,0,0,0,0,0,0,,,0,0,,,0,0,,,0,0,1,19,0,1,1,1,1,1,,,,,,,,,,,,,,,,,,,,,,,,,,0.28,0.24,0.16,2.8,0.03,0.61,0.01,0,0.86,0.91,Uncertain
"Greenlee County, AZ",4011,Non-core,,,AZ,9,9498,,0.001,0,0,0,0,0,3,32,0,0,,,0,0,0,0,0,577,6075,10,105,0,143,ModerateBurden,,Moderate,Low,0,16,168,0,1,0,0.07,0,0,0,15,158,0,1,,,,,,,,,,,,,,,,,,,,,,,,,,,3255,0.343,2848,0.3,1,0.001,15,0.002,1,0.001,-0.0048,-0.0012,-0.0008,27,0.033,7,0.008,3228,0.466,2841,0.41,905,0.698,829,0.639,0.07,0.12,0.14,2.9,0.02,0.48,0.03,0.01,0.62,0.68,Uncertain
"Hancock County, IA",19081,Non-core,,,IA,7,10630,,0.003,0,0,0,0,0,3,28,0,0,,,0,0,0,0,0,1499,14102,34,320,0,16,ModerateBurden,,Moderate,Low,0.011,88,828,0,1,0.002,-0.56,0,0.05,0.009,200,1881,0,0.95,0,0,0,0,0.43,0,,,0,0,,,-0.14,0,,,0,0,1,20,0,2,1,1,1,1,4277,0.402,4034,0.379,4,0.005,21,0.003,5,0.002,-0.0169,-0.004,-0.0025,51,0.058,17,0.019,4226,0.51,4017,0.484,1852,0.765,1790,0.74,0.03,0.08,0.23,2.2,0.01,0.05,0,0,0.07,0.44,Uncertain
"Antrim County, MI",26009,Non-core,,,MI,5,23324,,0.002,0,0,0,0,0,3,13,0,0,-0.67,-1,0,9,39,1,4.3,1627,6976,29,124,0,49,ModerateBurden,,Moderate,Moderate,0.012,143,613,0,0.99,-0.045,-0.33,0,0.03,0.057,214,918,0,0.96,,,,,,,,,,,,,,,,,,,,,,,,,,,11279,0.484,10718,0.46,7,0.004,63,0.003,12,0.002,0.0006,-0.0014,-0.0009,169,0.106,165,0.104,11108,0.578,10553,0.549,4846,0.741,4792,0.733,0.07,0.12,0.28,2.3,0,0.03,0.01,0,0.12,0.51,Uncertain
"Crane County, TX",48103,Non-core,,,TX,6,4797,,0,0,0,0,0,0,3,63,0,0,0,,0,3,63,0,0,540,11257,12,250,0,0,ModerateBurden,,High,High,0.167,5,104,0.5,1,-0.167,4,-0.5,0,0.333,1,21,1,1,0,0,0,0,0.57,0,,,0,0,,,0,0,,,0,0,1,14,0,2,1,1,1,1,,,,,,,,,,,,,,,,,,,,,,,,,,0.16,0.08,0.12,3.3,0.03,0.66,0.01,0,0.47,0.69,Uncertain
"Goshen County, WY",56015,Non-core,,,WY,8,13211,,0.023,0,0,0,0,0,3,23,0,0,2,,0,1,8,0,0,1228,9295,24,182,0,7,ModerateBurden,,Moderate,Low,0.008,305,2309,2,1,0.005,0.08,1,0,0.003,283,2142,1,1,0,0,5,22,0.3,0,,,0.04,0,-1,1.5,0.05,-0.01,,,0.04,0,1,23,0,4,1,1,1,1,3978,0.301,3657,0.277,53,0.059,80,0.008,21,0.007,0.0593,0.0058,0.0068,64,0.072,6,0.007,3914,0.369,3651,0.344,1891,0.641,1805,0.612,0.12,0.12,0.22,2.5,0.01,0.11,0.01,0.01,0.33,0.11,Uncertain
"Cooke County, TX",48097,Micropolitan,"Gainesville, TX",Micropolitan,TX,6,41257,1,0.001,0,0,0,0,0,3,7,0,0,-0.5,,0,6,15,0,0,3788,9181,72,175,0,14,LowBurden,,Low,Moderate,0,143,347,1,1,-0.006,-0.21,1,0,0.006,180,436,0,1,2,3,0,0,0.29,0.01,0.64,0.06,0,0,,,0.03,0,0.07,0.06,-0.05,0,2,73,5,12,1,1,1,1,,,,,,,,,,,,,,,,,,,,,,,,,,0.15,0.14,0.19,2.5,0.03,0.19,0.01,0.01,0.62,0.51,Uncertain
"Screven County, GA",13251,Non-core,,,GA,4,13966,,0.001,0,0,0,0,0,3,21,0,0,0.5,,0,2,14,0,0,998,7146,31,222,0,39,ModerateBurden,,High,Substantial,0.15,18,129,0,0.8,0.055,-0.36,0,0.13,0.095,28,200,0,0.67,0,0,0,0,0.43,0,,,0,0,,,-0.06,0,,,0,0,1,16,0,3,1,1,1,1,3735,0.267,3306,0.237,12,0.012,67,0.006,13,0.005,0.0093,-0.0021,-0.0026,29,0.03,12,0.012,3706,0.337,3294,0.299,1665,0.61,1566,0.574,0.14,0.22,0.2,2.6,0.41,0.03,0,0.01,0.85,0.97,Uncertain
"Hamilton County, IA",19079,Non-core,,,IA,7,14773,,0.005,0,0,0,0,0,3,20,1,6.8,-0.25,,0,4,27,0,0,1812,12266,51,345,0,16,ModerateBurden,,Moderate,Moderate,0.02,92,623,0,0.97,-0.026,0.1,0,-0.01,0.045,84,569,0,0.98,0,0,0,0,0.53,0,,,0,0,,,0.09,0,,,0,0,1,25,0,6,1,1,1,1,7554,0.511,6993,0.473,51,0.044,43,0.004,7,0.002,0.0129,-0.0042,-0.0003,233,0.2,91,0.078,7321,0.642,6902,0.605,2668,0.861,2592,0.837,0.04,0.1,0.21,2.4,0.01,0.06,0,0.02,0.12,0.42,Uncertain
"Roane County, WV",54087,Non-core,,,WV,3,13688,,0.008,0,0,0,0,0,3,22,0,0,0,,0,3,22,0,0,652,4763,9,66,0,23,ModerateBurden,,Moderate,Moderate,0,100,731,0,0.88,-0.009,-0.38,-0.5,0.12,0.009,161,1176,0.5,0.76,2,9,0,0,0.48,0.05,,,0,0,,,0.05,0.01,,,0,0,1,22,0,6,1,1,1,1,757,0.055,342,0.025,8,0.007,36,0.003,15,0.005,-0.0037,-0.0044,0.0016,47,0.044,3,0.003,710,0.065,339,0.031,236,0.076,164,0.053,0.05,0.21,0.23,2.5,0,0.01,0,0,0.65,0.35,Uncertain
"Schuyler County, IL",17169,Non-core,,,IL,5,6768,,0.001,0,0,0,0,0,3,44,0,0,0.5,,0,2,30,0,0,780,11525,7,103,0,13,ModerateBurden,,Moderate,Moderate,0.01,230,3398,1,0.99,0.01,-0.42,0,-0.01,0,398,5881,1,1,0,0,0,0,0.21,0,,,,,,,0.1,0,,,,,1,6,0,0,1,1,1,1,3335,0.493,2809,0.415,7,0.015,40,0.007,5,0.003,-0.0128,-0.0002,0,101,0.215,35,0.075,3227,0.583,2774,0.501,1320,0.832,1145,0.722,0.14,0.21,0.23,2.2,0.04,0.02,0,0,0.57,0.58,Uncertain
"Avery County, NC",37011,Non-core,,,NC,4,17557,,0.002,0,0,915,0.052,0,3,17,0,0,0,,0,3,17,0,0,2153,12263,20,114,0,41,ModerateBurden,,Moderate,Moderate,0.014,141,803,0,1,0.007,-0.23,0,0.02,0.006,182,1037,0,0.98,0,0,0,0,1,0,,,0,0,,,0,0,,,0,0,1,8,0,1,1,1,1,1,7431,0.423,6316,0.36,19,0.02,119,0.008,8,0.002,0.001,0.0015,-0.002,68,0.07,26,0.027,7360,0.492,6289,0.42,3073,0.764,2795,0.695,0.15,0.14,0.23,2.2,0.04,0.05,0,0.01,0.64,0.6,Uncertain
"Childress County, TX",48075,Non-core,,,TX,6,7306,,0,0,0,0,0,0,3,41,0,0,,,0,0,0,0,0,1377,18848,17,233,0,48,ModerateBurden,,Moderate,Low,0,6,82,1,1,0,-0.14,0.5,0,0,7,96,0.5,1,0,0,0,0,0.37,0,,,0,0,,,-0.02,0,,,0,0,1,26,0,4,1,1,1,1,,,,,,,,,,,,,,,,,,,,,,,,,,0.17,0.15,0.16,2.6,0.1,0.32,0.01,0.01,0.75,0.68,Uncertain
"Nevada County, AR",5099,Non-core,"Hope, AR",Micropolitan,AR,6,8252,0.277,0.003,0,0,0,0,0,3,36,0,0,,,0,0,0,0,0,833,10095,24,291,0,20,ModerateBurden,,Moderate,Low,0.018,36,436,0,1,0.018,2.27,0,0,0,11,133,0,1,,,,,,,,,,,,,,,,,,,,,,,,,,,2255,0.273,1716,0.208,1,0.001,20,0.003,4,0.002,0,-0.0013,0.0012,11,0.016,6,0.009,2242,0.352,1708,0.268,989,0.571,725,0.419,0.09,0.28,0.21,2.5,0.31,0.05,0,0.01,0.88,0.91,Uncertain
"New Madrid County, MO",29143,Non-core,,,MO,7,17076,,0.003,0,0,0,0,0,3,18,1,5.9,-0.57,,0,7,41,0,0,2136,12509,46,269,0,6,ModerateBurden,,Moderate,High,0.073,50,293,1,0.95,-0.059,-0.21,0,-0.05,0.132,63,369,1,1,2,2,0,0,0.6,0.01,0.89,0.02,0.19,0.01,-0.08,,-0.06,-0.01,-0.02,0.02,-0.02,0.01,1,101,7,26,1,1,1,1,4025,0.236,3463,0.203,8,0.006,37,0.003,6,0.002,0.0037,-0.0019,-0.0006,36,0.027,18,0.013,3989,0.304,3445,0.263,1763,0.529,1591,0.477,0.16,0.23,0.2,2.4,0.16,0.02,0,0,0.9,0.96,Uncertain
"Oregon County, MO",29149,Non-core,,,MO,7,10529,,0.002,0,0,0,0,0,3,28,0,0,,,0,0,0,0,0,806,7655,5,47,0,12,ModerateBurden,,Moderate,Low,0,33,313,0,1,-0.024,-0.4,-1,0,0.024,55,522,1,1,,,,,,,,,,,,,,,,,,,,,,,,,,,2239,0.213,1903,0.181,2,0.002,22,0.003,1,0,-0.0049,-0.0002,-0.0004,16,0.02,3,0.004,2223,0.272,1900,0.233,1062,0.425,954,0.382,0.17,0.24,0.24,2.4,0,0.02,0.01,0,0.49,0.74,Uncertain
"Telfair County, GA",13271,Non-core,,,GA,4,15860,,0.001,0,0,0,0,0,3,19,0,0,0.5,,0,2,13,0,0,1314,8285,58,366,0,31,ModerateBurden,,Moderate,Moderate,0,15,95,0,1,0,-0.56,0,0,0,34,214,0,1,,,,,,,,,,,,,,,,,,,,,,,,,,,1954,0.123,1756,0.111,10,0.011,36,0.003,6,0.002,0.0085,-0.0011,0.001,25,0.027,9,0.01,1929,0.145,1747,0.131,674,0.226,646,0.217,0.11,0.28,0.19,2.6,0.34,0.15,0,0.01,0.84,0.93,Uncertain
"Gladwin County, MI",26051,Non-core,,,MI,5,25449,,0.003,0,0,0,0,0,3,12,0,0,-0.67,-1,0,9,35,3,11.8,2300,9038,59,232,0,44,ModerateBurden,,Moderate,Moderate,0.012,252,990,0,1,-0.023,-0.29,-1,0,0.036,355,1395,1,0.99,0,0,0,0,0.27,0.05,,,0,0,-1,,-0.06,0.01,,,0,0,1,20,0,2,1,1,1,1,9935,0.39,9383,0.369,4,0.002,61,0.003,14,0.002,0.0006,-0.0013,-0.0012,97,0.06,85,0.053,9838,0.475,9298,0.449,4607,0.667,4596,0.665,0.09,0.18,0.27,2.3,0.01,0.02,0.01,0,0.54,0.79,Uncertain
"Camp County, TX",48063,Non-core,"Mount Pleasant, TX",Micropolitan,TX,6,13094,0.286,0,0,0,0,0,0,3,23,0,0,,-1,0,0,0,1,7.6,1263,9646,44,336,0,23,ModerateBurden,,Moderate,Substantial,0,14,107,2,1,-0.091,-0.73,1,0,0.091,52,397,1,1,2,12,0,0,0.72,0.04,,,0.06,0,1.27,,0.06,0.01,,,0,0,1,16,0,9,1,1,1,1,,,,,,,,,,,,,,,,,,,,,,,,,,0.17,0.2,0.19,2.7,0.16,0.26,0,0.01,0.9,0.95,Uncertain
"Gogebic County, MI",26053,Non-core,,,MI,5,13975,,0.001,0,0,0,0,0,3,21,0,0,0.5,,0,2,14,0,0,1404,10047,50,358,0,15,ModerateBurden,,Moderate,Moderate,0.014,98,701,1,1,-0.026,-0.42,0,0.02,0.04,168,1202,1,0.98,0,0,0,0,0.29,0.03,0,0,0,0,-1,-1,0.05,0.02,0,0,0,0,1,32,5,6,1,1,1,1,7280,0.521,6686,0.478,9,0.011,42,0.004,11,0.003,0.0049,-0.0021,-0.001,65,0.08,43,0.053,7215,0.62,6643,0.571,3350,0.838,3158,0.79,0.08,0.18,0.29,2.1,0.01,0.02,0.03,0,0.4,0.4,Uncertain
"Turner County, GA",13287,Non-core,,,GA,4,7985,,0.001,0,0,0,0,0,3,38,0,0,-0.4,,0,5,63,0,0,1035,12962,39,488,0,25,ModerateBurden,,Moderate,Substantial,0.034,29,363,0,0.97,-0.054,0.04,0,-0.03,0.088,28,351,0,1,,,,,,,,,,,,,,,,,,,,,,,,,,,843,0.106,724,0.091,10,0.015,42,0.007,5,0.003,0.0092,-0.0005,0,19,0.029,5,0.008,824,0.137,719,0.119,380,0.238,348,0.218,0.15,0.35,0.2,2.5,0.39,0.05,0,0.01,0.98,1,Uncertain
"Lincoln County, OK",40081,Large fringe metro,"Oklahoma City, OK",Metropolitan,OK,6,34877,0.025,0.009,0,0,0,0,0,3,9,0,0,2,,0,1,3,0,0,3252,9324,72,206,0,43,LowBurden,,Low,Low,0.048,80,229,0,0.99,0.028,-0.3,0,0,0.019,115,330,0,0.99,0,0,0,0,0.57,0,,,0.17,0,,,-0.1,0,,,-0.15,0,2,52,0,16,1,1,1,1,10540,0.302,8563,0.246,11,0.004,85,0.003,10,0.002,-0.0078,-0.0008,-0.0011,153,0.052,62,0.021,10387,0.39,8501,0.319,4295,0.661,3696,0.569,0.13,0.14,0.19,2.7,0.02,0.04,0.07,0,0.48,0.65,Uncertain
"Waynesboro city, VA",51820,Small metro,"Staunton, VA",Metropolitan,VA,3,22630,0.184,0.003,0,0,0,0,0,3,13,0,0,-0.4,,0,5,22,0,0,2391,10566,38,168,0,46,ModerateBurden,,Moderate,Moderate,0.028,107,473,1,0.98,-0.006,-0.33,0,-0.02,0.034,159,703,1,1,,,,,,,,,,,,,,,,,,,,,,,,,,,206,0.009,150,0.007,,,9,0.001,1,0,-0.0018,0.0001,0,6,0.004,3,0.002,200,0.012,147,0.009,35,0.009,25,0.006,0.13,0.17,0.18,2.4,0.12,0.09,0,0.02,0.6,0.71,Uncertain
"Santa Isabel Municipio, PR",72133,,"Santa Isabel, PR",Micropolitan,PR,2,,,,,0,0,0,0,3,14,0,0,2,,0,1,5,0,0,469,2211,0,0,0,,,,Moderate,Moderate,0.047,78,368,,,-0.005,-0.56,,,0.052,179,844,,,,,,,,,,,,,,,,,,,,,,,,,,,,,9616,0.453,7274,0.343,96,0.064,169,0.01,9,0.003,-0.059,-0.0173,-0.0053,561,0.372,174,0.115,9053,0.52,7099,0.408,2233,0.628,1944,0.546,0.07,0.47,,,,,,,,,
"Dade County, GA",13083,Medium metro,"Chattanooga, TN-GA",Metropolitan,GA,4,16116,0.029,0.002,0,0,1008,0.063,0,3,19,0,0,-0.73,,0,11,68,0,0,1459,9053,14,87,0,9,ModerateBurden,,Moderate,Substantial,0,74,459,0,0.31,-0.068,0.17,0,-0.09,0.068,63,391,0,0.41,,,,,,,,,,,,,,,,,,,,,,,,,,,2039,0.127,1581,0.098,18,0.017,56,0.004,10,0.003,0,-0.0005,-0.0022,79,0.073,28,0.026,1960,0.15,1553,0.119,580,0.179,454,0.14,0.12,0.15,0.2,2.4,0.01,0.02,0.01,0.01,0.52,0.42,Uncertain
"Boise County, ID",16015,Medium metro,"Boise City, ID",Metropolitan,ID,10,7831,0.01,0.004,0,0,0,0,0,3,38,0,0,2,,0,1,13,0,0,368,4699,2,26,0,34,ModerateBurden,,Moderate,Moderate,0.038,284,3627,0,0.99,-0.007,-0.17,-1,0,0.045,342,4367,1,1,,,,,,,,,,,,,,,,,,,,,,,,,,,2108,0.269,1825,0.233,,,13,0.002,1,0,,-0.002,-0.0039,,,,,2108,0.322,1825,0.279,1044,0.507,956,0.465,0.1,0.13,0.26,2.3,0,0.05,0.01,0.01,0.07,0.1,Uncertain
"Woodward County, OK",40153,Micropolitan,"Woodward, OK",Micropolitan,OK,6,20211,0.84,0.005,0,0,0,0,0,3,15,0,0,2,-1,0,1,5,1,4.9,3170,15685,36,178,0,31,ModerateBurden,,Moderate,Low,0,25,124,1,0.92,0,-0.44,0,-0.02,0,45,223,1,0.94,0,0,0,0,0.62,0,0.43,0,0,0,,,-0.01,0,-0.07,0,0,0,1,21,6,11,1,1,1,1,5840,0.289,4971,0.246,7,0.004,35,0.002,7,0.002,-0.0081,-0.0025,-0.0036,79,0.049,27,0.017,5761,0.375,4944,0.322,2390,0.721,2088,0.63,0.11,0.12,0.16,2.7,0.02,0.13,0.03,0.01,0.57,0.28,Uncertain
"Orange County, IN",18117,Non-core,,,IN,5,19646,,0.003,0,0,0,0,0,3,15,1,5.1,-0.57,,0,7,36,0,0,1876,9549,55,280,0,12,ModerateBurden,,Moderate,Moderate,0.038,96,489,1,0.99,-0.008,-0.24,0,0.01,0.046,127,646,1,0.98,1,4,0,0,0.2,0.01,,,,,0,,0.05,-0.01,,,,,1,24,0,0,1,1,1,1,8670,0.441,7608,0.387,22,0.014,59,0.004,11,0.003,0.0025,-0.0049,-0.0023,256,0.162,102,0.064,8414,0.554,7506,0.495,3493,0.898,3300,0.848,0.09,0.16,0.2,2.4,0.02,0.02,0,0,0.65,0.49,Uncertain
"Deer Lodge County, MT",30023,Non-core,,,MT,8,9140,,0.009,0,0,0,0,0,3,33,0,0,2,,0,1,11,0,0,1121,12265,15,164,0,33,ModerateBurden,,Moderate,Moderate,0.026,86,941,0,0.97,0.014,0.07,0,-0.01,0.013,80,875,0,0.99,2,6,0,0,0.38,0.02,0.33,0,0.05,0,1,,0.07,0.02,-0.14,0,0.02,0,1,36,3,6,1,1,1,1,4284,0.469,3977,0.435,14,0.029,53,0.007,10,0.004,0.0082,0.0016,0.0018,118,0.242,66,0.136,4166,0.528,3911,0.496,1803,0.804,1758,0.784,0.08,0.19,0.25,2.1,0,0.04,0.03,0,0.47,0.06,Uncertain
"Clay County, IL",17025,Non-core,,,IL,5,13184,,0.001,0,0,0,0,0,3,23,0,0,0.5,,0,2,15,0,0,1491,11309,43,326,0,4,ModerateBurden,,Moderate,Moderate,0,121,918,0,1,-0.014,-0.13,0,0.01,0.014,139,1054,0,0.99,0,0,0,0,0.54,0,,,0,0,,,0.15,0,,,0,0,1,20,0,3,1,1,1,1,3994,0.303,3335,0.253,4,0.004,36,0.004,4,0.001,-0.0029,-0.0017,-0.0007,42,0.041,14,0.014,3947,0.387,3321,0.326,1879,0.686,1663,0.607,0.08,0.16,0.21,2.3,0.01,0.02,0,0.01,0.61,0.92,Uncertain
"Campbell County, TN",47013,Medium metro,"Knoxville, TN",Metropolitan,TN,4,39842,0.046,0.006,0,0,0,0,0,3,8,0,0,-0.4,,0,5,13,0,0,4201,10544,63,158,0,76,LowBurden,,Low,Moderate,0,47,118,1,1,-0.029,-0.51,0,0,0.029,95,238,1,1,0,0,0,0,0.59,0,0.46,0,0.41,0,,,-0.04,0,-0.04,0,0.02,0,2,43,12,9,0.5,0.5,1,0.5,12883,0.323,10628,0.267,19,0.007,95,0.003,20,0.002,0.0024,-0.0008,0.0008,157,0.054,61,0.021,12725,0.401,10567,0.333,5577,0.667,4833,0.578,0.11,0.2,0.21,2.4,0,0.02,0,0,0.73,0.57,Uncertain
"Copiah County, MS",28029,Medium metro,"Jackson, MS",Metropolitan,MS,4,28065,0.047,0.009,0,0,0,0,0,3,11,0,0,-0.25,-1,0,4,14,1,3.6,2992,10661,66,235,0,11,ModerateBurden,,Moderate,Moderate,0.016,60,214,0,1,-0.016,0.15,0,0,0.032,52,185,0,1,2,8,0,0,0.63,0.02,,,0,0,0,,0.07,-0.01,,,0,0,1,25,0,4,1,1,1,1,9988,0.356,8216,0.293,52,0.023,147,0.007,28,0.005,0.0155,0.0047,0.0041,163,0.072,44,0.02,9825,0.453,8172,0.377,3790,0.738,3337,0.65,0.15,0.24,0.18,2.9,0.51,0.03,0,0,0.94,0.96,Uncertain
"Stone County, AR",5137,Non-core,,,AR,6,12506,,0.004,0,0,0,0,0,3,24,0,0,2,,0,1,8,0,0,996,7964,30,240,0,76,ModerateBurden,,Moderate,High,0.043,15,120,0,1,-0.057,2.75,0,0,0.1,4,32,0,1,0,0,0,0,0.42,0,,,0,0,,,-0.09,0,,,0,0,1,25,0,1,1,1,1,1,3609,0.289,3226,0.258,5,0.006,19,0.002,4,0.001,0.0011,-0.0016,-0.0006,34,0.039,21,0.024,3575,0.353,3205,0.317,1848,0.53,1710,0.49,0.08,0.22,0.28,2.5,0,0.02,0.01,0,0.51,0.73,Uncertain
"Wells County, IN",18179,Medium metro,"Bluffton, IN",Micropolitan,IN,5,28296,1,0.004,0,0,0,0,0,3,11,0,0,-0.62,,0,8,28,0,0,2943,10401,81,286,0,61,ModerateBurden,,Moderate,Moderate,0.01,103,364,1,0.99,-0.037,0.04,0,0.01,0.047,99,350,1,0.98,4,9,0,0,0.45,0.02,0,0,0,0,,,0.11,0,0,0,0,0,1,46,3,6,1,1,1,1,9544,0.337,8557,0.302,29,0.012,80,0.004,14,0.003,-0.0017,-0.003,-0.0004,181,0.075,81,0.034,9363,0.439,8476,0.397,3998,0.759,3829,0.727,0.07,0.09,0.19,2.5,0.01,0.03,0,0.01,0.14,0.12,Uncertain
"Hickman County, TN",47081,Large fringe metro,,,TN,4,25178,,0.004,0,0,0,0,0,3,12,0,0,-0.25,,0,4,16,0,0,2867,11387,46,183,0,43,ModerateBurden,,Moderate,Moderate,0.056,90,357,1,1,0.047,-0.13,0,0,0.009,103,409,1,1,0,0,0,0,0.38,0,,,0,0,,,-0.09,0,,,,,1,8,0,0,1,1,1,1,7428,0.295,6298,0.25,7,0.004,60,0.003,9,0.002,0.0005,-0.0021,-0.0022,56,0.031,22,0.012,7371,0.369,6276,0.314,3146,0.697,2847,0.631,0.09,0.18,0.18,2.7,0.05,0.03,0.01,0,0.57,0.73,Uncertain
"Cheatham County, TN",47021,Large fringe metro,"Nashville-Davidson--Murfreesboro--Franklin, TN",Metropolitan,TN,4,40667,0.021,0.006,0,0,0,0,0,3,7,0,0,-0.5,,0,6,15,0,0,4609,11334,56,138,0,62,LowBurden,,Low,Moderate,0,117,288,0,1,-0.037,-0.37,0,0.02,0.037,186,457,0,0.98,0,0,0,0,0,0,,,0,0,,,0,0,,,0,0,1,12,0,3,1,1,1,1,14587,0.359,11979,0.295,22,0.007,129,0.004,17,0.003,-0.0061,-0.0011,-0.0009,304,0.092,125,0.038,14280,0.449,11853,0.373,4872,0.771,4317,0.683,0.1,0.11,0.16,2.6,0.02,0.03,0,0,0.24,0.47,Uncertain
"Washington County, IN",18175,Large fringe metro,"Louisville/Jefferson County, KY-IN",Metropolitan,IN,5,28036,0.022,0.004,0,0,0,0,0,3,11,0,0,-0.73,,0,11,39,0,0,2441,8707,33,118,0,30,ModerateBurden,,Moderate,Moderate,0.025,200,713,1,0.99,-0.019,-0.22,0,0,0.044,255,910,1,0.99,0,0,0,0,0.18,0,,,0,0,,,-0.02,0,,,0,0,1,8,0,3,1,1,1,1,8745,0.312,7785,0.278,20,0.008,88,0.004,7,0.001,0,-0.0019,-0.0019,172,0.073,85,0.036,8573,0.397,7700,0.357,3356,0.69,3200,0.658,0.1,0.13,0.17,2.6,0.01,0.01,0,0,0.38,0.7,Uncertain
"Echols County, GA",13101,Small metro,"Valdosta, GA",Metropolitan,GA,4,4006,0.027,0,0,0,0,0,0,3,75,0,0,,,0,0,0,0,0,476,11882,9,225,0,64,ModerateBurden,,Substantial,Low,0,7,175,0,1,0,-0.3,0,0,0,10,250,0,1,,,,,,,,,,,,,,,,,,,,,,,,,,,345,0.086,322,0.08,,,5,0.002,1,0.002,-0.003,-0.002,0.0018,3,0.009,3,0.009,342,0.115,319,0.108,96,0.174,88,0.159,0.26,0.27,0.14,2.6,0.05,0.3,0.01,0.01,0.66,0.66,Likely Decreasing
"Columbia County, WI",55021,Medium metro,"Madison, WI",Metropolitan,WI,5,57532,0.087,0.01,0,0,0,0,0,3,5,0,0,-0.8,,0,15,26,0,0,5909,10271,69,120,0,20,LowBurden,,Low,Moderate,0.008,534,928,1,1,-0.008,-0.41,0,0,0.016,902,1568,1,1,4,4,7,7,0.34,0.01,0.44,0,0.02,0,,0.17,0.06,0.01,0.29,0,0.02,0,2,98,10,15,1,1,1,1,30852,0.536,27090,0.471,250,0.057,397,0.009,29,0.003,0.0041,-0.0023,-0.0011,1385,0.316,551,0.126,29466,0.649,26539,0.584,9942,0.94,9595,0.907,0.05,0.08,0.18,2.3,0.02,0.04,0.01,0.01,0.12,0.09,Uncertain
"Clark County, WI",55019,Non-core,,,WI,5,34774,,0.006,0,0,0,0,0,3,9,1,2.9,-0.4,0,0,5,14,1,2.9,3695,10626,65,187,0,28,LowBurden,,Low,Moderate,0.007,351,1009,2,1,-0.004,0,0,0.01,0.011,351,1009,2,0.99,4,25,3,19,0.27,0.03,,,0,0,-0.43,,-0.05,0.03,,,0,0,1,16,0,6,1,1,1,1,9859,0.284,9163,0.264,23,0.007,113,0.005,4,0.001,0.0043,-0.0021,-0.0052,181,0.052,103,0.03,9675,0.394,9059,0.369,4266,0.72,4172,0.704,0.22,0.13,0.17,2.6,0,0.05,0.01,0.01,0.54,0.8,Uncertain
"Watonwan County, MN",27165,Non-core,,,MN,5,10897,,0.002,0,0,0,0,0,3,28,0,0,2,,0,1,9,0,0,1354,12425,9,83,0,15,ModerateBurden,,Moderate,Moderate,0.019,135,1239,0.5,1,-0.032,-0.36,-0.5,0.03,0.051,211,1936,1,0.97,0,0,2,6,0.4,0,,,0,0,-1,1,0.02,-0.02,,,0,0,2,35,0,4,1,1,1,1,4984,0.457,4399,0.404,55,0.065,39,0.005,6,0.003,0.0472,-0.001,0,204,0.241,91,0.107,4769,0.578,4308,0.522,1790,0.801,1693,0.758,0.12,0.13,0.21,2.5,0.01,0.27,0,0.01,0.52,0.42,Uncertain
"Coahoma County, MS",28027,Micropolitan,"Clarksdale, MS",Micropolitan,MS,4,22124,1,0.007,0,0,0,0,0,3,14,0,0,0,-1,0,3,14,2,9,2979,13465,81,366,0,14,ModerateBurden,,Moderate,Moderate,0.021,140,633,1,1,0.014,-0.18,0,0,0.007,171,773,1,1,0,,0,,,,,,,,,,,,,,,,1,0,0,0,0,0,1,0,7220,0.326,5740,0.259,22,0.012,169,0.01,20,0.006,0.0097,0.0083,0.0031,65,0.035,22,0.012,7154,0.443,5718,0.354,2599,0.734,2274,0.642,0.13,0.34,0.16,2.6,0.77,0.02,0,0,0.93,0.82,Uncertain
"Grainger County, TN",47057,Medium metro,"Morristown, TN",Metropolitan,TN,4,23320,0.163,0.003,0,0,0,0,0,3,13,0,0,0.5,,0,2,9,0,0,2656,11389,49,210,0,43,ModerateBurden,,Moderate,Low,0,53,227,1,1,-0.029,-0.32,0,0,0.029,78,334,1,1,,,,,,,,,,,,,,,,,,,,,,,,,,,8565,0.367,7347,0.315,9,0.005,60,0.003,11,0.002,-0.0067,-0.002,-0.0006,96,0.054,36,0.02,8467,0.454,7310,0.392,3604,0.739,3339,0.684,0.11,0.18,0.21,2.6,0.01,0.03,0,0,0.59,0.77,Uncertain
"Pondera County, MT",30073,Non-core,,,MT,8,5911,,0.006,0,0,0,0,0,3,51,0,0,-0.4,,0,5,85,0,0,503,8510,4,68,0,8,ModerateBurden,,Substantial,Substantial,0.016,180,3045,2,0.99,0.011,3.09,1,0,0.005,44,744,1,1,0,0,0,0,0.04,0,,,0,0,,,-0.01,0,,,0,0,1,15,0,1,1,1,1,1,2626,0.444,2146,0.363,7,0.015,32,0.007,6,0.005,-0.0221,-0.0016,-0.0016,83,0.183,26,0.057,2543,0.568,2120,0.473,987,0.812,875,0.72,0.11,0.2,0.21,2.8,0,0.02,0.14,0.01,0.83,0.3,Uncertain
"Buffalo County, WI",55011,Non-core,,,WI,5,13031,,0.002,0,0,0,0,0,3,23,0,0,-0.25,,0,4,31,0,0,1414,10851,7,54,0,15,ModerateBurden,,Moderate,Moderate,0,112,859,1,1,-0.008,0.49,0,0,0.008,75,576,1,1,,,,,,,,,,,,,,,,,,,,,,,,,,,5485,0.421,4953,0.38,1,0.001,31,0.003,2,0.001,-0.0094,-0.0007,-0.001,205,0.215,82,0.086,5280,0.509,4871,0.47,2311,0.779,2189,0.738,0.05,0.09,0.23,2.3,0.01,0.02,0,0,0.06,0.25,Uncertain
"Chicot County, AR",5017,Non-core,,,AR,6,10118,,0.003,0,0,0,0,0,3,30,0,0,0.5,,0,2,20,0,0,1623,16041,41,405,0,1,ModerateBurden,,Moderate,Moderate,0.077,28,277,2,0.96,0.01,4.6,1,0.03,0.067,5,49,1,0.93,0,0,0,0,0.29,0.01,,,0,0,,-1,-0.02,-0.02,,,0,0,1,25,0,5,1,1,1,1,3990,0.394,3423,0.338,13,0.017,38,0.005,12,0.006,0.0051,-0.0022,0.0023,46,0.059,15,0.019,3941,0.499,3405,0.431,1717,0.804,1540,0.721,0.09,0.29,0.21,2.4,0.54,0.06,0,0.01,1,0.99,Uncertain
"Amite County, MS",28005,Micropolitan,,,MS,4,12297,,0.004,0,0,0,0,0,3,24,0,0,-0.57,,0,7,57,0,0,1254,10198,42,342,0,0,ModerateBurden,,Moderate,Substantial,0,28,228,0,1,-0.04,0.22,0,0,0.04,23,187,0,1,,,,,,,,,,,,,,,,,,,,,,,,,,,3139,0.255,2652,0.216,2,0.002,63,0.006,16,0.005,0.0012,0.0053,0.0044,16,0.018,4,0.005,3123,0.319,2648,0.27,1486,0.501,1341,0.452,0.15,0.24,0.24,2.5,0.4,0.01,0,0,0.82,0.85,Uncertain
"Attala County, MS",28007,Non-core,,,MS,4,18174,,0.006,0,0,0,0,0,3,17,0,0,,,0,0,0,0,0,2149,11825,73,402,0,81,ModerateBurden,,Moderate,Low,0.017,56,308,0,1,0.017,-0.59,-2,0,0,135,743,2,1,0,0,0,0,0.34,0,,,0,0,,,0.04,0,,,0,0,1,45,0,2,1,1,1,1,6315,0.347,5235,0.288,13,0.008,103,0.008,16,0.005,0.0038,0.0043,0.0028,67,0.043,28,0.018,6248,0.458,5207,0.382,2877,0.813,2525,0.714,0.11,0.23,0.19,2.6,0.43,0.02,0,0,0.98,0.94,Uncertain
"Madison County, MT",30057,Non-core,,,MT,8,8600,,0.008,0,0,0,0,0,3,35,0,0,0.5,,0,2,23,0,0,789,9174,8,93,0,37,ModerateBurden,,Moderate,Moderate,0.02,48,558,1,0.79,0.02,-0.31,0,-0.11,0,70,814,1,0.9,0,0,3,15,0.25,0,,,0,0,,,-0.12,0,,,0,0,2,20,0,2,1,1,1,1,3213,0.374,2882,0.335,4,0.008,47,0.006,4,0.002,0,0.001,-0.0028,32,0.065,12,0.024,3181,0.437,2870,0.394,1623,0.639,1528,0.602,0.12,0.11,0.3,2.3,0,0.04,0.01,0.01,0.17,0.02,Uncertain
"Bacon County, GA",13005,Non-core,,,GA,4,11164,,0.001,0,0,0,0,0,3,27,0,0,-0.67,-1,0,9,81,1,9,1653,14807,39,349,0,0,ModerateBurden,,Moderate,Substantial,0,39,349,0,0.88,-0.042,0.03,0,-0.02,0.042,38,340,0,0.9,1,4,0,0,0.73,0.02,0.84,0,0,0,0,,0.06,0.02,0.14,0,0,0,1,25,7,8,1,1,1,1,550,0.049,532,0.048,2,0.002,28,0.003,5,0.003,0.001,0,0.0005,6,0.006,3,0.003,543,0.065,529,0.063,160,0.085,175,0.093,0.19,0.27,0.17,2.6,0.16,0.09,0,0.01,0.94,0.9,Uncertain
"Coosa County, AL",1037,Micropolitan,"Alexander City, AL",Micropolitan,AL,4,10663,0.209,0.002,0,0,0,0,0,3,28,0,0,0,,0,3,28,0,0,1103,10344,29,272,0,35,ModerateBurden,,Moderate,Moderate,0,39,366,0,1,-0.06,-0.25,-1,0,0.06,52,488,1,1,,,,,,,,,,,,,,,,,,,,,,,,,,,3277,0.307,2715,0.255,,,8,0.001,2,0.001,0,-0.0003,-0.0004,11,0.018,5,0.008,3266,0.366,2710,0.304,1573,0.613,1344,0.523,0.08,0.14,0.24,2.6,0.31,0.03,0,0,0.53,0.77,Uncertain
"Jefferson County, IL",17081,Micropolitan,"Mount Vernon, IL",Micropolitan,IL,5,37684,1,0.003,0,0,0,0,0,3,8,0,0,-0.67,-1,0,9,24,1,2.7,4412,11708,121,321,0,10,LowBurden,,Low,Moderate,0.017,317,841,0,0.97,0.006,-0.57,-1,-0.02,0.012,745,1977,1,1,1,1,10,8,0.76,0.04,0.53,0.12,0.16,0.03,-0.66,-0.22,-0.04,-0.03,-0.16,-0.08,-0.04,-0.01,2,122,21,21,1,1,1,1,12749,0.338,9998,0.265,33,0.012,142,0.005,19,0.003,-0.0022,-0.0037,-0.0022,209,0.076,67,0.025,12529,0.428,9929,0.339,5521,0.753,4517,0.616,0.06,0.18,0.19,2.3,0.09,0.03,0,0.01,0.81,0.62,Uncertain
"Carroll County, IL",17015,Non-core,,,IL,5,14305,,0.001,0,0,0,0,0,3,21,0,0,-0.73,-1,0,11,77,1,7,1776,12415,37,259,0,4,ModerateBurden,,Moderate,Substantial,0.016,83,580,0,1,0,-0.48,-1,0,0.016,161,1125,1,1,,,,,,,,,,,,,,,,,,,,,,,,,,,7368,0.515,6276,0.439,10,0.01,86,0.007,20,0.005,0.002,0.0001,0.0019,94,0.096,37,0.038,7271,0.63,6239,0.54,3086,0.836,2708,0.734,0.06,0.11,0.26,2.2,0.01,0.04,0,0.01,0.17,0.66,Uncertain
"Franklin County, MS",28037,Non-core,,,MS,4,7713,,0.003,0,0,0,0,0,3,39,0,0,0.5,,0,2,26,0,0,849,11007,23,298,0,8,ModerateBurden,,Moderate,Moderate,0.067,22,285,0,0.93,-0.002,-0.24,0,-0.07,0.069,29,376,0,1,0,0,0,0,0.53,0,,,0.6,0,,,-0.08,0,,,-0.03,0,1,25,0,10,1,1,1,1,2447,0.317,2059,0.267,5,0.008,21,0.004,4,0.002,0.0075,0.0015,0.0006,13,0.02,6,0.009,2434,0.408,2053,0.344,1027,0.641,909,0.567,0.11,0.17,0.21,2.6,0.34,0.01,0,0,0.57,0.71,Uncertain
"Perry County, IN",18123,Non-core,,,IN,5,19169,,0.003,0,0,0,0,0,3,16,0,0,-0.5,,0,6,31,0,0,1862,9714,37,193,0,11,ModerateBurden,,Moderate,Moderate,0.034,84,438,3,0.85,-0.024,0.11,1,-0.07,0.058,76,396,2,0.92,0,0,0,0,0.28,0,0.25,0,0,0,-1,,0.01,-0.01,0.18,0,0,0,1,48,4,12,1,1,1,1,8518,0.444,7402,0.386,50,0.035,117,0.008,10,0.003,0.0248,0.003,0.0008,198,0.14,70,0.05,8320,0.55,7332,0.484,2948,0.81,2831,0.778,0.06,0.14,0.19,2.3,0.03,0.01,0,0.01,0.31,0.35,Uncertain
"Pope County, MN",27121,Non-core,,,MN,5,11249,,0.002,0,0,0,0,0,3,27,0,0,-0.5,,0,6,53,0,0,1129,10036,6,53,0,56,ModerateBurden,,Moderate,Substantial,0.004,337,2996,2,1,-0.01,0.17,1,0,0.015,288,2560,1,1,0,0,0,0,0.64,0,0.36,0,0,0,,,-0.05,0,-0.07,0,0,0,1,22,2,1,1,1,1,1,5319,0.473,4782,0.425,28,0.036,29,0.003,2,0.001,0.0295,-0.0014,-0.0029,139,0.178,86,0.11,5172,0.582,4696,0.529,2358,0.847,2210,0.794,0.04,0.07,0.25,2.2,0,0.02,0,0.01,0.03,0.22,Uncertain
"Floyd County, VA",51063,Small metro,,,VA,3,15749,,0.002,0,0,0,0,0,3,19,0,0,2,,0,1,6,0,0,878,5575,23,146,0,12,ModerateBurden,,Moderate,Moderate,0.064,63,400,1,1,-0.005,-0.21,0,0,0.069,80,508,1,1,,,,,,,,,,,,,,,,,,,,,,,,,,,765,0.049,578,0.037,1,0.001,17,0.001,2,0.001,-0.0018,0.0004,0.0005,21,0.019,10,0.009,742,0.058,568,0.045,290,0.078,236,0.064,0.07,0.11,0.23,2.4,0.02,0.03,0,0.01,0.11,0.31,Uncertain
"Henry County, IA",19087,Non-core,,,IA,7,19954,,0.006,0,0,570,0.029,0,3,15,0,0,-0.4,,0,5,25,0,0,2941,14739,37,185,0,29,ModerateBurden,,Moderate,Moderate,0.006,172,862,1,0.97,-0.008,-0.19,0,0,0.014,212,1062,1,0.97,0,0,0,0,0.23,0,,,0,0,-1,,-0.09,-0.01,,,0,0,1,22,0,10,1,1,1,1,8546,0.428,7839,0.393,18,0.012,77,0.005,7,0.002,-0.0007,-0.0047,-0.0028,180,0.121,69,0.046,8366,0.534,7770,0.496,3200,0.822,3011,0.774,0.04,0.11,0.2,2.4,0.03,0.05,0,0.02,0.31,0.33,Uncertain
"Van Buren County, TN",47175,Non-core,,,TN,4,5872,,0.001,0,0,0,0,0,3,51,0,0,,,0,0,0,0,0,861,14663,23,392,0,19,ModerateBurden,,Substantial,High,0,8,136,1,1,-0.167,-0.6,1,0,0.167,20,341,0,1,,,,,,,,,,,,,,,,,,,,,,,,,,,2425,0.413,2072,0.353,3,0.008,10,0.002,1,0.001,0.0025,-0.0028,-0.0065,24,0.061,12,0.03,2401,0.509,2060,0.437,1181,0.859,1065,0.775,0.14,0.19,0.23,2.6,0.01,0.02,0,0,0.6,0.7,Uncertain
"Itawamba County, MS",28057,Micropolitan,"Tupelo, MS",Micropolitan,MS,4,23390,0.141,0.008,0,0,0,0,0,3,13,0,0,-0.73,,0,11,47,0,0,3046,13023,77,329,0,4,ModerateBurden,,Moderate,High,0,16,68,0,0.95,-0.111,-0.2,0,-0.05,0.111,20,86,0,1,,,,,,,,,,,,,,,,,,,,,,,,,,,5968,0.255,4955,0.212,8,0.005,89,0.005,21,0.005,0.0006,0.0026,0.0031,51,0.029,21,0.012,5917,0.322,4934,0.269,2647,0.628,2367,0.562,0.11,0.15,0.18,2.6,0.07,0.02,0,0.01,0.55,0.54,Uncertain
"Trousdale County, TN",47169,Large fringe metro,"Nashville-Davidson--Murfreesboro--Franklin, TN",Metropolitan,TN,4,11284,0.006,0.002,0,0,0,0,0,3,27,0,0,2,,0,1,9,0,0,2513,22270,22,195,0,61,ModerateBurden,,Moderate,Moderate,0,21,186,1.5,0.83,-0.059,-0.67,0.5,-0.14,0.059,64,567,1,0.97,0,0,0,0,0.08,0,,,0,0,,,-0.03,0,,,0,0,1,11,0,2,1,1,1,1,3007,0.266,2571,0.228,2,0.003,26,0.003,6,0.004,-0.0063,0.0003,0,27,0.042,4,0.006,2980,0.322,2567,0.277,1079,0.738,977,0.668,0.15,0.16,0.13,3,0.11,0.03,0,0,0.52,0.72,Uncertain
"Tipton County, TN",47167,Large fringe metro,"Memphis, TN-MS-AR",Metropolitan,TN,4,61599,0.046,0.009,0,0,0,0,0,3,5,1,1.6,,,0,0,0,0,0,7442,12081,105,170,0,22,LowBurden,,Low,Low,0.019,298,484,1,0.99,-0.008,-0.38,0,0.03,0.027,484,786,1,0.96,0,0,0,0,0.12,0,0.02,0,0,0,,,0.04,0,-0.05,0,0,0,1,141,13,10,1,1,1,1,16445,0.267,13094,0.213,32,0.006,176,0.004,35,0.004,-0.0039,-0.0017,-0.0011,317,0.058,125,0.023,16126,0.345,12968,0.278,5896,0.642,5080,0.553,0.09,0.14,0.15,2.8,0.18,0.03,0,0.01,0.45,0.59,Uncertain
"Goodhue County, MN",27049,Micropolitan,"Red Wing, MN",Micropolitan,MN,5,46340,1,0.008,0,0,0,0,0,3,6,0,0,-0.73,-1,0,11,24,1,2.2,4829,10421,73,158,0,31,LowBurden,,Low,Moderate,0.01,784,1692,0,0.99,-0.006,-0.16,0,-0.01,0.015,935,2018,0,1,0,0,3,8,0.49,0,,,0,0,,2.15,-0.12,0,,,0,0,2,36,0,3,1,1,1,1,25709,0.555,22527,0.486,42,0.012,157,0.004,18,0.002,-0.0528,-0.0026,-0.0007,1213,0.334,526,0.145,24430,0.677,21991,0.609,8517,0.912,8090,0.866,0.05,0.1,0.2,2.3,0.01,0.03,0.01,0.01,0.17,0.17,Uncertain
"Stewart County, TN",47161,Non-core,"Clarksville, TN-KY",Metropolitan,TN,4,13715,0.045,0.002,0,0,0,0,0,3,22,0,0,0,,0,3,22,0,0,1359,9909,28,204,0,7,ModerateBurden,,Moderate,Moderate,0,36,262,1,1,-0.045,-0.63,0,0.01,0.045,98,715,1,0.99,,,,,,,,,,,,,,,,,,,,,,,,,,,4170,0.304,3435,0.25,5,0.005,39,0.004,7,0.002,0,-0.003,-0.0014,52,0.049,12,0.011,4118,0.379,3423,0.315,1898,0.67,1713,0.605,0.1,0.17,0.21,2.5,0.02,0.03,0.01,0.01,0.41,0.8,Uncertain
"Clay County, IA",19041,Micropolitan,"Spencer, IA",Micropolitan,IA,7,16016,1,0.005,0,0,0,0,0,3,19,0,0,2,-1,0,1,6,1,6.2,2163,13505,27,169,0,61,ModerateBurden,,Moderate,Low,0.053,63,393,0,1,0.042,-0.4,0,0,0.011,105,656,0,1,2,4,0,0,0.35,0.01,0.45,0.05,0,0,,,0.07,0.01,0.17,0.05,0,0,1,50,6,4,1,1,1,1,6983,0.436,6398,0.399,2,0.002,43,0.003,5,0.001,-0.0721,-0.0032,-0.0032,224,0.181,98,0.079,6759,0.546,6300,0.509,2857,0.844,2731,0.807,0.04,0.12,0.21,2.2,0.01,0.04,0,0.01,0.34,0.55,Uncertain
"Clarke County, IA",19039,Non-core,,,IA,7,9395,,0.003,0,0,0,0,0,3,32,0,0,2,,0,1,11,0,0,1008,10729,24,255,0,22,ModerateBurden,,Moderate,Moderate,0.043,44,468,0,1,0.043,-0.36,0,0,0,69,734,0,1,0,0,0,0,0.39,0,,,0,0,,,0.03,0,,,0,0,1,23,0,1,1,1,1,1,3990,0.425,3623,0.386,9,0.011,35,0.005,6,0.003,-0.0166,-0.005,-0.0011,106,0.125,36,0.043,3884,0.556,3587,0.513,1546,0.856,1500,0.83,0.06,0.14,0.19,2.4,0.01,0.15,0,0.01,0.48,0.38,Uncertain
"Kewaunee County, WI",55061,Medium metro,"Green Bay, WI",Metropolitan,WI,5,20434,0.063,0.004,0,0,0,0,0,3,15,0,0,-0.25,-1,0,4,20,1,4.9,2715,13287,36,176,0,20,ModerateBurden,,Moderate,Moderate,0.037,132,646,1,0.95,0.024,-0.21,0,-0.05,0.013,167,817,1,1,,,,,,,,,,,,,,,,,,,,,,,,,,,8452,0.414,7875,0.385,13,0.008,53,0.003,6,0.001,-0.0074,-0.0027,-0.0023,245,0.152,131,0.081,8207,0.512,7744,0.483,3282,0.768,3199,0.748,0.04,0.08,0.21,2.4,0.01,0.03,0,0,0.06,0.05,Uncertain
"Cherokee County, IA",19035,Non-core,,,IA,7,11235,,0.004,0,0,0,0,0,3,27,0,0,2,,0,1,9,0,0,1594,14188,38,338,0,71,ModerateBurden,,Moderate,Low,0.017,49,436,0,1,0.017,-0.3,0,0,0,70,623,0,1,0,0,0,0,0.31,0,,,0,0,-1,-1,0.05,-0.01,,,0,0,1,25,0,5,1,1,1,1,5009,0.446,4679,0.416,2,0.002,20,0.002,4,0.001,-0.0036,-0.0015,-0.0011,43,0.052,24,0.029,4966,0.564,4655,0.529,2260,0.816,2149,0.776,0.04,0.1,0.25,2.1,0.01,0.04,0,0.01,0.17,0.37,Uncertain
"Cass County, IA",19029,Non-core,,,IA,7,12836,,0.004,0,0,0,0,0,3,23,0,0,,,0,0,0,0,0,1392,10844,54,421,0,31,ModerateBurden,,Moderate,Low,0.017,64,499,0,1,-0.009,-0.21,-1,0,0.026,81,631,1,1,0,0,0,0,0.64,0,0.43,0,0,0,,,0.1,0,0.21,0,0,0,1,25,4,6,1,1,1,1,6279,0.489,5863,0.457,13,0.013,63,0.006,10,0.003,-0.0029,-0.0006,-0.004,141,0.136,66,0.064,6138,0.614,5797,0.58,2670,0.884,2597,0.859,0.05,0.12,0.24,2.2,0,0.03,0,0,0.2,0.16,Uncertain
"Carroll County, IA",19027,Non-core,"Carroll, IA",Micropolitan,IA,7,20165,1,0.006,0,0,0,0,0,3,15,0,0,,,0,0,0,0,0,2869,14228,52,258,0,35,ModerateBurden,,Moderate,Low,0,81,402,0,0.99,-0.02,-0.32,0,-0.01,0.02,120,595,0,1,0,0,0,0,0.51,0,0.75,0,0,0,,,-0.1,0,0.39,0,-0.05,0,2,52,4,6,1,1,1,1,10497,0.521,9755,0.484,24,0.014,53,0.003,7,0.002,-0.0338,-0.0011,-0.0005,295,0.175,96,0.057,10202,0.67,9659,0.635,3966,0.951,3824,0.917,0.02,0.09,0.21,2.3,0.01,0.03,0,0.01,0.05,0.11,Uncertain
"Winneshiek County, IA",19191,Non-core,,,IA,7,19991,,0.006,0,0,1977,0.099,0,3,15,0,0,2,,0,1,5,0,0,1975,9879,35,175,0,47,ModerateBurden,,Moderate,Low,0.026,141,705,1,0.99,0.011,-0.27,0,0,0.015,193,965,1,0.99,0,0,0,0,0.49,0.01,,,0,0,,,0.11,0.01,,,0,0,1,25,0,7,1,1,1,1,10416,0.521,9624,0.481,54,0.038,61,0.004,6,0.001,-0.0512,-0.0014,-0.0002,326,0.229,102,0.072,10090,0.62,9522,0.585,3853,0.914,3675,0.871,0.02,0.09,0.21,2.2,0.01,0.02,0,0.01,0.01,0.05,Uncertain
"Elbert County, GA",13105,Non-core,,,GA,4,19194,,0.002,0,0,0,0,0,3,16,0,0,,-1,0,0,0,1,5.2,2295,11957,74,386,0,16,ModerateBurden,,Moderate,Low,0.022,85,443,0,0.39,0.01,0.08,0,-0.57,0.012,79,412,0,0.95,0,0,0,0,0.68,0.03,,,0,0,-1,,0,0.02,,,0,0,1,25,0,2,1,1,1,1,2193,0.114,2128,0.111,15,0.011,51,0.003,5,0.001,0.006,-0.0001,-0.0015,34,0.025,23,0.017,2159,0.144,2105,0.14,969,0.237,909,0.222,0.15,0.2,0.21,2.5,0.28,0.06,0,0.01,0.83,0.93,Uncertain
"Greene County, MS",28041,Non-core,,,MS,4,13586,,0.005,0,0,0,0,0,3,22,0,0,0,,0,3,22,0,0,1315,9679,33,243,0,3,ModerateBurden,,Moderate,Moderate,0,12,88,1,0.94,0,-0.08,0,-0.06,0,13,96,1,1,0,0,0,0,0.43,0,,,0.14,0,,,-0.04,0,,,0.14,0,1,7,0,3,1,1,1,1,3646,0.268,2542,0.187,3,0.003,50,0.005,3,0.001,0,0.0012,-0.0019,14,0.014,7,0.007,3632,0.331,2535,0.231,1090,0.526,984,0.474,0.13,0.15,0.15,2.4,0.25,0.01,0,0,0.61,0.43,Uncertain
"Bond County, IL",17005,Large fringe metro,"St. Louis, MO-IL",Metropolitan,IL,5,16426,0.006,0.001,0,0,900,0.055,0,3,18,0,0,-0.67,,0,9,55,0,0,2085,12693,24,146,0,23,ModerateBurden,,Moderate,Substantial,0.005,149,907,0,1,0.005,-0.29,-1,0.02,0,209,1272,1,0.98,0,0,0,0,0.31,0,,,0,0,,,0.1,0,,,0,0,1,38,0,2,1,1,1,1,6957,0.424,5619,0.342,22,0.018,88,0.007,8,0.003,-0.0042,-0.0048,-0.0034,177,0.148,73,0.061,6767,0.509,5545,0.417,2421,0.758,2172,0.68,0.06,0.15,0.19,2.4,0.06,0.04,0,0.01,0.37,0.28,Uncertain
"Nobles County, MN",27105,Micropolitan,"Worthington, MN",Micropolitan,MN,5,21629,1,0.004,0,0,0,0,0,3,14,1,4.6,0.5,,0,2,9,0,0,4088,18901,49,227,0,42,ModerateBurden,,Moderate,Low,0.038,142,657,0,0.84,0.032,-0.39,0,-0.14,0.007,232,1073,0,0.97,1,3,1,3,0.21,0.01,0,0,0,0,,-0.67,-0.01,0.01,-0.07,0,0,0,1,36,2,6,1,1,1,1,10083,0.466,9068,0.419,24,0.013,62,0.004,8,0.002,-0.0175,-0.0026,-0.0014,314,0.172,166,0.091,9761,0.623,8899,0.568,3073,0.847,2951,0.814,0.07,0.14,0.17,2.7,0.05,0.29,0,0.07,0.82,0.42,Uncertain
"Baca County, CO",8009,Non-core,,,CO,8,3581,,0.001,0,0,0,0,0,3,84,0,0,2,,0,1,28,0,0,318,8880,4,112,0,15,ModerateBurden,,Substantial,Moderate,0.003,118,3295,1,1,0,-0.61,1,0,0.003,304,8489,0,1,0,0,0,0,0.25,0,,,0,0,,,-0.05,0,,,0,0,1,23,0,2,1,1,1,1,459,0.128,536,0.15,4,0.015,8,0.003,1,0.001,0.0038,0.0011,0.0011,17,0.065,3,0.012,442,0.159,533,0.191,96,0.11,183,0.209,0.07,0.19,0.24,2.1,0.01,0.11,0.02,0,0.61,0.46,Uncertain
"Loudon County, TN",47105,Medium metro,"Knoxville, TN",Metropolitan,TN,4,54068,0.062,0.008,0,0,0,0,0,3,6,0,0,-0.25,,0,4,7,0,0,6221,11506,70,129,0,26,LowBurden,,Low,Low,0.015,140,259,1,0.99,-0.026,-0.32,0,0,0.04,207,383,1,0.99,0,0,0,0,0.62,0,0.8,0,0.2,0,,,0.05,-0.03,0.03,-0.14,-0.04,0,1,41,5,9,1,1,1,1,26926,0.498,23359,0.432,25,0.007,181,0.004,24,0.002,-0.0075,-0.0025,-0.0023,358,0.099,163,0.045,26561,0.607,23195,0.53,13016,0.895,11952,0.822,0.1,0.12,0.27,2.5,0.01,0.09,0,0.01,0.39,0.64,Uncertain
"Wright County, IA",19197,Non-core,,,IA,7,12562,,0.004,0,0,0,0,0,3,24,2,15.9,-0.4,1,0,5,40,1,8,1858,14791,40,318,0,24,ModerateBurden,,Moderate,Moderate,0.051,77,613,0,0.97,0.01,-0.21,0,-0.03,0.041,97,772,0,1,0,0,0,0,0.31,0,0,0,0,0,-1,,-0.04,-0.01,0,0,0,0,2,36,1,7,1,1,1,1,5892,0.469,5389,0.429,16,0.014,38,0.004,8,0.003,-0.0399,-0.0049,0.001,230,0.208,52,0.047,5662,0.596,5337,0.562,2349,0.809,2296,0.791,0.05,0.13,0.23,2.2,0.01,0.13,0,0.01,0.48,0.51,Uncertain
"Bourbon County, KS",20011,Non-core,,,KS,7,14534,,0.005,0,0,0,0,0,3,21,0,0,-0.25,-1,0,4,28,1,6.9,1429,9832,26,179,0,46,ModerateBurden,,Moderate,Moderate,0.043,30,206,0,1,-0.031,-0.63,0,0.11,0.074,81,557,0,0.89,,,,,,,,,,,,,,,,,,,,,,,,,,,3984,0.274,3572,0.246,11,0.009,45,0.004,7,0.002,0.0023,0.0005,0.0003,78,0.061,17,0.013,3906,0.361,3555,0.328,1746,0.594,1653,0.562,0.11,0.17,0.2,2.5,0.03,0.03,0.01,0.01,0.58,0.79,Uncertain
"Putnam County, GA",13237,Non-core,,,GA,4,22119,,0.002,0,0,0,0,0,3,14,0,0,-0.62,,0,8,36,0,0,2209,9987,56,253,0,35,ModerateBurden,,Moderate,Moderate,0.023,84,380,0,0.88,0.006,-0.37,0,0.02,0.017,133,601,0,0.85,0,0,0,0,0.93,0,,,0,0,,,0.29,0,,,0,0,1,16,0,5,1,1,1,1,1389,0.063,1177,0.053,17,0.011,72,0.004,21,0.004,0.0039,-0.0019,0.0013,38,0.025,18,0.012,1351,0.076,1159,0.065,649,0.118,491,0.089,0.14,0.16,0.25,2.5,0.26,0.06,0,0.01,0.43,0.54,Uncertain
"Perquimans County, NC",37143,Micropolitan,"Elizabeth City, NC",Micropolitan,NC,4,13463,0.253,0.001,0,0,0,0,0,3,22,0,0,0.5,,0,2,15,0,0,1026,7621,12,89,0,25,ModerateBurden,,Moderate,Moderate,0.067,69,513,0,1,0.052,0.13,0,0,0.014,61,453,0,1,,,,,,,,,,,,,,,,,,,,,,,,,,,3923,0.291,2190,0.163,1,0.001,61,0.006,22,0.006,0,0.003,0.0046,19,0.021,12,0.013,3904,0.356,2178,0.199,2288,0.623,1250,0.341,0.13,0.15,0.27,2.3,0.22,0.03,0,0,0.5,0.77,Uncertain
"DeWitt County, TX",48123,Non-core,,,TX,6,20160,,0.001,0,0,0,0,0,3,15,0,0,2,,0,1,5,0,0,1933,9588,59,293,0,29,ModerateBurden,,Moderate,Moderate,0.013,49,243,1,1,-0.064,-0.08,1,0,0.077,53,263,0,1,2,2,0,0,0.16,0.01,0.32,0.25,0,0,-0.01,,-0.08,-0.02,-0.33,-0.34,0,0,2,88,4,21,1,1,1,1,,,,,,,,,,,,,,,,,,,,,,,,,,0.13,0.16,0.2,2.6,0.08,0.36,0,0,0.82,0.89,Uncertain
"Meigs County, OH",39105,Non-core,,,OH,5,22907,,0.002,0,0,0,0,0,3,13,0,0,-0.62,,0,8,35,0,0,1476,6443,40,175,0,6,ModerateBurden,,Moderate,Moderate,0.03,189,825,0,0.99,-0.001,-0.14,0,0,0.031,220,960,0,1,,,,,,,,,,,,,,,,,,,,,,,,,,,7637,0.333,7008,0.306,12,0.007,74,0.004,12,0.003,-0.0066,-0.0038,-0.0038,150,0.083,65,0.036,7487,0.414,6943,0.384,3202,0.684,3042,0.65,0.08,0.22,0.2,2.5,0.01,0.01,0,0,0.68,0.84,Uncertain
"Fulton County, KY",21075,Micropolitan,,,KY,4,5969,,0.001,0,0,0,0,0,3,50,2,33.5,,,0,0,0,0,0,537,8996,16,268,0,12,ModerateBurden,,Substantial,Low,0,43,720,1,1,-0.036,-0.43,1,0.04,0.036,75,1256,0,0.96,,,,,,,,,,,,,,,,,,,,,,,,,,,2390,0.4,2003,0.336,1,0.002,29,0.006,7,0.006,-0.0073,-0.0049,-0.0113,21,0.051,6,0.015,2368,0.504,1997,0.425,1077,0.87,971,0.784,0.06,0.3,0.21,2.3,0.24,0.02,0,0.01,0.87,0.99,Uncertain
"Stephenson County, IL",17177,Micropolitan,"Freeport, IL",Micropolitan,IL,5,44498,1,0.004,0,0,0,0,0,3,7,0,0,-0.73,-1,0,11,25,1,2.2,4811,10812,85,191,0,44,LowBurden,,Low,Moderate,0.004,574,1290,0,1,-0.017,-0.16,0,0,0.021,685,1539,0,1,4,4,0,0,0.5,0.02,0.45,0.07,0,0,0.33,,-0.05,-0.01,0.02,0.04,-0.03,0,1,100,8,13,1,1,1,1,22146,0.498,18405,0.414,72,0.022,202,0.006,22,0.002,-0.0015,-0.0048,-0.0042,577,0.173,276,0.083,21544,0.615,18126,0.517,10207,0.979,9034,0.866,0.05,0.14,0.23,2.3,0.1,0.04,0,0.01,0.5,0.48,Uncertain
"Green County, KY",21087,Non-core,"Campbellsville, KY",Micropolitan,KY,4,10941,0.298,0.002,0,0,0,0,0,3,27,1,9.1,-0.5,,0,6,55,0,0,1233,11270,17,155,0,19,ModerateBurden,,Moderate,Substantial,0.023,83,759,0,1,0.011,0.28,-1,0,0.012,65,594,1,1,0,0,0,0,0.7,0,,,0.43,0,,-1,0.05,0,,,-0.07,0,1,25,0,8,1,1,1,1,3471,0.317,3112,0.284,5,0.006,22,0.003,8,0.003,0.0012,-0.004,0.0004,41,0.051,14,0.017,3430,0.395,3098,0.356,1472,0.638,1397,0.606,0.05,0.18,0.21,2.4,0.02,0.02,0,0,0.52,0.82,Uncertain
"Trinity County, CA",6105,Non-core,,,CA,9,12285,,0,0,0,0,0,0,3,24,0,0,2,,0,1,8,0,0,414,3370,5,41,0,6,ModerateBurden,,Moderate,Low,,0,0,,,,,,,,0,0,,,0,0,0,0,0.34,0,,,0,0,,,-0.02,0,,,0,0,1,25,0,2,1,1,1,1,,,,,,,,,,,,,,,,,,,,,,,,,,0.11,0.2,0.28,2.2,0.01,0.07,0.04,0.01,0.74,0.89,Uncertain
"Alleghany County, VA",51005,Non-core,,,VA,3,14860,,0.002,0,0,0,0,0,3,20,0,0,-0.62,,0,8,54,0,0,1367,9199,49,330,0,16,ModerateBurden,,Substantial,Substantial,0.09,74,498,1,0.97,0.009,-0.29,0,-0.03,0.08,104,700,1,1,0,0,1,1,0.26,0.01,0.37,0.1,0,0,,0,0.02,-0.01,0.09,-0.09,0,0,1,110,10,11,1,1,1,1,619,0.042,451,0.03,,,8,0.001,3,0.001,0,-0.0003,0.0003,8,0.008,4,0.004,610,0.05,447,0.037,272,0.072,213,0.056,0.07,0.2,0.25,2.2,0.05,0.02,0,0,0.45,0.25,Uncertain
"Harper County, KS",20077,Non-core,,,KS,7,5436,,0.002,0,0,0,0,0,3,55,0,0,,,0,0,0,0,0,620,11405,18,331,0,68,ModerateBurden,,Substantial,Low,0,9,166,1,1,0,-0.61,1,0,0,23,423,0,1,0,0,0,0,0.2,0,,,0,0,,,-0.03,0,,,0,0,1,16,0,2,1,1,1,1,2016,0.371,1851,0.341,6,0.013,13,0.003,2,0.002,-0.0156,-0.0005,0,29,0.064,7,0.016,1987,0.486,1844,0.451,908,0.711,854,0.669,0.12,0.16,0.23,2.4,0.01,0.06,0.01,0,0.32,0.42,Uncertain
"McCulloch County, TX",48307,Non-core,,,TX,6,7984,,0,0,0,0,0,0,3,38,1,12.5,-0.25,,0,4,50,0,0,586,7340,20,251,0,0,ModerateBurden,,Substantial,Substantial,0.083,16,200,0,1,0.028,0.23,0,0,0.056,13,163,0,1,0,0,0,0,0.21,0,,,0,0,,,0,0,,,0,0,1,20,0,5,1,1,1,1,,,,,,,,,,,,,,,,,,,,,,,,,,0.18,0.16,0.22,2.4,0.02,0.33,0,0.01,0.74,0.81,Uncertain
"Juana Díaz Municipio, PR",72075,,"Ponce, PR",Metropolitan,PR,2,,,,,0,0,0,0,3,7,0,0,0,,0,3,7,0,0,1112,2489,0,0,0,,,,Low,Low,0.015,244,546,,,-0.022,-0.4,,,0.037,404,904,,,,,,,,,,,,,,,,,,,,,,,,,,,,,22426,0.502,16257,0.364,220,0.069,322,0.009,24,0.003,-0.0138,-0.0121,-0.0076,1169,0.368,382,0.12,21249,0.58,15874,0.433,5460,0.658,4562,0.55,0.05,0.46,,,,,,,,,
"Hancock County, OH",39063,Micropolitan,"Findlay, OH",Micropolitan,OH,5,75783,1,0.006,0,0,3092,0.041,0,3,4,0,0,-0.62,,0,8,11,0,0,6992,9226,131,173,0,50,LowBurden,,Low,Moderate,0.007,424,559,1,1,-0.016,0.07,0,0,0.023,397,524,1,1,2,1,0,0,0.7,0.02,0.57,0.03,0.03,0,0,,-0.03,0,0.06,0.03,0,0,1,150,52,45,1,1,1,1,28600,0.377,27149,0.358,69,0.012,327,0.006,30,0.002,-0.0135,-0.0033,0.0001,906,0.157,448,0.078,27694,0.469,26701,0.452,9842,0.735,9852,0.735,0.05,0.12,0.18,2.3,0.02,0.06,0,0.02,0.21,0.24,Uncertain
"Butte County, SD",46019,Non-core,,,SD,8,10429,,0.012,0,0,0,0,0,3,29,0,0,-0.75,,0,12,115,0,0,1082,10375,20,192,0,4,ModerateBurden,,Moderate,High,0.039,55,527,0,1,-0.078,-0.32,0,0.03,0.117,81,777,0,0.97,,,,,,,,,,,,,,,,,,,,,,,,,,,1946,0.187,2322,0.223,15,0.017,28,0.004,6,0.003,0.0089,-0.0003,0.0014,48,0.054,18,0.02,1898,0.242,2304,0.294,596,0.278,1104,0.515,0.13,0.12,0.21,2.4,0,0.04,0.02,0,0.36,0.15,Uncertain
"King William County, VA",51101,Large fringe metro,"Richmond, VA",Metropolitan,VA,3,17148,0.013,0.002,0,0,0,0,0,3,17,1,5.8,-0.8,,0,15,87,0,0,1247,7272,14,82,0,34,ModerateBurden,,Moderate,Substantial,0.007,118,688,1,0.99,-0.034,-0.16,0,0.02,0.041,141,822,1,0.98,,,,,,,,,,,,,,,,,,,,,,,,,,,4973,0.29,4291,0.25,24,0.017,82,0.006,12,0.004,0.0058,-0.001,-0.0004,134,0.097,58,0.042,4829,0.365,4229,0.32,1626,0.58,1505,0.537,0.07,0.1,0.16,2.7,0.15,0.03,0.01,0.01,0.04,0.18,Uncertain
"Liberty County, FL",12077,Non-core,,,FL,4,8354,,0,0,0,0,0,0,3,36,0,0,,,0,0,0,0,0,1085,12988,16,192,0,29,ModerateBurden,,Moderate,Low,0.016,54,646,,,0.016,-0.13,,,0,62,742,,,,,,,,,,,,,,,,,,,,,,,,,,,,,2208,0.264,1855,0.222,3,0.005,4,0.001,1,0.001,0.0036,-0.0041,-0.0024,14,0.025,5,0.009,2194,0.318,1850,0.268,844,0.672,775,0.617,0.19,0.13,0.15,2.9,0.19,0.07,0.01,0,0.83,0.81,Uncertain
"Macon County, NC",37113,Non-core,,,NC,4,35858,,0.003,0,0,0,0,0,3,8,0,0,-0.79,-1,0,14,39,2,5.6,3156,8801,40,112,0,39,LowBurden,,Low,Moderate,0.008,229,639,0,1,-0.014,-0.19,-1,0,0.023,284,792,1,0.99,0,0,0,0,0.44,0.02,0.06,0.03,0,0,,,0.06,0.01,0.06,0.03,0,0,2,54,9,13,1,1,1,1,10945,0.305,9610,0.268,36,0.015,70,0.002,14,0.001,0.0115,-0.0008,-0.0001,228,0.097,150,0.064,10688,0.365,9452,0.323,4556,0.44,4137,0.4,0.14,0.17,0.29,2.2,0.01,0.07,0.01,0.01,0.35,0.68,Uncertain
"Davison County, SD",46035,Micropolitan,"Mitchell, SD",Micropolitan,SD,8,19775,0.851,0.022,0,0,722,0.037,0,3,15,0,0,0,,0,3,15,0,0,3245,16410,66,334,0,61,ModerateBurden,,Moderate,Moderate,0.026,89,450,0,1,-0.004,-0.15,0,0,0.03,105,531,0,1,0,0,0,0,0.3,0,0.36,0,0.03,0,,,-0.07,0,-0.29,0,0.03,0,1,41,8,5,1,1,1,1,5928,0.3,6530,0.33,63,0.04,68,0.004,4,0.001,-0.0077,-0.0005,-0.0024,439,0.282,168,0.108,5489,0.361,6362,0.418,1060,0.28,2270,0.6,0.06,0.13,0.19,2.2,0.01,0.04,0.03,0.01,0.23,0.04,Uncertain
"Lamar County, GA",13171,Large fringe metro,"Atlanta-Sandy Springs-Alpharetta, GA",Metropolitan,GA,4,19077,0.003,0.002,0,0,2376,0.125,0,3,16,1,5.2,-0.25,,0,4,21,0,0,2057,10783,58,304,0,39,ModerateBurden,,Moderate,Moderate,0.017,137,718,0,0.95,-0.006,-0.01,0,0.01,0.023,138,723,0,0.94,,,,,,,,,,,,,,,,,,,,,,,,,,,1185,0.062,1053,0.055,12,0.009,67,0.004,10,0.003,0,0.0003,0,39,0.03,11,0.008,1146,0.076,1042,0.069,537,0.162,479,0.144,0.14,0.2,0.17,2.7,0.29,0.03,0,0.01,0.49,0.65,Uncertain
"Lanier County, GA",13173,Small metro,"Valdosta, GA",Metropolitan,GA,4,10423,0.071,0.001,0,0,0,0,0,3,29,0,0,0,,0,3,29,0,0,795,7627,13,125,0,2,ModerateBurden,,Moderate,Moderate,0,38,365,0,0.89,-0.027,0.06,0,-0.08,0.027,36,345,0,0.97,0,0,0,0,0.32,0,,,,,,,-0.02,0,,,,,1,28,0,0,1,1,1,1,652,0.063,588,0.056,5,0.006,14,0.002,1,0.001,0.005,0.0004,0,20,0.025,5,0.006,632,0.08,583,0.074,214,0.146,204,0.139,0.16,0.24,0.14,2.7,0.21,0.06,0.01,0.01,0.87,0.85,Uncertain
"Marshall County, IA",19127,Micropolitan,"Marshalltown, IA",Micropolitan,IA,7,39369,1,0.012,0,0,0,0,0,3,8,0,0,-0.7,,0,10,25,0,0,4863,12352,76,193,0,13,LowBurden,,Low,Moderate,0.014,252,640,0,0.96,-0.023,-0.22,-1,-0.03,0.037,323,820,1,1,0,0,1,4,0.37,0,,,0,0,,,-0.03,0,,,0,0,1,25,0,17,1,1,1,1,20017,0.508,17601,0.447,54,0.016,159,0.005,17,0.002,-0.0216,-0.0039,-0.0011,989,0.285,270,0.078,19028,0.647,17331,0.589,6590,0.905,6332,0.87,0.06,0.11,0.18,2.6,0.02,0.23,0,0.04,0.69,0.69,Uncertain
"Bibb County, AL",1007,Large fringe metro,"Birmingham-Hoover, AL",Metropolitan,AL,4,22394,0.021,0.005,0,0,0,0,0,3,13,0,0,-0.4,,0,5,22,0,0,2667,11909,64,286,0,12,ModerateBurden,,Moderate,Moderate,0.02,146,652,0,0.99,-0.01,-0.32,-1,-0.01,0.03,215,960,1,1,0,0,0,0,0.18,0,,,,,,,-0.06,0,,,,,1,30,0,0,1,1,1,1,5627,0.251,3924,0.175,2,0.001,36,0.002,4,0.001,0.0012,0.0009,-0.0003,45,0.027,25,0.015,5579,0.313,3899,0.219,2130,0.571,1772,0.475,0.08,0.14,0.17,3,0.21,0.03,0,0,0.6,0.8,Uncertain
"Lincoln County, GA",13181,Medium metro,"Augusta-Richmond County, GA-SC",Metropolitan,GA,4,7921,0.013,0.001,0,0,0,0,0,3,38,0,0,-0.62,-1,0,8,101,1,12.6,830,10478,28,353,0,3,ModerateBurden,,Moderate,High,0.043,25,316,0,0.87,-0.05,-0.04,0,-0.07,0.094,26,328,0,0.94,,,,,,,,,,,,,,,,,,,,,,,,,,,939,0.119,853,0.108,2,0.004,22,0.003,5,0.003,-0.006,-0.0009,0.001,13,0.026,5,0.01,924,0.143,848,0.132,338,0.174,315,0.162,0.12,0.2,0.25,2.2,0.29,0.02,0,0,0.56,0.89,Uncertain
"Bates County, MO",29013,Large fringe metro,"Kansas City, MO-KS",Metropolitan,MO,7,16172,0.007,0.003,0,0,0,0,0,3,19,0,0,0.5,,0,2,12,0,0,1343,8304,30,186,0,19,ModerateBurden,,Moderate,Moderate,0.029,111,686,0,1,-0.008,-0.27,0,0.02,0.037,152,940,0,0.98,0,0,0,0,0.5,0,0.14,0,0,0,-1,,-0.01,-0.05,-0.05,0,0,0,1,12,3,3,1,1,1,1,4525,0.28,4022,0.249,3,0.002,46,0.004,8,0.003,0.0007,-0.0007,-0.0013,49,0.036,11,0.008,4476,0.359,4011,0.322,1977,0.625,1863,0.589,0.1,0.12,0.2,2.4,0.01,0.02,0.01,0,0.39,0.57,Uncertain
"Washington County, VT",50023,Micropolitan,"Barre, VT",Micropolitan,VT,1,58409,1,0.094,0,0,3702,0.063,0,3,5,0,0,-0.7,,0,10,17,0,0,1894,3243,15,26,0,17,LowBurden,,Low,Moderate,0.007,746,1277,1,1,-0.003,-0.35,0,0,0.01,1148,1965,1,1,0,0,0,0,0.59,0,0.45,0,0.03,0,-1,,-0.01,-0.01,-0.18,-0.06,0.03,0,1,89,14,22,1,1,1,1,24765,0.424,20389,0.349,37,0.009,229,0.005,18,0.002,-0.101,-0.0004,-0.001,1534,0.393,526,0.135,23227,0.488,19863,0.417,6770,0.575,6346,0.539,0.03,0.11,0.2,2.3,0.01,0.02,0,0.01,0.18,0.14,Uncertain
"Trimble County, KY",21223,Large fringe metro,,,KY,4,8471,,0.002,0,0,0,0,0,3,35,0,0,2,,0,1,12,0,0,696,8216,7,83,0,26,ModerateBurden,,Moderate,Moderate,0.029,35,413,0,0.91,0.029,-0.31,-0.5,-0.09,0,51,602,0.5,1,,,,,,,,,,,,,,,,,,,,,,,,,,,2891,0.341,2459,0.29,4,0.006,23,0.003,6,0.004,-0.0167,-0.008,-0.004,102,0.155,18,0.027,2789,0.421,2441,0.368,979,0.648,901,0.596,0.05,0.19,0.18,2.4,0.01,0.03,0,0.01,0.71,0.93,Uncertain
"Fall River County, SD",46047,Non-core,,,SD,8,6713,,0.008,0,0,0,0,0,3,45,0,0,-0.25,,0,4,60,0,0,604,8997,16,238,0,0,ModerateBurden,,Moderate,Substantial,0.018,57,849,0,1,-0.059,0.19,0,0,0.077,48,715,0,1,0,0,0,0,0.19,0.04,,,0,0,,,0.13,0.04,,,0,0,1,25,0,2,1,1,1,1,2060,0.307,2493,0.371,12,0.028,29,0.005,10,0.005,0.0259,0.0021,0.004,33,0.078,15,0.035,2027,0.363,2478,0.444,771,0.384,1316,0.656,0.09,0.14,0.3,2.1,0.01,0.04,0.06,0.02,0.42,0.34,Uncertain
"Smith County, MS",28129,Non-core,,,MS,4,15916,,0.005,0,0,0,0,0,3,19,0,0,-0.25,,0,4,25,0,0,1639,10298,34,214,0,0,ModerateBurden,,Moderate,Moderate,0.041,31,195,0,1,-0.033,-0.24,0,0,0.074,41,258,0,1,0,0,0,0,0,0,,,,,,,0,0,,,,,1,29,0,0,1,1,1,1,3552,0.223,2923,0.184,6,0.005,37,0.003,5,0.002,0,0.0007,-0.0015,41,0.031,13,0.01,3511,0.286,2910,0.237,1524,0.467,1354,0.415,0.12,0.17,0.21,2.7,0.23,0.02,0,0,0.47,0.7,Uncertain
"Southampton County, VA",51175,Non-core,"Virginia Beach-Norfolk-Newport News, VA-NC",Metropolitan,VA,3,17631,0.01,0.002,0,0,0,0,0,3,17,0,0,0.5,,0,2,11,0,0,1987,11270,56,318,0,10,ModerateBurden,,Moderate,Moderate,0.032,140,794,1,0.98,0.02,-0.23,0,-0.02,0.013,182,1032,1,1,,,,,,,,,,,,,,,,,,,,,,,,,,,1340,0.076,1003,0.057,2,0.002,25,0.002,4,0.001,0,-0.0012,-0.0008,16,0.013,5,0.004,1319,0.092,997,0.069,529,0.144,423,0.115,0.07,0.1,0.21,2.5,0.34,0.02,0,0.01,0.48,0.8,Uncertain
"Smyth County, VA",51173,Non-core,,,VA,3,30104,,0.004,0,0,0,0,0,3,10,0,0,,-1,0,0,0,2,6.6,2970,9866,95,316,0,26,LowBurden,,Moderate,Low,0,82,272,1,1,0,-0.31,0,0,0,119,395,1,1,0,0,0,0,0.77,0,,,0,0,-1,,-0.17,-0.07,,,-0.02,0,1,14,0,7,1,1,1,1,8220,0.273,6727,0.223,27,0.013,101,0.004,19,0.003,-0.0032,-0.0026,-0.0003,240,0.111,104,0.048,7968,0.327,6621,0.272,3082,0.453,2674,0.393,0.11,0.19,0.23,2.4,0.02,0.02,0,0,0.75,0.85,Uncertain
"Rolette County, ND",38079,Non-core,,,ND,8,14176,,0.019,0,0,0,0,0,3,21,0,0,-0.25,,0,4,28,0,0,2161,15244,28,198,0,3,ModerateBurden,,Moderate,Moderate,0.02,155,1093,0,1,0.014,0.01,0,0,0.006,154,1086,0,1,0,0,0,0,0.26,0,,,0,0,-1,,0.01,-0.01,,,0,0,2,39,0,8,1,1,1,1,6895,0.486,6039,0.426,55,0.035,36,0.004,6,0.003,0.0045,0.0001,0.0035,495,0.319,238,0.153,6393,0.68,5801,0.617,1559,0.901,1357,0.784,0.25,0.29,0.12,3.1,0,0.02,0.77,0,0.91,0.95,Uncertain
"Wrangell City and Borough, AK",2275,Non-core,,,AK,10,2502,,0.003,0,0,0,0,0,3,120,0,0,2,,0,1,40,0,0,61,2438,0,0,0,42,ModerateBurden,,High,Moderate,0.029,75,2998,0,1,0.029,-0.33,0,0,0,112,4476,0,1,,,,,,,,,,,,,,,,,,,,,,,,,,,1199,0.479,1145,0.458,5,0.03,24,0.012,2,0.003,-0.0305,0.005,-0.0033,39,0.238,18,0.11,1157,0.576,1127,0.561,397,0.647,392,0.638,0.15,0.08,0.25,2.3,0.01,0.03,0.16,0.03,0.56,0.41,Uncertain
"Schoharie County, NY",36095,Medium metro,"Albany-Schenectady-Troy, NY",Metropolitan,NY,2,30999,0.035,0.002,0,0,2061,0.066,0,3,10,0,0,-0.67,,0,9,29,0,0,1692,5458,17,55,0,46,LowBurden,,Moderate,Moderate,0.004,510,1645,1,0.96,-0.011,-0.18,0,-0.03,0.015,623,2010,1,0.98,0,0,0,0,0.7,0.04,,,0,0,-1,,0.07,0.02,,,0,0,1,24,0,3,1,1,1,1,13912,0.449,12496,0.403,43,0.022,180,0.007,33,0.005,-0.0031,-0.0025,-0.0026,504,0.26,225,0.116,13408,0.523,12271,0.479,4984,0.707,4693,0.666,0.04,0.13,0.23,2.4,0.01,0.03,0,0.01,0.4,0.47,Uncertain
"Stutsman County, ND",38093,Micropolitan,"Jamestown, ND",Micropolitan,ND,8,20704,1,0.027,0,0,1061,0.051,0,3,14,0,0,-0.67,,0,9,43,0,0,3542,17108,81,391,0,36,ModerateBurden,,Moderate,Moderate,0.004,450,2173,1,0.89,-0.001,1.1,0,-0.01,0.005,214,1034,1,0.9,2,9,0,0,0.32,0.04,0,0,0,0,,,0.09,0.04,-0.05,0,0,0,1,23,3,7,1,1,1,1,9291,0.449,7868,0.38,8,0.006,61,0.004,9,0.002,-0.0085,-0.0024,-0.001,230,0.162,100,0.071,9052,0.547,7768,0.469,3436,0.832,2880,0.698,0.07,0.12,0.2,2.1,0.02,0.03,0.02,0.01,0.24,0.06,Uncertain
"Randolph County, IL",17157,Non-core,,,IL,5,31782,,0.003,0,0,0,0,0,3,9,0,0,-0.5,-1,0,6,19,3,9.4,4150,13058,87,274,0,54,LowBurden,,Low,Moderate,0.001,3056,9616,1,0.99,-0.001,-0.05,0,0,0.002,3201,10072,1,1,1,1,2,3,0.39,0.01,0,0,0,0,,0,-0.03,0,-0.07,0,0,0,3,73,2,16,1,1,1,1,11832,0.372,9463,0.298,38,0.018,146,0.006,28,0.005,0,-0.0019,-0.0015,214,0.103,58,0.028,11606,0.451,9404,0.366,4976,0.808,4170,0.677,0.05,0.13,0.19,2.4,0.1,0.03,0,0,0.46,0.78,Uncertain
"Polk County, NC",37149,Non-core,,,NC,4,20724,,0.002,0,0,0,0,0,3,14,1,4.8,,,0,0,0,0,0,1496,7219,30,145,0,36,ModerateBurden,,Moderate,Low,0.005,198,955,1,0.83,-0.003,-0.23,0,-0.13,0.008,257,1240,1,0.96,0,0,0,0,0.65,0,0.52,0,0,0,-1,,0.13,-0.04,-0.02,-0.12,-0.05,0,1,19,6,3,1,1,1,1,7538,0.364,6317,0.305,8,0.006,34,0.002,10,0.002,-0.0353,-0.0001,0.0003,163,0.128,63,0.049,7358,0.421,6253,0.358,3768,0.567,3168,0.477,0.1,0.09,0.32,2.2,0.04,0.06,0,0.01,0.38,0.6,Uncertain
"Refugio County, TX",48391,Non-core,,,TX,6,6948,,0,0,0,0,0,0,3,43,0,0,,-1,0,0,0,1,14.4,681,9801,23,331,0,9,ModerateBurden,,Moderate,Low,0,16,230,1,1,0,-0.24,1,0,0,21,302,0,1,0,0,0,0,0.05,0,,,0,0,,,0.02,0,,,0,0,1,21,0,5,1,1,1,1,,,,,,,,,,,,,,,,,,,,,,,,,,0.16,0.18,0.23,2.7,0.05,0.51,0.01,0.01,0.94,0.97,Uncertain
"Taylor County, FL",12123,Non-core,,,FL,4,21569,,0.001,0,0,0,0,0,3,14,0,0,0.5,,0,2,9,0,0,2754,12768,48,223,0,19,ModerateBurden,,Moderate,Low,0,93,431,,,-0.024,-0.26,,,0.024,125,580,,,0,0,0,0,0.2,0,0,0,0,0,,,0.02,0,0,0,0,0,1,48,5,3,1,1,1,1,6447,0.299,5041,0.234,6,0.004,78,0.005,12,0.003,-0.0007,-0.0009,-0.0013,39,0.028,15,0.011,6405,0.37,5026,0.29,3168,0.7,2604,0.575,0.11,0.2,0.21,2.5,0.2,0.04,0.01,0.01,0.9,0.93,Uncertain
"Scott County, IL",17171,Micropolitan,"Jacksonville, IL",Micropolitan,IL,5,4951,0.128,0,0,0,0,0,0,3,61,0,0,-0.4,,0,5,101,0,0,488,9857,1,20,0,0,ModerateBurden,,Substantial,High,0.054,36,727,0,1,0.054,-0.14,0,0,0,42,848,0,1,,,,,,,,,,,,,,,,,,,,,,,,,,,1610,0.325,1379,0.279,17,0.043,13,0.003,1,0.001,0.0431,-0.0023,0,32,0.081,15,0.038,1575,0.403,1364,0.349,656,0.675,618,0.636,0.04,0.13,0.2,2.6,0.01,0.01,0,0,0.14,0.57,Uncertain
"Richmond County, VA",51159,Non-core,,,VA,3,9023,,0.001,0,0,0,0,0,3,33,1,11.1,0.5,,0,2,22,0,0,1525,16901,15,166,0,44,ModerateBurden,,Moderate,Moderate,0.013,52,576,1,0.99,0.013,-0.04,0,-0.01,0,54,598,1,1,,,,,,,,,,,,,,,,,,,,,,,,,,,751,0.083,656,0.073,,,6,0.001,1,0.001,0,-0.0008,-0.0005,3,0.005,3,0.005,748,0.1,653,0.087,147,0.077,131,0.069,0.09,0.14,0.21,2.3,0.29,0.07,0,0.01,0.61,0.63,Uncertain
"Jasper County, GA",13159,Large fringe metro,"Atlanta-Sandy Springs-Alpharetta, GA",Metropolitan,GA,4,14219,0.002,0.001,0,0,0,0,0,3,21,0,0,-0.25,,0,4,28,0,0,1410,9916,38,267,0,0,ModerateBurden,,Moderate,Moderate,0.031,31,218,0,0.91,0.01,-0.54,0,-0.07,0.022,67,471,0,0.98,0,0,0,0,0.21,0,,,0,0,,,-0.05,0,,,0,0,1,12,0,2,1,1,1,1,1383,0.097,1249,0.088,9,0.007,36,0.003,8,0.003,0.0016,-0.0025,0,18,0.015,8,0.007,1365,0.125,1241,0.114,633,0.251,548,0.217,0.14,0.18,0.18,2.7,0.19,0.04,0,0,0.69,0.85,Uncertain
"Adair County, KY",21001,Non-core,,,KY,4,19202,,0.004,0,0,2264,0.118,0,3,16,1,5.2,-0.4,,0,5,26,0,0,1940,10103,54,281,0,10,ModerateBurden,,Moderate,Moderate,0.051,102,531,1,1,-0.011,-0.14,0,0.03,0.061,118,615,1,0.97,0,0,0,0,0.19,0,,,0,0,,,-0.24,0,,,0,0,1,13,0,5,1,1,1,1,5508,0.287,4916,0.256,7,0.005,58,0.004,8,0.002,0,-0.0031,-0.0019,45,0.032,18,0.013,5463,0.355,4898,0.318,2044,0.553,1930,0.522,0.07,0.22,0.19,2.6,0.03,0.02,0,0,0.71,0.79,Uncertain
"Mitchell County, TX",48335,Non-core,,,TX,6,8545,,0,0,0,0,0,0,3,35,0,0,2,,0,1,12,0,0,609,7127,31,363,0,69,ModerateBurden,,Moderate,Moderate,0.071,186,2177,0,1,0.06,5.64,0,0,0.011,28,328,0,1,0,0,0,0,0.16,0,,,0,0,,,-0.08,0,,,0,0,1,20,0,4,1,1,1,1,,,,,,,,,,,,,,,,,,,,,,,,,,0.14,0.09,0.15,2.6,0.1,0.41,0.01,0,0.62,0.81,Uncertain
"Montgomery County, MS",28097,Non-core,,,MS,4,9775,,0.003,0,0,0,0,0,3,31,0,0,-0.25,-1,0,4,41,1,10.2,1286,13156,43,440,0,4,ModerateBurden,,Moderate,Moderate,0.053,15,153,0,1,0.053,-0.4,-1,0,0,25,256,1,1,1,4,0,0,0.26,0.03,,,0,0,,,-0.12,-0.01,,,0,0,1,27,0,2,1,1,1,1,3615,0.37,2741,0.28,8,0.011,52,0.007,11,0.005,0.0067,0.0021,-0.0005,28,0.037,8,0.011,3587,0.472,2733,0.36,1586,0.732,1261,0.582,0.09,0.27,0.22,2.2,0.44,0.01,0,0.01,0.89,0.91,Uncertain
"Pecos County, TX",48371,Non-core,,,TX,6,15823,,0.001,0,0,0,0,0,3,19,0,0,,,0,0,0,0,0,1676,10592,34,215,0,35,ModerateBurden,,Moderate,Low,0,131,828,1,0.96,-0.008,3.37,0,-0.04,0.008,30,190,1,1,0,0,0,0,0.09,0,,,0,0,-1,,0,-0.03,,,0,0,2,32,0,12,1,1,1,1,,,,,,,,,,,,,,,,,,,,,,,,,,0.2,0.12,0.14,3,0.04,0.69,0,0.01,0.82,0.75,Uncertain
"Dawson County, GA",13085,Large fringe metro,"Atlanta-Sandy Springs-Alpharetta, GA",Metropolitan,GA,4,26108,0.004,0.002,0,0,0,0,0,3,11,1,3.8,-0.4,0,0,5,19,1,3.8,3095,11855,48,184,0,26,ModerateBurden,,Moderate,Moderate,0.039,163,624,0,0.99,0.002,-0.26,0,0.02,0.037,220,843,0,0.97,,,,,,,,,,,,,,,,,,,,,,,,,,,1458,0.056,1319,0.051,18,0.009,77,0.004,10,0.002,-0.0005,-0.0025,-0.0025,51,0.027,26,0.014,1407,0.067,1293,0.062,594,0.113,406,0.077,0.11,0.09,0.2,2.7,0.01,0.05,0,0.01,0.1,0.27,Uncertain
"Parmer County, TX",48369,Non-core,,,TX,6,9605,,0,0,0,0,0,0,3,31,0,0,,,0,0,0,0,0,1297,13503,35,364,0,9,ModerateBurden,,Moderate,Low,0,20,208,1,0.94,0,-0.47,0,-0.06,0,38,396,1,1,0,0,0,0,0.07,0,,,0,0,,,-0.13,0,,,0,0,1,4,0,5,1,1,1,1,,,,,,,,,,,,,,,,,,,,,,,,,,0.2,0.16,0.14,3,0.01,0.65,0,0.01,0.76,0.84,Uncertain
"Butler County, KY",21031,Small metro,"Bowling Green, KY",Metropolitan,KY,4,12879,0.072,0.003,0,0,0,0,0,3,23,3,23.3,2,2,0,1,8,1,7.8,1473,11437,28,217,0,22,ModerateBurden,,Moderate,Low,0.038,31,241,0,0.96,0.014,-0.43,0,-0.01,0.024,54,419,0,0.98,,,,,,,,,,,,,,,,,,,,,,,,,,,4423,0.343,3931,0.305,4,0.004,54,0.005,6,0.002,-0.0111,-0.0003,-0.0025,79,0.08,33,0.033,4344,0.436,3898,0.391,1583,0.653,1518,0.626,0.09,0.19,0.19,2.5,0.01,0.03,0,0,0.79,0.87,Uncertain
"Caldwell County, KY",21033,Non-core,,,KY,4,12747,,0.003,0,0,0,0,0,3,24,0,0,0,,0,3,24,0,0,1467,11509,32,251,0,8,ModerateBurden,,Moderate,Moderate,0,96,753,1,0.98,-0.009,0.3,0,-0.02,0.009,74,581,1,1,0,0,0,0,0.41,0,,,0,0,,,0.02,0,,,0,0,1,25,0,2,1,1,1,1,4841,0.38,4375,0.343,5,0.005,52,0.005,9,0.003,-0.0052,-0.0009,0,44,0.046,12,0.012,4797,0.485,4363,0.441,2088,0.768,1960,0.721,0.06,0.16,0.21,2.4,0.05,0.02,0,0,0.5,0.84,Uncertain
"Gray County, KS",20069,Non-core,,,KS,7,5988,,0.002,0,0,0,0,0,3,50,0,0,,,0,0,0,0,0,569,9502,14,234,0,134,ModerateBurden,,Substantial,Low,0,16,267,0,1,0,-0.33,0,0,0,24,401,0,1,,,,,,,,,,,,,,,,,,,,,,,,,,,1847,0.308,1578,0.264,6,0.01,25,0.006,2,0.002,0.005,-0.0049,-0.0043,17,0.028,4,0.007,1830,0.429,1574,0.369,716,0.771,656,0.706,0.13,0.06,0.16,2.7,0.01,0.16,0,0.01,0.27,0.44,Uncertain
"Ochiltree County, TX",48357,Non-core,,,TX,6,9836,,0,0,0,0,0,0,3,31,0,0,-0.73,,0,11,112,0,0,1189,12088,27,275,0,45,ModerateBurden,,Moderate,High,0,13,132,0,1,-0.167,1.6,-1,0,0.167,5,51,1,1,0,0,0,0,0.09,0,,,0,0,,,-0.07,0,,,0,0,1,23,0,6,1,1,1,1,,,,,,,,,,,,,,,,,,,,,,,,,,0.21,0.12,0.12,3,0.01,0.55,0.01,0,0.58,0.7,Uncertain
"Los Alamos County, NM",35028,Micropolitan,"Los Alamos, NM",Micropolitan,NM,6,19369,1,0.009,0,0,0,0,0,3,15,0,0,,,0,0,0,0,0,532,2747,6,31,0,25,ModerateBurden,,Moderate,Low,0,170,878,2,0.99,0,-0.09,1,0.01,0,187,965,1,0.99,1,8,0,0,0.24,0.01,0.04,0.04,0,0,,,-0.07,0.01,-0.11,0.04,0,0,1,12,4,12,1,1,1,1,10856,0.56,11154,0.576,67,0.043,87,0.006,11,0.003,0.0095,-0.0008,0.0003,1095,0.696,780,0.496,9761,0.646,10374,0.687,1667,0.476,2475,0.707,0.04,0.05,0.18,2.4,0.01,0.18,0.01,0.07,0.02,0,Uncertain
"Crittenden County, KY",21055,Non-core,,,KY,4,8806,,0.002,0,0,0,0,0,3,34,0,0,0.5,,0,2,23,0,0,677,7688,23,261,0,39,ModerateBurden,,Moderate,Moderate,0,16,182,0,1,0,-0.5,0,0,0,32,363,0,1,0,0,0,0,0.09,0,0,0,0,0,,,0.01,0,0,0,0,0,1,43,6,7,1,1,1,1,2432,0.276,2195,0.249,2,0.003,16,0.002,1,0.001,0.0028,-0.0006,0,28,0.039,11,0.015,2404,0.35,2184,0.318,1122,0.597,1046,0.556,0.1,0.16,0.21,2.4,0.01,0.01,0,0,0.48,0.7,Uncertain
"Charlottesville city, VA",51540,Small metro,"Charlottesville, VA",Metropolitan,VA,3,47266,0.216,0.006,0,0,0,0,0,3,6,0,0,-0.25,,0,4,8,0,0,4017,8499,57,121,0,0,LowBurden,,Low,Low,0.006,784,1659,1,0.74,0.002,-0.47,0,-0.17,0.004,1475,3121,1,0.91,28,4,1,0,0.79,0.03,0.64,0.09,0.26,0.05,-0.24,-0.67,-0.07,0,-0.09,-0.01,0.01,-0.01,2,715,96,196,1,1,1,1,2890,0.061,2442,0.052,3,0.001,39,0.001,4,0.001,-0.0005,-0.0003,0.0002,40,0.019,16,0.008,2846,0.072,2424,0.061,399,0.069,337,0.058,0.09,0.25,0.12,2.4,0.18,0.06,0,0.07,0.41,0.07,Uncertain
"Audrain County, MO",29007,Micropolitan,"Mexico, MO",Micropolitan,MO,7,25388,1,0.004,0,0,0,0,0,3,12,0,0,0,,0,3,12,0,0,2713,10686,58,228,0,0,ModerateBurden,,Moderate,Moderate,0.07,229,902,0,0.98,0.07,0.22,0,-0.02,0,187,737,0,1,0,0,0,0,0.5,0,0,0,0.29,0,,,-0.04,0,0,0,0.29,0,1,20,5,1,1,1,1,1,7542,0.297,6357,0.25,7,0.003,48,0.002,5,0.001,-0.0034,-0.0021,-0.0028,102,0.049,42,0.02,7440,0.378,6315,0.321,3229,0.699,2853,0.618,0.1,0.15,0.18,2.6,0.07,0.03,0,0.01,0.62,0.37,Uncertain
"Seneca County, OH",39147,Micropolitan,"Tiffin, OH",Micropolitan,OH,5,55178,1,0.005,0,0,2976,0.054,0,3,5,0,0,-0.77,-1,0,13,24,2,3.6,5337,9672,126,228,0,42,LowBurden,,Low,Moderate,0,426,772,1,0.99,-0.019,-0.4,0,0,0.019,714,1294,1,0.99,0,0,3,4,0.4,0,0.28,0,0,0,-1,-0.38,-0.02,-0.02,0.14,0,0,0,2,67,14,22,1,1,1,1,19091,0.346,19267,0.349,54,0.012,242,0.006,33,0.003,-0.0058,-0.0031,-0.001,386,0.087,180,0.04,18705,0.433,19087,0.442,7750,0.755,8085,0.788,0.05,0.15,0.19,2.4,0.02,0.05,0,0.01,0.38,0.23,Uncertain
"Fayette County, IN",18041,Micropolitan,"Connersville, IN",Micropolitan,IN,5,23102,1,0.003,0,0,0,0,0,3,13,1,4.3,-0.57,,0,7,30,0,0,2842,12302,64,277,0,12,ModerateBurden,,Moderate,Moderate,0.022,108,467,1,0.97,-0.005,-0.19,0,0,0.027,133,576,1,0.97,,,,,,,,,,,,,,,,,,,,,,,,,,,6889,0.298,6100,0.264,7,0.004,78,0.004,5,0.001,-0.0054,-0.0006,-0.0025,99,0.054,49,0.027,6790,0.375,6051,0.334,3231,0.682,3062,0.646,0.1,0.18,0.21,2.4,0.01,0.01,0,0,0.61,0.33,Uncertain
"Barceloneta Municipio, PR",72017,,"San Juan-Bayamón-Caguas, PR",Metropolitan,PR,2,,,,,0,0,0,0,3,13,0,0,2,,0,1,4,0,0,767,3233,0,0,0,,,,Moderate,Low,0.01,143,603,,,0.005,-0.52,,,0.005,299,1260,,,,,,,,,,,,,,,,,,,,,,,,,,,,,11129,0.469,8448,0.356,48,0.028,184,0.009,22,0.005,-0.0231,-0.0088,-0.0082,406,0.24,156,0.092,10719,0.55,8290,0.426,3006,0.63,2328,0.488,0.06,0.5,,,,,,,,,
"Calhoun County, FL",12013,Non-core,,,FL,4,14105,,0.001,0,0,0,0,0,3,21,0,0,0,,0,3,21,0,0,1708,12109,45,319,0,36,ModerateBurden,,Moderate,Moderate,0,118,837,,,-0.016,-0.09,,,0.016,129,915,,,0,0,0,0,0.47,0,,,0,0,,,0.14,0,,,0,0,1,9,0,1,1,1,1,1,3721,0.264,3005,0.213,4,0.004,37,0.003,4,0.001,-0.0049,-0.0016,-0.0026,30,0.029,8,0.008,3685,0.326,2994,0.265,1788,0.67,1513,0.567,0.18,0.12,0.19,2.7,0.12,0.06,0.01,0.01,0.84,0.91,Uncertain
"West Carroll Parish, LA",22123,Non-core,,,LA,6,10830,,0.002,0,0,0,0,0,3,28,0,0,,,0,0,0,0,0,1184,10933,41,379,0,19,ModerateBurden,,Moderate,Low,0.02,95,877,0,1,0.004,-0.01,0,0.01,0.016,96,886,0,0.99,0,0,0,0,0.55,0,,,1,0,,,-0.01,0,,,0,0,1,31,0,5,1,1,1,1,3336,0.308,3021,0.279,,,31,0.004,5,0.002,0,-0.0021,-0.0005,5,0.006,4,0.004,3331,0.396,3017,0.359,1627,0.773,1548,0.736,0.17,0.23,0.19,2.6,0.16,0.04,0.01,0,0.67,0.69,Uncertain
"Louisa County, IA",19115,Non-core,,,IA,7,11035,,0.003,0,0,0,0,0,3,27,0,0,-0.4,,0,5,45,0,0,1295,11735,49,444,0,5,ModerateBurden,,Moderate,Moderate,0.015,58,526,1,1,0.001,-0.46,0,0.07,0.014,108,979,1,0.93,,,,,,,,,,,,,,,,,,,,,,,,,,,4493,0.407,4180,0.379,9,0.011,42,0.005,8,0.004,-0.0093,-0.0019,-0.0009,80,0.093,25,0.029,4413,0.512,4155,0.482,1653,0.774,1608,0.752,0.05,0.11,0.19,2.6,0.01,0.16,0,0.03,0.46,0.64,Uncertain
"Jefferson County, KS",20087,Small metro,"Topeka, KS",Metropolitan,KS,7,19043,0.082,0.007,0,0,0,0,0,3,16,1,5.3,2,,0,1,5,0,0,1745,9163,36,189,0,13,ModerateBurden,,Moderate,Low,0.03,66,347,0,1,0.018,-0.42,0,0,0.012,113,593,0,1,0,0,0,0,0.07,0,,,,,,,-0.3,0,,,,,1,8,0,0,1,1,1,1,8126,0.427,7230,0.38,17,0.01,97,0.007,8,0.002,-0.0189,0.0011,-0.0008,178,0.109,78,0.048,7948,0.54,7152,0.486,3027,0.842,2787,0.775,0.07,0.08,0.19,2.4,0.01,0.03,0.01,0,0.05,0.33,Uncertain
"Jackson County, AR",5067,Non-core,,,AR,6,16719,,0.006,0,0,0,0,0,3,18,0,0,,,0,0,0,0,0,3231,19325,38,227,0,27,ModerateBurden,,Moderate,Low,0.014,62,371,0,0.99,0.014,1.14,0,-0.01,0,29,173,0,1,,,,,,,,,,,,,,,,,,,,,,,,,,,4737,0.283,4049,0.242,3,0.003,42,0.003,8,0.003,-0.0026,-0.0009,0.001,61,0.053,34,0.03,4671,0.35,4014,0.3,2012,0.659,1773,0.58,0.08,0.23,0.18,2.3,0.17,0.03,0.01,0,0.76,0.84,Uncertain
"Izard County, AR",5065,Non-core,,,AR,6,13629,,0.005,0,0,0,0,0,3,22,0,0,2,,0,1,7,0,0,1689,12393,42,308,0,17,ModerateBurden,,Moderate,Low,0.062,17,125,0,1,0.062,0.7,0,0,0,10,73,0,1,0,0,0,0,0.33,0,,,0,0,,,0.03,0,,,0,0,1,10,0,2,1,1,1,1,3681,0.27,3056,0.224,7,0.008,45,0.004,6,0.002,0.0066,-0.0011,-0.0003,31,0.034,12,0.013,3649,0.326,3044,0.272,1716,0.482,1477,0.415,0.07,0.17,0.26,2.5,0.02,0.03,0.01,0,0.57,0.75,Uncertain
"Hughes County, SD",46065,Micropolitan,"Pierre, SD",Micropolitan,SD,8,17526,0.85,0.02,0,0,0,0,0,3,17,0,0,-0.57,-1,0,7,40,1,5.7,2523,14396,41,234,0,43,ModerateBurden,,Moderate,Moderate,0.01,66,377,0,1,-0.007,-0.3,0,0.02,0.017,94,536,0,0.98,2,8,0,0,0.52,0.03,0.19,0,0,0,0,,0.03,0.03,-0.1,0,0,0,1,25,6,6,1,1,1,1,6531,0.373,7211,0.411,20,0.015,90,0.007,13,0.004,-0.0106,0.0009,0.0035,335,0.255,107,0.081,6196,0.466,7104,0.535,869,0.275,1986,0.629,0.07,0.11,0.18,2.2,0.01,0.03,0.11,0.01,0.41,0.27,Uncertain
"Morgan County, GA",13211,Large fringe metro,"Atlanta-Sandy Springs-Alpharetta, GA",Metropolitan,GA,4,19276,0.003,0.002,0,0,0,0,0,3,16,0,0,2,-1,0,1,5,1,5.2,2142,11112,31,161,0,16,ModerateBurden,,Moderate,Low,0.018,70,363,0,0.95,0.018,-0.43,0,0.01,0,122,633,0,0.93,1,4,0,0,0.55,0.02,,,0,0,-0.8,,-0.21,-0.04,,,0,0,1,25,0,3,1,1,1,1,2901,0.15,2773,0.144,32,0.02,74,0.005,10,0.003,0.0137,-0.0009,-0.001,53,0.033,21,0.013,2848,0.191,2752,0.184,1465,0.371,1405,0.356,0.12,0.11,0.2,2.7,0.22,0.03,0,0.01,0.24,0.71,Uncertain
"Aguadilla Municipio, PR",72005,,"Aguadilla-Isabela, PR",Metropolitan,PR,2,,,,,0,0,0,0,3,6,0,0,,,0,0,0,0,0,1521,3026,0,0,0,,,,Low,Low,0.011,233,464,,,-0.002,-0.24,,,0.013,306,609,,,0,0,44,26,0.28,0,0.49,0,0.19,0,-1,-0.18,0.03,-0.01,0.03,0,0.01,0,1,171,16,31,1,1,1,1,24169,0.481,17516,0.348,180,0.05,901,0.022,138,0.012,-0.0134,-0.0173,-0.0277,967,0.27,277,0.077,23187,0.562,17237,0.418,6496,0.576,5406,0.479,0.05,0.51,,,,,,,,,
"Gilpin County, CO",8047,Large fringe metro,"Denver-Aurora-Lakewood, CO",Metropolitan,CO,8,6243,0.002,0.001,0,0,0,0,0,3,48,0,0,-0.77,,0,13,208,0,0,272,4357,3,48,0,4,ModerateBurden,,Moderate,High,0.074,43,689,1,1,-0.042,0.26,0,0,0.116,34,545,1,1,,,,,,,,,,,,,,,,,,,,,,,,,,,2386,0.382,2212,0.354,22,0.058,39,0.007,4,0.004,0.0026,-0.0004,-0.0009,110,0.289,48,0.126,2272,0.426,2164,0.406,404,0.363,487,0.438,0.05,0.04,0.18,2.2,0.01,0.07,0.01,0.01,0,0,Uncertain
"Garrett County, MD",24023,Non-core,,,MD,3,29014,,0.005,0,0,0,0,0,3,10,0,0,-0.25,-1,0,4,14,2,6.9,2036,7017,65,224,0,33,ModerateBurden,,Moderate,Moderate,0.009,235,810,1,0.97,-0.027,-0.36,0,-0.01,0.036,365,1258,1,0.99,1,3,0,0,0.49,0.01,0.5,0,0,0,,,0.15,0,0.07,0,0,0,1,36,4,3,1,1,1,1,12191,0.42,10638,0.367,5,0.003,74,0.003,14,0.002,-0.0479,-0.0096,-0.0089,262,0.132,103,0.052,11928,0.504,10534,0.445,5093,0.759,4737,0.706,0.07,0.1,0.23,2.4,0.01,0.01,0,0,0.18,0.12,Uncertain
"McHenry County, ND",38049,Micropolitan,"Minot, ND",Micropolitan,ND,8,5745,0.076,0.008,0,0,0,0,0,3,52,0,0,0.5,,0,2,35,0,0,653,11366,23,400,0,1,ModerateBurden,,Substantial,Moderate,0.05,25,435,0,1,0.012,0.67,-1,0,0.038,15,261,1,1,,,,,,,,,,,,,,,,,,,,,,,,,,,1905,0.332,1773,0.309,4,0.009,10,0.002,1,0.001,0.0045,-0.0032,-0.0042,29,0.066,20,0.045,1876,0.428,1753,0.4,899,0.748,857,0.713,0.05,0.09,0.21,2.2,0,0.02,0.01,0,0.03,0.05,Uncertain
"McLean County, ND",38055,Non-core,,,ND,8,9450,,0.012,0,0,0,0,0,3,32,0,0,2,,0,1,11,0,0,1287,13619,30,317,0,12,ModerateBurden,,High,Moderate,0.167,26,275,,,0.167,-0.21,,,0,33,349,,,0,0,0,0,0.65,0,,,0,0,-1,,0,0,,,0,0,2,47,0,1,1,1,1,1,3577,0.379,3129,0.331,1,0.001,11,0.001,3,0.001,-0.003,-0.0022,-0.0009,26,0.038,17,0.025,3550,0.482,3112,0.422,1583,0.691,1459,0.637,0.05,0.08,0.24,2.2,0,0.03,0.06,0,0.08,0.17,Uncertain
"Gonzales County, TX",48177,Non-core,,,TX,6,20837,,0.001,0,0,0,0,0,3,14,0,0,0.5,,0,2,10,0,0,2755,13222,57,274,0,11,ModerateBurden,,Moderate,Moderate,0.027,92,442,1,0.98,-0.03,0.07,1,-0.02,0.057,86,413,0,1,1,4,0,0,0.33,0.02,,,0,0,,,0.01,0.02,,,0,0,1,26,0,7,1,1,1,1,,,,,,,,,,,,,,,,,,,,,,,,,,0.2,0.16,0.17,2.8,0.06,0.51,0,0,0.9,0.95,Uncertain
"Wyandot County, OH",39175,Non-core,,,OH,5,21772,,0.002,0,0,0,0,0,3,14,0,0,-0.62,,0,8,37,0,0,2344,10766,56,257,0,11,ModerateBurden,,Moderate,Moderate,0.012,137,629,1,1,-0.037,-0.34,0,0,0.05,209,960,1,1,1,4,0,0,0.46,0.05,0.12,0,0,0,0,,-0.05,0.04,-0.07,0,0,0,1,25,6,2,1,1,1,1,7015,0.322,7608,0.349,16,0.009,55,0.003,6,0.001,0.0006,-0.0028,-0.0032,159,0.09,88,0.05,6856,0.406,7520,0.446,2915,0.673,3166,0.731,0.06,0.1,0.2,2.4,0,0.03,0,0.01,0.23,0.41,Uncertain
"Lawrence County, SD",46081,Micropolitan,"Spearfish, SD",Micropolitan,SD,8,25844,1,0.029,0,0,2062,0.08,0,3,12,0,0,-0.62,,0,8,31,0,0,3007,11635,47,182,0,20,ModerateBurden,,Moderate,Moderate,0.039,117,453,0,1,-0.005,-0.35,0,0,0.044,179,693,0,1,0,0,0,0,0.57,0,0.29,0.18,0,0,-1,,0.14,0,-0.11,-0.14,0,0,2,27,4,7,1,1,1,1,7313,0.283,8423,0.326,43,0.026,90,0.004,15,0.003,0.0054,0.0007,0.0008,320,0.194,124,0.075,6993,0.328,8299,0.389,1503,0.254,3353,0.567,0.1,0.12,0.23,2.2,0.01,0.03,0.02,0.01,0.26,0.26,Uncertain
"Hickory County, MO",29085,Non-core,,,MO,7,9544,,0.002,0,0,0,0,0,3,31,0,0,,,0,0,0,0,0,657,6884,15,157,0,10,ModerateBurden,,Moderate,Low,0.045,46,482,0,1,0.045,-0.15,0,0,0,54,566,0,1,,,,,,,,,,,,,,,,,,,,,,,,,,,2878,0.302,2395,0.251,6,0.01,20,0.003,7,0.002,0.0102,0.0009,0.0009,19,0.032,6,0.01,2859,0.36,2389,0.301,1757,0.553,1553,0.489,0.17,0.17,0.33,2.3,0.01,0.02,0.01,0,0.47,0.73,Uncertain
"Kemper County, MS",28069,Micropolitan,"Meridian, MS",Micropolitan,MS,4,9742,0.098,0.003,0,0,0,0,0,3,31,0,0,0.5,,0,2,21,0,0,966,9916,28,287,0,1,ModerateBurden,,Moderate,Moderate,0,8,82,1,1,0,0.14,0,0,0,7,72,1,1,0,0,0,0,0.46,0,,,,,,,-0.19,0,,,,,1,11,0,0,1,1,1,1,2783,0.286,2222,0.228,13,0.02,44,0.006,8,0.004,0.0204,0.0035,0.002,35,0.055,11,0.017,2747,0.344,2210,0.277,1146,0.563,965,0.474,0.13,0.3,0.21,2.5,0.61,0.01,0.03,0,0.93,0.89,Uncertain
"Howard County, MO",29089,Non-core,"Columbia, MO",Metropolitan,MO,7,10001,0.048,0.002,0,0,1131,0.113,0,3,30,0,0,,,0,0,0,0,0,1060,10599,7,70,0,7,ModerateBurden,,Substantial,Moderate,0.095,34,340,1,0.95,0.024,-0.41,0,-0.05,0.071,58,580,1,1,,,,,,,,,,,,,,,,,,,,,,,,,,,3418,0.342,2948,0.295,5,0.007,23,0.003,1,0.001,0.0027,0.0003,-0.001,46,0.062,20,0.027,3372,0.431,2928,0.375,1397,0.71,1249,0.635,0.09,0.15,0.2,2.6,0.05,0.02,0.01,0,0.4,0.43,Uncertain
"Freestone County, TX",48161,Non-core,,,TX,6,19717,,0.001,0,0,0,0,0,3,15,0,0,-0.7,,0,10,51,0,0,1967,9976,50,254,0,20,ModerateBurden,,Moderate,Substantial,0.018,102,517,1,1,-0.014,0.13,1,0,0.031,90,456,0,1,0,0,0,0,0.14,0,,,0,0,,,-0.02,0,,,0,0,1,21,0,8,1,1,1,1,,,,,,,,,,,,,,,,,,,,,,,,,,0.16,0.17,0.2,2.6,0.15,0.16,0,0.01,0.84,0.95,Uncertain
"Franklin County, TX",48159,Non-core,,,TX,6,10725,,0,0,0,0,0,0,3,28,0,0,2,,0,1,9,0,0,739,6890,26,242,0,22,ModerateBurden,,Moderate,Low,0,17,159,0,1,-0.029,-0.66,0,0.03,0.029,50,466,0,0.97,,,,,,,,,,,,,,,,,,,,,,,,,,,,,,,,,,,,,,,,,,,,,,,,,,,,0.17,0.09,0.22,2.8,0.04,0.15,0.01,0.01,0.53,0.77,Uncertain
"Swain County, NC",37173,Non-core,"Cullowhee, NC",Micropolitan,NC,4,14271,0.245,0.001,0,0,0,0,0,3,21,0,0,,,0,0,0,0,0,1214,8507,17,119,0,29,ModerateBurden,,Moderate,Low,0.013,77,540,0,0.99,-0.01,-0.12,0,0.01,0.023,88,617,0,0.98,0,0,0,0,0.58,0,,,0,0,,,-0.02,0,,,0,0,2,35,0,2,1,1,1,1,6391,0.448,5266,0.369,7,0.007,21,0.002,4,0.001,-0.0979,-0.0048,0,271,0.271,65,0.065,6117,0.549,5199,0.467,2334,0.833,2114,0.754,0.22,0.17,0.2,2.6,0.01,0.06,0.27,0.01,0.78,0.94,Uncertain
"Washakie County, WY",56043,Non-core,,,WY,8,7805,,0.013,0,0,0,0,0,3,38,0,0,2,,0,1,13,0,0,925,11851,26,333,0,17,ModerateBurden,,Moderate,Moderate,0.058,60,769,1,0.98,-0.008,-0.57,0,0.03,0.066,140,1794,1,0.95,0,0,0,0,0.24,0.01,0,0,0,0,-1,-1,0.04,-0.01,0,0,0,0,1,16,3,5,1,1,1,1,2453,0.314,2199,0.282,,,9,0.001,4,0.002,-0.0215,-0.0028,-0.0017,50,0.067,11,0.015,2403,0.399,2188,0.363,1243,0.718,1159,0.67,0.15,0.12,0.22,2.3,0,0.14,0.01,0.01,0.37,0.22,Uncertain
"Bleckley County, GA",13023,Non-core,,,GA,4,12873,,0.001,0,0,0,0,0,3,23,0,0,0,,0,3,23,0,0,1468,11404,51,396,0,10,ModerateBurden,,Moderate,Moderate,0,19,148,0,0.87,0,-0.5,0,-0.09,0,38,295,0,0.96,0,0,0,0,0.75,0.02,,,0,0,-1,,0.04,0.01,,,0,0,1,18,0,2,1,1,1,1,447,0.035,422,0.033,5,0.005,31,0.003,2,0.001,0.0033,0,-0.0014,14,0.015,9,0.01,433,0.042,413,0.04,142,0.064,135,0.061,0.1,0.21,0.17,2.7,0.27,0.03,0,0.01,0.74,0.78,Uncertain
"Clay County, WV",54015,Small metro,"Charleston, WV",Metropolitan,WV,3,8508,0.033,0.005,0,0,0,0,0,3,35,0,0,0.5,,0,2,24,0,0,540,6347,10,118,0,13,ModerateBurden,,Moderate,Moderate,0.056,81,952,1,0.88,0.004,-0.42,0,0.22,0.052,139,1634,1,0.65,,,,,,,,,,,,,,,,,,,,,,,,,,,1886,0.222,1411,0.166,4,0.006,32,0.005,5,0.003,-0.0192,-0.0059,-0.0017,134,0.198,44,0.065,1752,0.265,1367,0.206,746,0.414,663,0.368,0.04,0.27,0.21,2.7,0,0.01,0,0,0.69,0.58,Uncertain
"Mitchell County, GA",13205,Non-core,,,GA,4,21863,,0.002,0,0,0,0,0,3,14,0,0,-0.62,,0,8,37,0,0,2097,9592,82,375,0,2,ModerateBurden,,Moderate,Substantial,0.023,54,247,0,0.92,-0.063,-0.49,0,0.05,0.086,105,480,0,0.87,10,40,10,40,0.7,0,,,,,9,,0.05,-0.01,,,,,1,25,0,0,1,1,1,1,1866,0.085,1758,0.08,18,0.011,113,0.007,14,0.004,0.0077,0.0012,0.0005,37,0.022,24,0.014,1829,0.108,1734,0.102,637,0.173,624,0.169,0.18,0.24,0.17,2.6,0.48,0.05,0,0.01,0.99,0.98,Uncertain
"Zapata County, TX",48505,Micropolitan,"Zapata, TX",Micropolitan,TX,6,14179,1,0,0,0,0,0,0,3,21,0,0,-0.62,,0,8,56,0,0,1783,12575,36,254,0,0,ModerateBurden,,Moderate,Substantial,0.053,71,501,1,0.89,0.015,0.16,0,-0.04,0.038,61,430,1,0.94,,,,,,,,,,,,,,,,,,,,,,,,,,,,,,,,,,,,,,,,,,,,,,,,,,,,0.29,0.4,0.13,3.2,0,0.95,0,0,0.99,1,Uncertain
"Barnwell County, SC",45011,Non-core,,,SC,4,20866,,0.004,0,0,0,0,0,3,14,0,0,2,,0,1,5,0,0,2602,12470,57,273,0,18,ModerateBurden,,Moderate,Low,0.058,126,604,1,0.97,0.044,-0.3,0,-0.01,0.014,179,858,1,0.98,,,,,,,,,,,,,,,,,,,,,,,,,,,7163,0.343,6129,0.294,12,0.007,74,0.005,14,0.004,-0.0029,-0.0075,-0.0091,80,0.046,32,0.018,7081,0.445,6097,0.383,2830,0.718,2547,0.646,0.13,0.26,0.19,2.6,0.43,0.03,0.01,0.01,0.99,0.97,Uncertain
"Cooper County, MO",29053,Non-core,"Columbia, MO",Metropolitan,MO,7,17709,0.085,0.003,0,0,0,0,0,3,17,0,0,0.5,,0,2,11,0,0,1932,10910,27,152,0,7,ModerateBurden,,Moderate,Moderate,0,60,339,1,1,-0.065,-0.29,1,0,0.065,84,474,0,1,,,,,,,,,,,,,,,,,,,,,,,,,,,5742,0.324,4974,0.281,8,0.006,45,0.003,5,0.002,-0.0007,0.0006,0,106,0.079,49,0.036,5636,0.406,4925,0.355,2238,0.689,2039,0.628,0.09,0.12,0.18,2.5,0.07,0.02,0,0.01,0.39,0.68,Uncertain
"Coamo Municipio, PR",72043,,"Coamo, PR",Micropolitan,PR,2,,,,,0,0,0,0,3,8,0,0,2,,0,1,3,0,0,871,2272,0,0,0,,,,Low,Low,0,146,381,,,-0.019,-0.37,,,0.019,233,608,,,,,,,,,,,,,,,,,,,,,,,,,,,,,16349,0.426,11600,0.303,105,0.038,284,0.009,24,0.003,-0.0037,-0.0043,-0.0022,572,0.21,207,0.076,15771,0.501,11392,0.362,4918,0.691,4180,0.588,0.04,0.47,,,,,,,,,
"Cidra Municipio, PR",72041,,"San Juan-Bayamón-Caguas, PR",Metropolitan,PR,2,,,,,0,0,0,0,3,8,0,0,0.5,,0,2,5,0,0,1286,3357,0,0,0,,,,Low,Low,0,231,603,,,-0.022,-0.47,,,0.022,439,1146,,,,,,,,,,,,,,,,,,,,,,,,,,,,,19178,0.501,14611,0.381,184,0.067,521,0.017,64,0.009,-0.0205,-0.0096,-0.0066,1012,0.371,354,0.13,18153,0.577,14256,0.453,3944,0.556,3411,0.481,0.05,0.43,,,,,,,,,
"Clarke County, VA",51043,Large fringe metro,"Washington-Arlington-Alexandria, DC-VA-MD-WV",Metropolitan,VA,3,14619,0.002,0.002,0,0,0,0,0,3,21,0,0,-0.62,,0,8,55,0,0,994,6799,20,137,0,71,ModerateBurden,,Moderate,Substantial,0.03,94,643,0,0.99,0.003,-0.22,-0.5,0,0.027,121,828,0.5,0.99,,,,,,,,,,,,,,,,,,,,,,,,,,,6635,0.454,5541,0.379,69,0.06,89,0.008,11,0.003,0.0441,-0.0017,-0.0022,319,0.276,148,0.128,6306,0.536,5391,0.458,2184,0.684,2009,0.629,0.14,0.1,0.22,2.5,0.04,0.06,0,0.01,0.11,0.18,Uncertain
"Morgan County, OH",39115,Non-core,,,OH,5,14508,,0.001,0,0,0,0,0,3,21,0,0,0.5,,0,2,14,0,0,1095,7548,24,165,0,40,ModerateBurden,,Moderate,Moderate,0.017,66,455,1,0.98,-0.009,0,0,0.01,0.025,66,455,1,0.97,,,,,,,,,,,,,,,,,,,,,,,,,,,4523,0.312,4406,0.304,17,0.015,45,0.004,13,0.004,0.009,-0.0001,0.0025,76,0.069,23,0.021,4446,0.386,4383,0.38,2109,0.664,2067,0.651,0.08,0.19,0.22,2.4,0.03,0.01,0,0,0.57,0.76,Uncertain
"Jackson County, TX",48239,Non-core,,,TX,6,14760,,0.001,0,0,0,0,0,3,20,0,0,-0.7,,0,10,68,0,0,1866,12642,31,210,0,8,ModerateBurden,,Moderate,Substantial,0.049,64,434,0,1,0.007,-0.14,0,0,0.042,74,501,0,1,0,0,0,0,0.21,0,,,0,0,,,-0.11,0,,,0,0,1,19,0,2,1,1,1,1,,,,,,,,,,,,,,,,,,,,,,,,,,0.16,0.14,0.18,2.8,0.06,0.34,0,0.01,0.68,0.94,Uncertain
"Paulding County, OH",39125,Non-core,,,OH,5,18672,,0.002,0,0,0,0,0,3,16,0,0,-0.5,,0,6,32,0,0,1760,9426,41,220,0,17,ModerateBurden,,Moderate,Moderate,0.03,105,562,1,0.99,0.01,-0.34,0,-0.01,0.02,160,857,1,1,0,0,0,0,0.18,0,,,0,0,,,-0.01,-0.02,,,0,0,1,25,0,8,1,1,1,1,6167,0.33,5930,0.318,11,0.007,69,0.005,10,0.003,-0.0012,-0.0015,0,100,0.061,54,0.033,6067,0.424,5876,0.411,2600,0.73,2595,0.729,0.06,0.1,0.19,2.4,0.01,0.05,0,0,0.29,0.39,Uncertain
"Houston County, TX",48225,Non-core,,,TX,6,22968,,0.001,0,0,0,0,0,3,13,3,13.1,-0.77,2,0,13,57,1,4.4,1685,7336,58,253,0,5,ModerateBurden,,Moderate,Substantial,0,74,322,1,1,-0.044,-0.65,0,0.01,0.044,211,919,1,0.99,1,4,0,0,0.18,0.04,,,0,0,0.03,,-0.02,0.01,,,0,0,1,23,0,7,1,1,1,1,,,,,,,,,,,,,,,,,,,,,,,,,,0.15,0.25,0.23,2.4,0.25,0.12,0,0.01,0.91,0.87,Uncertain
"Cayey Municipio, PR",72035,,"San Juan-Bayamón-Caguas, PR",Metropolitan,PR,2,,,,,0,0,0,0,3,7,0,0,-0.5,,0,6,14,0,0,1281,3021,0,0,0,,,,Low,Moderate,0.014,211,498,,,-0.013,-0.41,,,0.027,357,842,,,0,0,2,1,0.74,0.01,0.77,0,0.31,0,-1,1,0.02,-0.01,0,0,-0.04,-0.02,1,225,8,38,1,1,1,1,23249,0.548,17743,0.418,334,0.111,692,0.02,142,0.016,0.0106,-0.0029,0.0031,1352,0.448,351,0.116,21889,0.629,17392,0.5,6123,0.67,5480,0.6,0.07,0.43,,,,,,,,,
"DeKalb County, MO",29063,Small metro,"St. Joseph, MO-KS",Metropolitan,MO,7,12547,0.1,0.002,0,0,0,0,0,3,24,0,0,0.5,,0,2,16,0,0,1135,9046,32,255,0,8,ModerateBurden,,Substantial,Moderate,0.086,41,327,1,1,0.086,-0.18,0,0.02,0,50,399,1,0.98,,,,,,,,,,,,,,,,,,,,,,,,,,,2611,0.208,2339,0.186,1,0.001,15,0.001,2,0.001,-0.0014,-0.0014,-0.001,21,0.029,10,0.014,2590,0.249,2329,0.224,1066,0.513,978,0.471,0.07,0.14,0.17,2.4,0.12,0.03,0,0,0.41,0.47,Uncertain
"Wilbarger County, TX",48487,Micropolitan,"Vernon, TX",Micropolitan,TX,6,12769,1,0,0,0,0,0,0,3,23,0,0,-0.67,,0,9,70,0,0,1931,15123,55,431,0,5,ModerateBurden,,Moderate,Substantial,0.024,77,603,0,1,0.024,-0.54,0,0,0,166,1300,0,1,0,0,1,4,0.33,0.03,0.07,0,0,0,,,-0.12,-0.03,-0.29,0,0,0,1,28,4,7,1,1,1,1,,,,,,,,,,,,,,,,,,,,,,,,,,0.14,0.18,0.19,2.3,0.07,0.3,0.01,0.03,0.91,0.84,Uncertain
"Rush County, IN",18139,Non-core,,,IN,5,16581,,0.002,0,0,0,0,0,2,12,1,6,-0.6,,0,5,30,0,0,1752,10566,26,157,0,28,ModerateBurden,,Moderate,Moderate,0.031,141,850,1,0.97,0.023,0.36,0,0.08,0.008,104,627,1,0.89,0,0,0,0,0.23,0,,,0,0,,,-0.05,0,,,0,0,1,25,0,1,1,1,1,1,6289,0.379,5634,0.34,11,0.008,52,0.004,7,0.002,0.0007,-0.0044,-0.0006,118,0.085,62,0.045,6170,0.481,5572,0.434,2493,0.802,2390,0.769,0.12,0.17,0.19,2.4,0.01,0.02,0,0,0.26,0.53,Uncertain
"Charlotte County, VA",51037,Non-core,,,VA,3,11880,,0.001,0,0,0,0,0,2,17,0,0,-0.33,,0,3,25,0,0,875,7365,21,177,0,21,ModerateBurden,,Moderate,Moderate,0.065,54,455,1,1,0.049,-0.21,0,0,0.016,68,572,1,1,,,,,,,,,,,,,,,,,,,,,,,,,,,1137,0.096,974,0.082,1,0.001,10,0.001,2,0.001,0,-0.0006,0.0004,13,0.015,4,0.005,1124,0.12,970,0.103,529,0.197,479,0.178,0.14,0.24,0.23,2.6,0.27,0.02,0,0,0.71,0.94,Uncertain
"Newton County, MS",28101,Non-core,,,MS,4,21018,,0.007,0,0,0,0,0,2,10,1,4.8,-0.33,,0,3,14,0,0,2480,11799,63,300,0,6,LowBurden,,Moderate,High,0,21,100,1,1,-0.13,0.11,0,0,0.13,19,90,1,1,,,,,,,,,,,,,,,,,,,,,,,,,,,7597,0.361,6125,0.291,16,0.009,112,0.007,19,0.005,0,0.005,0.0036,90,0.048,39,0.021,7506,0.478,6086,0.387,3208,0.895,2766,0.772,0.11,0.26,0.17,2.6,0.31,0.02,0.05,0,0.92,0.84,Uncertain
"Switzerland County, IN",18155,Non-core,,,IN,5,10751,,0.002,0,0,0,0,0,2,19,0,0,-0.6,,0,5,47,0,0,805,7488,8,74,0,19,ModerateBurden,,Moderate,Moderate,0,19,177,1.5,0.88,0,-0.44,0.5,-0.03,0,34,316,1,0.9,,,,,,,,,,,,,,,,,,,,,,,,,,,2530,0.235,2247,0.209,4,0.004,20,0.002,5,0.003,-0.0022,-0.0044,0.0016,25,0.027,5,0.005,2505,0.309,2242,0.277,1113,0.595,1061,0.567,0.11,0.2,0.17,2.4,0.01,0.02,0,0,0.63,0.71,Uncertain
"Cocke County, TN",47029,Micropolitan,"Newport, TN",Micropolitan,TN,4,36004,1,0.005,0,0,0,0,0,2,6,0,0,-0.5,,0,4,11,0,0,4540,12610,100,278,0,22,LowBurden,,Low,Moderate,0,61,169,1,1,-0.011,-0.54,0,0.02,0.011,132,367,1,0.98,0,0,1,3,0.9,0,0.97,0,0.12,0,-1,,-0.06,-0.01,0.03,0,0.07,0,1,32,5,6,1,1,1,1,13684,0.38,11877,0.33,25,0.01,106,0.004,18,0.002,0.0012,-0.0021,-0.0019,178,0.068,72,0.028,13504,0.47,11805,0.411,5842,0.751,5384,0.693,0.11,0.25,0.22,2.5,0.02,0.03,0,0,0.69,0.71,Uncertain
"Crockett County, TN",47033,Small metro,"Jackson, TN",Metropolitan,TN,4,14230,0.08,0.002,0,0,0,0,0,2,14,0,0,1,,0,1,7,0,0,2044,14364,49,344,0,40,ModerateBurden,,Substantial,Low,0.095,36,253,1,1,0.049,-0.12,0,0,0.047,41,288,1,1,,,,,,,,,,,,,,,,,,,,,,,,,,,4681,0.329,3891,0.273,10,0.008,58,0.005,15,0.005,0.0042,0.0007,0.0018,48,0.04,20,0.017,4632,0.425,3871,0.355,2008,0.735,1742,0.637,0.13,0.19,0.19,2.7,0.14,0.11,0,0,0.78,0.95,Uncertain
"Spencer County, IN",18147,Non-core,,,IN,5,20277,,0.003,0,0,121,0.006,0,2,10,0,0,0,,0,2,10,0,0,2338,11530,31,153,0,23,LowBurden,,Moderate,Moderate,0,66,325,1,0.98,-0.03,0.08,0,0,0.03,61,301,1,0.98,,,,,,,,,,,,,,,,,,,,,,,,,,,7116,0.351,6373,0.314,22,0.014,61,0.004,4,0.001,0.0044,-0.0015,-0.002,138,0.087,62,0.039,6978,0.439,6311,0.397,2808,0.693,2679,0.661,0.05,0.09,0.2,2.5,0.01,0.03,0,0,0.09,0.38,Uncertain
"Sully County, SD",46119,Micropolitan,,,SD,8,1391,,0.002,0,0,0,0,0,2,144,0,0,,,0,0,0,0,0,145,10424,3,216,0,138,ModerateBurden,,High,Low,0.143,4,288,0,1,0.143,-0.33,0,0,0,6,431,0,1,,,,,,,,,,,,,,,,,,,,,,,,,,,322,0.231,357,0.257,,,3,0.003,,,0,0,-0.0028,10,0.092,8,0.073,312,0.285,349,0.319,93,0.256,141,0.388,0.07,0.04,0.26,2.3,0,0.02,0.03,0,0.01,0.01,Uncertain
"McCook County, SD",46087,Small metro,"Sioux Falls, SD",Metropolitan,SD,8,5586,0.021,0.006,0,0,0,0,0,2,36,0,0,,,0,0,0,0,0,811,14518,25,448,0,60,ModerateBurden,,Moderate,Low,0,29,519,0,1,-0.034,-0.24,0,0,0.034,38,680,0,1,,,,,,,,,,,,,,,,,,,,,,,,,,,1751,0.313,1874,0.335,6,0.012,12,0.003,3,0.003,0.002,0.0005,0.0019,65,0.133,20,0.041,1686,0.418,1854,0.46,398,0.377,682,0.645,0.09,0.1,0.19,2.4,0.01,0.04,0.01,0,0.22,0.3,Uncertain
"Caledonia County, VT",50005,Non-core,,,VT,1,29993,,0.048,0,0,0,0,0,2,7,0,0,-0.5,,0,4,13,0,0,1073,3578,7,23,0,56,LowBurden,,Low,Moderate,0.006,470,1567,1,0.99,-0.003,-0.43,0,0.01,0.009,824,2747,1,0.99,0,0,0,0,0.72,0,0.79,0,0.02,0,,,0.09,0,0.14,0,0.02,0,1,25,4,8,1,1,1,1,9539,0.318,8104,0.27,13,0.006,77,0.003,11,0.002,-0.0146,-0.0002,0.0005,474,0.216,172,0.078,9063,0.374,7931,0.327,3158,0.477,3024,0.457,0.05,0.12,0.22,2.4,0.01,0.02,0,0.01,0.27,0.04,Uncertain
"Grenada County, MS",28043,Micropolitan,"Grenada, MS",Micropolitan,MS,4,20758,1,0.007,0,0,0,0,0,2,10,0,0,-0.75,,0,8,39,0,0,2637,12704,87,419,0,41,LowBurden,,Moderate,Moderate,0.02,56,270,1,1,-0.036,-0.36,0,0,0.056,88,424,1,1,0,0,2,4,0.54,0.02,0.62,0,0.06,0,-1,-0.33,-0.46,0,0,0,0.04,0,1,52,6,12,1,1,1,1,7181,0.346,5788,0.279,24,0.014,131,0.008,19,0.005,0.0118,0.0045,0.0008,95,0.056,40,0.024,7086,0.447,5748,0.363,2888,0.768,2462,0.655,0.12,0.24,0.18,2.5,0.43,0.02,0,0,0.88,0.67,Uncertain
"Spink County, SD",46115,Non-core,,,SD,8,6376,,0.007,0,0,0,0,0,2,31,0,0,,,0,0,0,0,0,845,13253,26,408,0,47,ModerateBurden,,Moderate,Low,0.034,36,565,0,1,-0.014,0.2,0,0,0.049,30,471,0,1,0,0,0,0,0.17,0,0.14,0,0,0,,,0.05,0,0,0,0,0,1,19,2,2,1,1,1,1,1435,0.225,1939,0.304,3,0.005,7,0.001,1,0.001,-0.0054,-0.0065,-0.0022,35,0.063,19,0.034,1400,0.285,1920,0.391,329,0.244,815,0.603,0.07,0.09,0.21,2.4,0.01,0.03,0.02,0,0.18,0.14,Uncertain
"Roberts County, SD",46109,Non-core,,,SD,8,10394,,0.012,0,0,0,0,0,2,19,2,19.2,-0.5,,0,4,38,0,0,1378,13258,41,394,0,11,ModerateBurden,,Moderate,Moderate,0.058,53,510,0,1,0.025,-0.32,0,0,0.033,78,750,0,1,0,0,0,0,0.39,0,,,0,0,,,-0.02,0,,,0,0,1,12,0,1,1,1,1,1,3738,0.36,3941,0.379,9,0.01,22,0.003,1,0,-0.0599,-0.0031,-0.0024,195,0.216,58,0.064,3543,0.482,3883,0.528,789,0.385,1280,0.624,0.19,0.19,0.2,2.6,0.01,0.04,0.36,0,0.72,0.57,Uncertain
"Gilmer County, WV",54021,Non-core,,,WV,3,7823,,0.004,0,0,1013,0.129,0,2,26,0,0,,,0,0,0,0,0,875,11185,6,77,0,20,ModerateBurden,,Moderate,Low,0.043,110,1406,1,0.99,0.036,-0.29,0,0,0.008,156,1994,1,0.99,,,,,,,,,,,,,,,,,,,,,,,,,,,3082,0.394,2682,0.343,1,0.003,18,0.003,,,-0.059,-0.0045,-0.013,50,0.134,2,0.005,3031,0.452,2679,0.4,795,0.574,718,0.518,0.09,0.19,0.18,2.5,0.1,0.06,0,0.01,0.76,0.52,Uncertain
"Woodford County, IL",17203,Medium metro,"Peoria, IL",Metropolitan,IL,5,38459,0.096,0.003,0,0,548,0.014,0,2,5,2,5.2,-0.89,0,0,18,47,2,5.2,4805,12494,82,213,0,48,LowBurden,,Low,Moderate,0.012,350,910,0,1,-0.024,-0.39,0,0,0.036,570,1482,0,1,0,0,0,0,0.62,0,,,0,0,-1,-1,0.07,-0.04,,,0,0,1,11,0,7,1,1,1,1,17409,0.453,14223,0.37,66,0.02,186,0.006,17,0.002,-0.0086,-0.0039,-0.0032,691,0.206,357,0.106,16685,0.57,13859,0.474,6181,0.862,5409,0.754,0.04,0.07,0.19,2.6,0.01,0.02,0,0.01,0.02,0.41,Uncertain
"Mason County, WV",54053,Micropolitan,"Point Pleasant, WV-OH",Micropolitan,WV,3,26516,0.47,0.015,0,0,0,0,0,2,8,0,0,-0.82,,0,11,41,0,0,2039,7690,37,140,0,29,LowBurden,,Low,Moderate,0,164,618,1,1,-0.009,-0.7,1,0.01,0.009,544,2052,0,0.98,0,0,0,0,0.41,0,0.6,0,0.02,0,,,-0.13,-0.01,-0.17,-0.11,-0.05,0,1,45,5,6,1,1,1,1,6937,0.262,5367,0.202,22,0.011,73,0.003,9,0.002,-0.0052,-0.0032,-0.0023,190,0.098,37,0.019,6745,0.321,5329,0.253,2815,0.491,2396,0.418,0.06,0.17,0.22,2.4,0.01,0.01,0,0,0.55,0.37,Uncertain
"Oglala Lakota County, SD",46102,Non-core,,,SD,8,14177,,0.016,0,0,721,0.051,0,2,14,0,0,-0.33,,0,3,21,0,0,2119,14947,49,346,0,5,ModerateBurden,,Moderate,Moderate,0.012,181,1277,,,-0.007,-0.08,,,0.019,196,1383,,,1,4,0,0,0.74,0.02,,,0,0,,,0.02,0.02,,,0,0,1,28,0,8,1,1,1,1,6007,0.424,4918,0.347,48,0.029,76,0.008,3,0.003,-0.0156,-0.0025,0,569,0.342,282,0.169,5436,0.606,4636,0.517,797,0.757,731,0.694,0.36,0.49,0.07,5,0,0.04,0.89,0,0.99,0.89,Uncertain
"Chautauqua County, KS",20019,Non-core,,,KS,7,3250,,0.001,0,0,0,0,0,2,62,0,0,,,0,0,0,0,0,269,8277,6,185,0,97,ModerateBurden,,Substantial,Low,0,3,92,0,1,0,-0.79,-2,0,0,14,431,2,1,0,0,0,0,0.15,0,,,,,,,0.1,0,,,,,1,18,0,0,1,1,1,1,1064,0.327,989,0.304,,,1,0,,,0,-0.0027,-0.0011,5,0.022,3,0.013,1059,0.406,986,0.378,497,0.55,473,0.524,0.13,0.17,0.28,2.3,0.01,0.04,0.05,0,0.72,0.73,Uncertain
"Warren County, IL",17187,Non-core,,,IL,5,16844,,0.001,0,0,905,0.054,0,2,12,0,0,-0.88,-1,0,17,101,1,5.9,1831,10870,48,285,0,4,ModerateBurden,,Moderate,High,0.027,144,855,0,1,-0.076,-0.34,0,0,0.103,219,1300,0,1,0,0,3,14,0.17,0,,,0,0,,2,-0.07,0,,,0,0,1,21,0,4,1,1,1,1,6895,0.409,5647,0.335,18,0.015,78,0.006,7,0.002,-0.0394,-0.0039,-0.0021,219,0.18,107,0.088,6668,0.504,5540,0.419,2717,0.8,2432,0.716,0.03,0.12,0.2,2.4,0.03,0.1,0,0.02,0.61,0.59,Uncertain
"Linn County, KS",20107,Large fringe metro,"Kansas City, MO-KS",Metropolitan,KS,7,9703,0.004,0.003,0,0,0,0,0,2,21,0,0,,,0,0,0,0,0,824,8492,8,82,0,27,ModerateBurden,,High,Low,0.111,48,495,0,1,0.111,-0.24,-1,0.02,0,63,649,1,0.98,,,,,,,,,,,,,,,,,,,,,,,,,,,2666,0.275,2370,0.244,5,0.006,23,0.003,3,0.001,-0.0012,-0.0009,-0.0009,27,0.032,11,0.013,2638,0.348,2359,0.311,1260,0.563,1175,0.525,0.11,0.16,0.23,2.2,0.01,0.03,0.01,0,0.45,0.67,Uncertain
"Jackson County, KS",20085,Small metro,"Topeka, KS",Metropolitan,KS,7,13171,0.057,0.005,0,0,0,0,0,2,15,0,0,1,,0,1,8,0,0,1413,10728,16,121,0,11,ModerateBurden,,Moderate,Low,0,48,364,0,1,-0.038,-0.53,0,0,0.038,102,774,0,1,0,0,0,0,0.44,0,,,0,0,,,-0.08,0,,,0,0,1,14,0,1,1,1,1,1,6218,0.472,5557,0.422,33,0.028,48,0.005,12,0.005,-0.0306,-0.0047,0.0027,248,0.211,102,0.087,5969,0.605,5455,0.553,2045,0.8,1934,0.756,0.05,0.1,0.19,2.4,0.01,0.05,0.07,0,0.27,0.51,Uncertain
"Lawrence County, MS",28077,Non-core,,,MS,4,12586,,0.004,0,0,0,0,0,2,16,0,0,0,,0,2,16,0,0,1308,10392,24,191,0,10,ModerateBurden,,Moderate,Moderate,0,53,421,1,1,0,-0.32,0,0,0,78,620,1,1,0,0,0,0,0.55,0,,,,,,,0,0,,,,,1,25,0,0,1,1,1,1,4837,0.384,4053,0.322,10,0.009,55,0.006,7,0.003,0.0066,0.0047,0.0022,35,0.033,12,0.011,4801,0.506,4041,0.426,2147,0.937,1900,0.829,0.14,0.19,0.18,2.6,0.32,0.02,0,0,0.66,0.82,Uncertain
"Custer County, SD",46033,Small metro,,,SD,8,8972,,0.01,0,0,0,0,0,2,22,0,0,0,,0,2,22,0,0,875,9753,12,134,0,14,ModerateBurden,,Moderate,Moderate,0.029,40,446,0,1,-0.019,0.18,0,0,0.049,34,379,0,1,0,0,0,0,0.45,0.01,,,,,,,0,-0.08,,,,,1,11,0,0,1,1,1,1,2290,0.255,2757,0.307,4,0.007,38,0.005,11,0.004,-0.0147,0.0004,0.0018,50,0.092,20,0.037,2240,0.293,2737,0.358,805,0.283,1421,0.5,0.11,0.13,0.32,2.1,0.01,0.04,0.03,0.01,0.23,0.12,Uncertain
"Jackson County, CO",8057,Non-core,,,CO,8,1392,,0,0,0,0,0,0,2,144,0,0,,,0,0,0,0,0,65,4670,0,0,0,106,ModerateBurden,,High,Low,0,9,647,1,1,0,-0.18,0,0,0,11,790,1,1,,,,,,,,,,,,,,,,,,,,,,,,,,,270,0.194,274,0.197,,,11,0.009,5,0.015,-0.0139,0.0035,0.0154,4,0.056,2,0.028,266,0.23,272,0.235,63,0.194,89,0.275,0.11,0.16,0.23,2.2,0,0.13,0.01,0.01,0.11,0.15,Uncertain
"Corson County, SD",46031,Non-core,,,SD,8,4086,,0.005,0,0,0,0,0,2,49,0,0,,,0,0,0,0,0,482,11796,12,294,0,88,ModerateBurden,,High,High,0.3,20,489,0,1,0.17,-0.33,0,0,0.13,30,734,0,1,,,,,,,,,,,,,,,,,,,,,,,,,,,924,0.226,793,0.194,2,0.004,5,0.002,1,0.002,-0.0164,0.0015,0.002,18,0.037,3,0.006,906,0.35,790,0.305,274,0.559,258,0.527,0.25,0.44,0.12,3.5,0,0.05,0.62,0.01,0.84,0.93,Uncertain
"Crawford County, IN",18025,Non-core,,,IN,5,10577,,0.002,0,0,0,0,0,2,19,0,0,-0.5,-1,0,4,38,1,9.5,1022,9662,16,151,0,16,ModerateBurden,,Moderate,Moderate,0.012,82,775,1,0.96,-0.034,-0.22,0,-0.01,0.046,105,993,1,0.98,,,,,,,,,,,,,,,,,,,,,,,,,,,3064,0.29,2743,0.259,7,0.009,20,0.002,8,0.004,0.0037,-0.003,0.0014,57,0.069,31,0.038,3007,0.363,2712,0.328,1292,0.608,1226,0.577,0.07,0.15,0.2,2.7,0,0.02,0,0,0.39,0.66,Uncertain
"Stark County, IL",17175,Medium metro,"Peoria, IL",Metropolitan,IL,5,5342,0.013,0,0,0,0,0,0,2,37,0,0,1,,0,1,19,0,0,646,12093,24,449,0,45,ModerateBurden,,Moderate,Moderate,0.073,40,749,0,1,0.014,-0.32,0,0,0.059,59,1104,0,1,,,,,,,,,,,,,,,,,,,,,,,,,,,2367,0.443,1993,0.373,5,0.013,22,0.005,5,0.004,-0.0303,-0.0062,-0.0033,73,0.184,37,0.093,2287,0.545,1956,0.466,1054,0.867,918,0.755,0.07,0.16,0.23,2.4,0.01,0.02,0,0.01,0.06,0.28,Uncertain
"Doniphan County, KS",20043,Small metro,"St. Joseph, MO-KS",Metropolitan,KS,7,7600,0.061,0.003,0,0,0,0,0,2,26,0,0,-0.82,,0,11,145,0,0,1017,13382,23,303,0,3,ModerateBurden,,High,High,0.118,68,895,1,0.94,0.104,-0.38,-1,-0.06,0.013,109,1434,2,1,,,,,,,,,,,,,,,,,,,,,,,,,,,2413,0.318,2207,0.29,2,0.004,9,0.001,,,-0.0106,-0.0038,-0.0027,18,0.032,4,0.007,2394,0.398,2203,0.367,1015,0.675,971,0.646,0.1,0.15,0.2,2.3,0.03,0.03,0.01,0,0.23,0.37,Uncertain
"Brown County, KS",20013,Non-core,,,KS,7,9564,,0.003,0,0,0,0,0,2,21,1,10.5,,,0,0,0,0,0,1243,12997,39,408,0,62,ModerateBurden,,Moderate,Low,0.077,70,732,0,1,0.077,-0.39,-2,0.3,0,115,1202,2,0.7,0,0,0,0,0.63,0,,,0,0,,,0.17,0,,,0,0,1,25,0,10,1,1,1,1,4361,0.456,3937,0.412,23,0.029,22,0.003,4,0.002,-0.0127,-0.0022,-0.0015,156,0.198,69,0.088,4205,0.589,3868,0.541,1697,0.856,1610,0.812,0.08,0.14,0.21,2.4,0.01,0.05,0.08,0.01,0.27,0.2,Uncertain
"Todd County, SD",46121,Non-core,,,SD,8,10177,,0.012,0,0,0,0,0,2,20,1,9.8,-0.33,0,0,3,29,1,9.8,1236,12145,33,324,0,8,ModerateBurden,,Moderate,Moderate,0.022,84,825,0,1,-0.022,-0.05,0,0,0.045,88,865,0,1,0,0,0,0,0.62,0,,,0,0,,,-0.05,0,,,0,0,1,10,0,4,1,1,1,1,3814,0.375,2942,0.289,4,0.003,29,0.005,1,0.001,-0.0356,-0.0078,-0.0039,232,0.175,83,0.063,3580,0.603,2858,0.482,615,0.806,551,0.722,0.31,0.55,0.07,3.7,0.01,0.04,0.84,0.02,0.96,0.97,Uncertain
"Scurry County, TX",48415,Micropolitan,"Snyder, TX",Micropolitan,TX,6,16703,1,0.001,0,0,0,0,0,2,12,0,0,1,,0,1,6,0,0,2427,14530,62,371,0,53,ModerateBurden,,Moderate,Low,0.044,72,431,1,0.98,0.044,-0.57,0,0.05,0,167,1000,1,0.92,1,6,0,0,0.71,0.03,,,0,0,,,0.03,0.03,,,0,0,1,16,0,14,1,1,1,1,,,,,,,,,,,,,,,,,,,,,,,,,,0.15,0.14,0.15,2.6,0.05,0.41,0,0.01,0.7,0.81,Uncertain
"Tipton County, IN",18159,Non-core,,,IN,5,15148,,0.002,0,0,0,0,0,2,13,0,0,-0.86,-1,0,14,92,1,6.6,1654,10919,46,304,0,1,ModerateBurden,,Moderate,Substantial,0.008,152,1003,1,0.98,-0.063,0.43,0,0.3,0.071,106,700,1,0.68,0,0,0,0,0.1,0,0,0,0,0,,,-0.01,0,0,0,0,0,1,44,3,5,1,1,1,1,5419,0.358,4775,0.315,17,0.015,61,0.005,6,0.002,-0.0026,-0.0034,-0.0019,110,0.097,51,0.045,5308,0.44,4724,0.392,2225,0.687,2123,0.655,0.06,0.08,0.21,2.4,0.01,0.03,0,0.01,0.07,0.36,Uncertain
"Lafayette County, FL",12067,Non-core,,,FL,4,8422,,0,0,0,0,0,0,2,24,0,0,,,0,0,0,0,0,1625,19295,26,309,0,27,ModerateBurden,,High,Low,0.1,68,807,,,0.089,-0.01,,,0.011,69,819,,,,,,,,,,,,,,,,,,,,,,,,,,,,,2359,0.28,1974,0.234,,,24,0.004,2,0.001,-0.0044,-0.0013,-0.0021,10,0.015,4,0.006,2344,0.348,1970,0.292,1286,0.884,1143,0.786,0.18,0.2,0.17,3.4,0.12,0.14,0,0,0.98,0.96,Uncertain
"Pawnee County, KS",20145,Non-core,,,KS,7,6414,,0.002,0,0,0,0,0,2,31,1,15.6,,,0,0,0,0,0,1174,18304,14,218,0,11,ModerateBurden,,Moderate,Low,0,26,405,1.5,1,-0.048,-0.54,0.5,0.02,0.048,57,889,1,0.98,0,0,0,0,0.36,0,,,0,0,,,-0.13,0,,,0,0,1,18,0,5,1,1,1,1,2687,0.419,2470,0.385,8,0.02,29,0.005,9,0.007,-0.0175,0.0002,0.0043,31,0.077,6,0.015,2656,0.495,2464,0.459,1045,0.757,1012,0.733,0.11,0.09,0.22,2.2,0.06,0.07,0.01,0,0.29,0.38,Uncertain
"Mahaska County, IA",19123,Micropolitan,"Oskaloosa, IA",Micropolitan,IA,7,22095,1,0.007,0,0,1051,0.048,0,2,9,0,0,-0.5,,0,4,18,0,0,2320,10500,51,231,0,31,LowBurden,,Low,Moderate,0.009,117,530,0,1,-0.012,0.04,-1,0.01,0.02,113,511,1,0.99,1,4,0,0,0.64,0.03,0.14,0,0,0,0,,0.06,0.02,0.14,0,0,0,1,25,2,13,1,1,1,1,7679,0.348,7090,0.321,19,0.011,145,0.009,68,0.017,0.0028,0.003,0.0137,131,0.073,50,0.028,7547,0.449,7040,0.419,3057,0.746,2942,0.718,0.04,0.14,0.19,2.4,0.02,0.02,0,0.02,0.46,0.37,Uncertain
"Lyon County, IA",19119,Non-core,,,IA,7,11755,,0.004,0,0,0,0,0,2,17,0,0,,,0,0,0,0,0,1588,13509,41,349,0,53,ModerateBurden,,Moderate,Low,0.05,34,289,0,1,0.007,-0.54,0,0,0.043,74,630,0,1,0,0,0,0,0.12,0,,,0,0,,,0.03,-0.01,,,0,0,1,14,0,2,1,1,1,1,3920,0.333,3728,0.317,7,0.006,24,0.003,6,0.003,0,0.0002,0.0019,43,0.037,20,0.017,3877,0.459,3708,0.439,1670,0.774,1656,0.767,0.04,0.05,0.18,2.6,0,0.03,0,0,0.04,0.51,Uncertain
"Simpson County, KY",21213,Non-core,,,KY,4,18572,,0.004,0,0,0,0,0,2,11,3,16.2,-0.33,2,0,3,16,1,5.4,2130,11469,42,226,0,27,ModerateBurden,,Moderate,Moderate,0,62,334,1,0.91,0,-0.28,0,-0.09,0,86,463,1,1,0,0,0,0,0.69,0,,,0,0,,,-0.01,-0.01,,,0,0,1,25,0,9,1,1,1,1,7239,0.39,6017,0.324,23,0.015,85,0.006,15,0.005,0.0054,-0.0028,-0.0006,161,0.108,70,0.047,7078,0.5,5947,0.42,2466,0.795,2182,0.703,0.07,0.16,0.17,2.6,0.09,0.03,0,0.01,0.29,0.66,Uncertain
"Buena Vista city, VA",51530,Non-core,,,VA,3,6478,,0.001,0,0,935,0.144,0,2,31,0,0,-0.33,-1,0,3,46,1,15.4,917,14156,22,340,0,25,ModerateBurden,,Moderate,Substantial,0.02,43,664,1,1,-0.068,-0.43,0,0,0.088,76,1173,1,1,,,,,,,,,,,,,,,,,,,,,,,,,,,,,,,,,,,,,,,,,,,,,,,,,,,,0.15,0.2,0.2,2.3,0.05,0.03,0.01,0.01,0.32,0.49,Uncertain
"Wayne County, KY",21231,Non-core,,,KY,4,20333,,0.005,0,0,0,0,0,2,10,0,0,-0.5,,0,4,20,0,0,2225,10943,48,236,0,14,LowBurden,,Moderate,Moderate,0,63,310,1,0.98,-0.035,-0.3,0,-0.02,0.035,90,443,1,1,0,0,0,0,0.53,0,,,0,0,,,0.06,0,,,0,0,1,15,0,4,1,1,1,1,5910,0.291,5047,0.248,14,0.01,74,0.005,12,0.003,0.0007,-0.001,-0.0027,76,0.054,28,0.02,5834,0.36,5019,0.31,2373,0.535,2156,0.486,0.1,0.25,0.22,2.5,0.02,0.04,0,0,0.75,0.76,Uncertain
"Irion County, TX",48235,Small metro,"San Angelo, TX",Metropolitan,TX,6,1536,0.013,0,0,0,0,0,0,2,130,0,0,1,,0,1,65,0,0,130,8464,1,65,0,77,ModerateBurden,,High,Substantial,,6,391,,,,1,,,0,3,195,1,1,,,,,,,,,,,,,,,,,,,,,,,,,,,,,,,,,,,,,,,,,,,,,,,,,,,,0.14,0.15,0.21,2.4,0.01,0.26,0.01,0.01,0.2,0.43,Uncertain
"Wolfe County, KY",21237,Non-core,,,KY,4,7157,,0.002,0,0,0,0,0,2,28,0,0,-0.33,,0,3,42,0,0,537,7503,6,84,0,39,ModerateBurden,,Moderate,Moderate,0.024,69,964,0,1,0.024,-0.22,-1,0.01,0,88,1230,1,0.99,,,,,,,,,,,,,,,,,,,,,,,,,,,2827,0.395,2441,0.341,1,0.002,27,0.005,3,0.002,-0.0149,-0.0011,-0.0007,56,0.092,16,0.026,2771,0.503,2425,0.441,1020,0.717,939,0.66,0.05,0.32,0.2,2.5,0,0.01,0,0,0.86,0.96,Uncertain
"Jefferson County, FL",12065,Medium metro,"Tallahassee, FL",Metropolitan,FL,4,14246,0.037,0.001,0,0,0,0,0,2,14,0,0,-0.67,,0,6,42,0,0,1522,10684,28,197,0,7,ModerateBurden,,Moderate,Moderate,0.021,95,667,,,-0.049,-0.56,,,0.07,214,1502,,,,,,,,,,,,,,,,,,,,,,,,,,,,,7418,0.521,6049,0.425,7,0.009,55,0.005,18,,-0.0087,-0.0024,0,68,0.085,25,0.031,7350,0.618,6024,0.507,4198,0.999,3378,0.962,0.06,0.14,0.25,2,0.33,0.04,0,0.01,0.57,0.82,Uncertain
"Lee County, KY",21129,Non-core,,,KY,4,7403,,0.002,0,0,0,0,0,2,27,0,0,1,,0,1,14,0,0,1291,17439,26,351,0,12,ModerateBurden,,Moderate,Moderate,0.065,46,621,0,1,0.048,-0.37,0,0,0.016,73,986,0,1,,,,,,,,,,,,,,,,,,,,,,,,,,,2731,0.369,2372,0.32,4,0.008,128,0.021,7,0.005,-0.0414,0.0138,-0.0008,47,0.097,5,0.01,2683,0.445,2367,0.392,838,0.658,756,0.593,0.03,0.34,0.17,2.2,0.03,0.01,0,0,0.82,0.92,Uncertain
"Hill County, TX",48217,Non-core,,,TX,6,36649,,0.001,0,0,0,0,0,2,5,0,0,-0.75,-1,0,8,22,1,2.7,4531,12363,109,297,0,31,LowBurden,,Low,Moderate,0.044,158,431,0,0.98,-0.004,-0.25,0,0,0.048,211,576,0,0.99,0,0,0,0,0.64,0.03,,,0.02,0,-1,,-0.02,-0.01,,,-0.2,-0.04,1,25,0,8,1,1,1,1,,,,,,,,,,,,,,,,,,,,,,,,,,0.16,0.16,0.21,2.7,0.06,0.21,0,0.01,0.87,0.77,Uncertain
"Fredericksburg city, VA",51630,Large fringe metro,"Washington-Arlington-Alexandria, DC-VA-MD-WV",Metropolitan,VA,3,29036,0.005,0.003,0,0,3994,0.138,0,2,7,1,3.4,-0.33,,0,3,10,0,0,2139,7367,25,86,0,32,LowBurden,,Low,Moderate,0.018,230,792,1,0.96,-0.002,-0.1,0,-0.03,0.021,255,878,1,0.99,4,1,3,1,0.77,0.03,0.76,0.09,0.24,0.04,-0.76,0,0,-0.01,0.07,-0.05,0.02,-0.03,1,471,38,62,1,1,1,1,1236,0.043,1076,0.037,2,0.001,24,0.001,4,0.001,0.0011,0.0001,0.0003,17,0.01,6,0.003,1218,0.053,1069,0.047,283,0.082,235,0.068,0.11,0.14,0.12,2.4,0.23,0.11,0,0.03,0.56,0.2,Uncertain
"Galax city, VA",51640,Non-core,,,VA,3,6347,,0.001,0,0,0,0,0,2,32,0,0,-0.6,,0,5,79,0,0,1176,18528,53,835,0,47,ModerateBurden,,Moderate,High,0.032,45,709,1,0.94,-0.079,-0.38,0,-0.06,0.111,73,1150,1,1,1,1,0,0,0.24,0.02,0.33,0.13,0.01,0,0,,-0.06,-0.02,-0.11,-0.14,0.01,0,1,86,10,22,1,1,1,1,,,,,,,,,,,,,,,,,,,,,,,,,,0.15,0.25,0.19,2.3,0.06,0.16,0,0.01,0.98,0.9,Uncertain
"Piscataquis County, ME",23021,Non-core,,,ME,1,16785,,0.012,0,0,0,0,0,2,12,0,0,-0.91,,0,22,131,0,0,572,3408,6,36,0,13,ModerateBurden,,Moderate,High,0.031,161,959,0,0.97,-0.03,-0.38,0,0.02,0.06,260,1549,0,0.95,0,0,0,0,0.55,0,0.57,0,0,0,,,0.07,0,-0.29,0,0,0,2,55,2,5,1,1,1,1,8427,0.502,7490,0.446,25,0.023,165,0.012,22,0.005,0.0138,0.0031,-0.0011,276,0.254,108,0.099,8150,0.583,7381,0.528,3595,0.783,3418,0.744,0.1,0.19,0.27,2.2,0.01,0.02,0.01,0.01,0.49,0.28,Uncertain
"Norton County, KS",20137,Non-core,,,KS,7,5361,,0.002,0,0,0,0,0,2,37,0,0,1,,0,1,19,0,0,1208,22533,27,504,0,109,ModerateBurden,,Moderate,Moderate,0,8,149,1,1,0,-0.64,0,0,0,22,410,1,1,0,0,0,0,0.15,0,,,0,0,,,0.03,0,,,0,0,1,25,0,9,1,1,1,1,2083,0.389,1850,0.345,2,0.006,8,0.002,1,0.001,-0.0059,-0.0025,-0.0018,14,0.041,3,0.009,2069,0.475,1847,0.424,760,0.667,726,0.637,0.08,0.13,0.21,2.4,0.03,0.06,0,0.01,0.3,0.24,Uncertain
"Kent County, MD",24029,Non-core,,,MD,3,19422,,0.003,0,0,1346,0.069,0,2,10,0,0,1,-1,0,1,5,5,25.7,1350,6951,51,263,0,42,ModerateBurden,,Moderate,Low,0.013,185,953,1,0.97,-0.001,-0.57,0,-0.02,0.015,428,2204,1,0.99,0,0,1,11,0.85,0,0.67,0,0,0,,-0.45,-0.01,0,0,0,0,0,1,9,0,4,1,1,1,1,11166,0.575,9752,0.502,36,0.034,95,0.006,19,0.004,-0.0397,-0.0041,-0.0017,260,0.246,100,0.095,10906,0.664,9652,0.588,4862,0.924,4533,0.861,0.05,0.12,0.27,2.3,0.14,0.04,0,0.01,0.43,0.13,Uncertain
"Goliad County, TX",48175,Small metro,"Victoria, TX",Metropolitan,TX,6,7658,0.077,0,0,0,0,0,0,2,26,0,0,-0.86,,0,14,183,0,0,473,6177,13,170,0,1,ModerateBurden,,Moderate,High,0,36,470,0,1,-0.122,0.06,0,0,0.122,34,444,0,1,,,,,,,,,,,,,,,,,,,,,,,,,,,,,,,,,,,,,,,,,,,,,,,,,,,,0.11,0.17,0.24,2.8,0.04,0.36,0.01,0,0.58,0.86,Uncertain
"Somerset County, MD",24039,Medium metro,"Salisbury, MD-DE",Metropolitan,MD,3,25616,0.062,0.004,0,0,2730,0.107,0,2,8,0,0,-0.8,-1,0,10,39,2,7.8,2613,10201,40,156,0,8,LowBurden,,Low,Moderate,0.005,501,1956,1,0.99,-0.03,-0.44,0,0.01,0.036,900,3513,1,0.98,,,,,,,,,,,,,,,,,,,,,,,,,,,10155,0.396,8485,0.331,31,0.022,218,0.01,15,0.003,0.0086,0.0001,-0.0065,131,0.094,54,0.039,10024,0.471,8431,0.396,3458,0.78,3203,0.722,0.07,0.2,0.17,2.3,0.41,0.04,0,0.01,0.9,0.32,Uncertain
"Westmoreland County, VA",51193,Non-core,,,VA,3,18015,,0.002,0,0,0,0,0,2,11,0,0,-0.71,,0,7,39,0,0,1306,7250,26,144,0,47,ModerateBurden,,Moderate,Moderate,0.02,91,505,1,0.99,0.001,-0.22,0,0,0.019,117,649,1,0.99,,,,,,,,,,,,,,,,,,,,,,,,,,,2421,0.134,2113,0.117,3,0.003,17,0.001,4,0.001,0.0017,-0.0016,-0.0006,28,0.024,14,0.012,2393,0.164,2099,0.144,1059,0.229,987,0.214,0.13,0.12,0.26,2.3,0.26,0.07,0.01,0.01,0.29,0.77,Uncertain
"Lampasas County, TX",48281,Medium metro,"Killeen-Temple, TX",Metropolitan,TX,6,21428,0.047,0.001,0,0,0,0,0,2,9,0,0,0,,0,2,9,0,0,2199,10262,33,154,0,32,LowBurden,,Low,Low,0.01,296,1381,0,1,-0.008,0.27,0,0,0.018,233,1087,0,1,1,5,0,0,0.32,0,,,0,0,,,-0.06,0,,,0,0,1,20,0,6,1,1,1,1,,,,,,,,,,,,,,,,,,,,,,,,,,0.15,0.11,0.2,2.6,0.04,0.19,0.01,0.01,0.54,0.66,Uncertain
"Jasper County, IA",19099,Micropolitan,"Des Moines-West Des Moines, IA",Metropolitan,IA,7,37185,0.053,0.012,0,0,0,0,0,2,5,0,0,0,,0,2,5,0,0,4206,11311,72,194,0,21,LowBurden,,Low,Low,0.008,273,734,1,1,-0.002,-0.28,0,0.01,0.009,379,1019,1,0.99,0,0,0,0,0.25,0,0.44,0,0,0,,,-0.14,0,-0.06,0,0,0,1,26,3,6,1,1,1,1,17497,0.471,15683,0.422,46,0.016,182,0.006,8,0.001,-0.017,-0.003,-0.003,517,0.176,174,0.059,16980,0.586,15509,0.536,6020,0.83,5712,0.788,0.04,0.1,0.19,2.4,0.02,0.03,0,0.01,0.25,0.4,Uncertain
"Montague County, TX",48337,Non-core,,,TX,6,19818,,0.001,0,0,0,0,0,2,10,1,5,-0.6,,0,5,25,0,0,2110,10647,72,363,0,10,ModerateBurden,,High,Moderate,0.143,82,414,0,1,0.113,0.12,0,0,0.03,73,368,0,1,0,0,0,0,0.14,0,,,0,0,,,0.03,0,,,0,0,1,22,0,8,1,1,1,1,,,,,,,,,,,,,,,,,,,,,,,,,,0.19,0.14,0.22,2.4,0.01,0.11,0.01,0,0.58,0.58,Uncertain
"Poweshiek County, IA",19157,Non-core,,,IA,7,18504,,0.006,0,0,1679,0.091,0,2,11,0,0,-0.71,,0,7,38,0,0,1568,8474,35,189,0,4,ModerateBurden,,Moderate,Moderate,0.01,211,1140,0,1,-0.012,-0.55,-1,0,0.023,467,2524,1,1,0,0,1,3,0.47,0.02,0.3,0.07,0.21,0,-1,,0.09,0,-0.02,0.04,-0.14,0,1,39,8,10,1,1,1,1,8990,0.486,8258,0.446,72,0.057,70,0.005,10,0.003,0.0471,-0.003,0,315,0.247,152,0.119,8675,0.583,8106,0.545,3202,0.81,3084,0.78,0.06,0.1,0.21,2.2,0.02,0.03,0,0.02,0.15,0.07,Uncertain
"Prince Edward County, VA",51147,Non-core,,,VA,3,22802,,0.003,0,0,4999,0.219,0,2,9,1,4.4,-0.5,,0,4,18,0,0,2180,9561,35,153,0,40,LowBurden,,Low,Moderate,0.042,138,605,1,0.85,-0.022,-0.2,0,-0.12,0.063,172,754,1,0.97,0,0,0,0,0.48,0,0.48,0,0.04,0,,-1,-0.01,0,-0.04,0,0.03,0,1,79,8,16,1,1,1,1,613,0.027,492,0.022,,,3,0,,,0,-0.0002,0,5,0.004,2,0.002,608,0.032,490,0.026,261,0.067,226,0.058,0.09,0.2,0.17,2.5,0.32,0.03,0,0.01,0.73,0.41,Uncertain
"San Augustine County, TX",48405,Non-core,,,TX,6,8237,,0,0,0,0,0,0,2,24,0,0,,,0,0,0,0,0,580,7041,32,388,0,44,ModerateBurden,,Moderate,Low,0.02,50,607,0,1,0,0.04,-1,0,0.021,48,583,1,1,0,0,0,0,0.26,0,,,0,0,,,0.24,0,,,0,0,1,13,0,4,1,1,1,1,,,,,,,,,,,,,,,,,,,,,,,,,,0.15,0.24,0.27,2.4,0.21,0.08,0,0,0.89,0.86,Uncertain
"Wabaunsee County, KS",20197,Small metro,"Topeka, KS",Metropolitan,KS,7,6931,0.03,0.002,0,0,0,0,0,2,29,0,0,,,0,0,0,0,0,687,9912,13,188,0,32,ModerateBurden,,High,Low,0.105,22,317,1,1,0.105,-0.37,1,0,0,35,505,0,1,,,,,,,,,,,,,,,,,,,,,,,,,,,2502,0.361,2268,0.327,4,0.007,20,0.004,1,0.001,-0.0035,-0.0013,-0.0007,36,0.064,20,0.035,2466,0.462,2248,0.421,1060,0.731,1024,0.706,0.06,0.06,0.21,2.5,0.01,0.05,0.01,0,0.05,0.22,Uncertain
"Red River County, TX",48387,Non-core,,,TX,6,12023,,0,0,0,0,0,0,2,17,1,8.3,1,,0,1,8,0,0,701,5830,38,316,0,30,ModerateBurden,,Moderate,Low,0.059,27,225,0,1,0.059,-0.39,-1,0,0,44,366,1,1,,,,,,,,,,,,,,,,,,,,,,,,,,,,,,,,,,,,,,,,,,,,,,,,,,,,0.15,0.18,0.25,2.4,0.16,0.07,0.01,0,0.56,0.82,Uncertain
"New Kent County, VA",51127,Large fringe metro,"Richmond, VA",Metropolitan,VA,3,23091,0.018,0.003,0,0,0,0,0,2,9,0,0,-0.75,,0,8,35,0,0,1515,6561,18,78,0,66,LowBurden,,Low,Moderate,0.022,151,654,1,0.99,0.003,-0.12,0,-0.01,0.02,172,745,1,1,0,0,0,0,0.73,0,,,,,,,0.01,0,,,,,1,110,0,0,1,1,1,1,4883,0.211,4250,0.184,32,0.02,45,0.002,5,0.001,0.0086,-0.0015,-0.0012,140,0.086,51,0.031,4739,0.256,4199,0.227,1696,0.415,1577,0.386,0.06,0.05,0.18,2.6,0.14,0.04,0.01,0.01,0.01,0.02,Uncertain
"Oldham County, TX",48359,Medium metro,"Amarillo, TX",Metropolitan,TX,6,2112,0.008,0,0,0,0,0,0,2,95,0,0,,,0,0,0,0,0,287,13589,4,189,0,11,ModerateBurden,,Substantial,Low,0,4,189,0.5,1,0,-0.2,0.5,0,0,5,237,0,1,,,,,,,,,,,,,,,,,,,,,,,,,,,,,,,,,,,,,,,,,,,,,,,,,,,,0.11,0.12,0.15,2.8,0.03,0.17,0.01,0.01,0.43,0.87,Uncertain
"Elliott County, KY",21063,Non-core,,,KY,4,7517,,0.002,0,0,0,0,0,2,27,0,0,0,,0,2,27,0,0,968,12877,2,27,0,40,ModerateBurden,,Moderate,Moderate,0.018,53,705,1,1,-0.049,-0.33,0,0.31,0.068,79,1051,1,0.69,,,,,,,,,,,,,,,,,,,,,,,,,,,1944,0.259,1722,0.229,1,0.002,31,0.005,,,-0.0108,0.0032,-0.0007,20,0.043,5,0.011,1924,0.311,1717,0.278,608,0.397,558,0.365,0.05,0.3,0.2,2.4,0.04,0.01,0,0,0.72,0.89,Uncertain
"Lunenburg County, VA",51111,Non-core,,,VA,3,12196,,0.001,0,0,0,0,0,2,16,0,0,-0.5,,0,4,33,0,0,782,6412,14,115,0,11,ModerateBurden,,Moderate,Substantial,0,55,451,1,0.95,-0.097,-0.13,0.5,-0.05,0.097,63,517,0.5,1,,,,,,,,,,,,,,,,,,,,,,,,,,,3801,0.312,3323,0.272,23,0.029,45,0.005,10,0.004,0.0075,-0.0023,-0.0018,66,0.082,16,0.02,3732,0.377,3306,0.334,1590,0.574,1460,0.527,0.13,0.18,0.23,2.6,0.33,0.05,0,0,0.86,0.96,Uncertain
"Lavaca County, TX",48285,Non-core,,,TX,6,20154,,0.001,0,0,0,0,0,2,10,0,0,-0.8,,0,10,50,0,0,2517,12489,76,377,0,10,LowBurden,,Moderate,Substantial,0.03,115,571,0,1,0.001,-0.34,0,0,0.029,174,863,0,1,0,0,0,0,0.2,0,,,0,0,,,0.08,0,,,0,0,1,41,0,7,1,1,1,1,,,,,,,,,,,,,,,,,,,,,,,,,,0.11,0.12,0.24,2.5,0.06,0.2,0,0,0.69,0.76,Uncertain
"Republic County, KS",20157,Non-core,,,KS,7,4636,,0.002,0,0,0,0,0,2,43,0,0,-0.67,,0,6,129,0,0,671,14474,13,280,0,0,ModerateBurden,,Moderate,High,0,3,65,0,1,0,-0.57,-1,0,0,7,151,1,1,0,0,0,0,0.62,0,,,0,0,,,-0.01,0,,,0,0,1,15,0,1,1,1,1,1,1912,0.412,1799,0.388,1,0.003,10,0.003,4,0.003,-0.0183,-0.0036,-0.0008,19,0.058,8,0.024,1893,0.521,1791,0.493,924,0.717,898,0.697,0.04,0.11,0.28,2,0.01,0.02,0,0.01,0.06,0.15,Uncertain
"Walker County, TX",48471,Micropolitan,"Huntsville, TX",Micropolitan,TX,6,72971,1,0.003,0,1,15745,0.216,0,2,3,0,0,,-1,0,0,0,1,1.4,8792,12049,131,180,0,8,LowBurden,,Low,Low,0.016,928,1272,1,1,-0.012,-0.41,1,0,0.028,1574,2157,0,1,0,0,0,0,0.89,0.1,0.95,0.17,0.19,0.01,,,0.11,0.05,0.02,0.07,0.03,0.01,1,63,6,31,1,1,1,1,,,,,,,,,,,,,,,,,,,,,,,,,,0.13,0.24,0.14,2.5,0.23,0.18,0,0.01,0.7,0.58,Uncertain
"Martin County, TX",48317,Small metro,"Midland, TX",Metropolitan,TX,6,5771,0.032,0,0,0,0,0,0,2,35,0,0,-0.33,,0,3,52,0,0,639,11073,19,329,0,46,ModerateBurden,,Moderate,High,,2,35,,,,-0.75,,,0.333,8,139,0,1,0,0,0,0,0.51,0,,,0,0,,,0.04,0,,,0,0,1,12,0,5,1,1,1,1,,,,,,,,,,,,,,,,,,,,,,,,,,0.13,0.11,0.11,3.4,0.02,0.48,0,0,0.42,0.64,Uncertain
"Marion County, TX",48315,Non-core,,,TX,6,9854,,0,0,0,0,0,0,2,20,0,0,,,0,0,0,0,0,544,5521,33,335,0,35,ModerateBurden,,High,Low,0.1,25,254,0,1,0.07,0.09,-1,0.03,0.03,23,233,1,0.97,,,,,,,,,,,,,,,,,,,,,,,,,,,,,,,,,,,,,,,,,,,,,,,,,,,,0.12,0.21,0.27,2.2,0.21,0.05,0.01,0.01,0.69,0.76,Uncertain
"Madison County, TX",48313,Non-core,,,TX,6,14284,,0,0,0,0,0,0,2,14,1,7,0,,0,2,14,0,0,1983,13883,30,210,0,7,ModerateBurden,,Moderate,Moderate,0.041,82,574,1,1,0.019,-0.76,1,0.01,0.022,346,2422,0,0.99,0,0,0,0,0.24,0,,,0,0,,,-0.05,0,,,0,0,1,31,0,1,1,1,1,1,,,,,,,,,,,,,,,,,,,,,,,,,,0.14,0.14,0.16,2.5,0.19,0.24,0,0.01,0.84,0.74,Uncertain
"Monroe County, IA",19135,Non-core,,,IA,7,7707,,0.002,0,0,0,0,0,2,26,0,0,0,,0,2,26,0,0,960,12456,29,376,0,42,ModerateBurden,,Moderate,Moderate,0.038,56,727,0,1,0.003,-0.07,0,0,0.034,60,779,0,1,1,10,0,0,0.34,0.07,,,0,0,0,,-0.27,-0.03,,,0,0,1,10,0,3,1,1,1,1,2936,0.381,2713,0.352,4,0.006,21,0.004,1,0.001,-0.0269,0,-0.0026,72,0.108,26,0.039,2864,0.482,2687,0.453,1240,0.793,1200,0.767,0.07,0.12,0.2,2.3,0.01,0.03,0,0,0.25,0.53,Uncertain
"Ward County, TX",48475,Non-core,,,TX,6,11998,,0,0,0,0,0,0,2,17,0,0,-0.71,,0,7,58,0,0,1208,10068,24,200,0,2,ModerateBurden,,Moderate,High,0,11,92,0,1,-0.3,0.22,0,0.22,0.3,9,75,0,0.78,0,0,0,0,0.24,0,,,0,0,,,0,0,,,0,0,1,105,0,7,1,1,1,1,,,,,,,,,,,,,,,,,,,,,,,,,,0.18,0.13,0.14,2.9,0.04,0.55,0.01,0,0.65,0.87,Uncertain
"Monona County, IA",19133,Non-core,,,IA,7,8615,,0.003,0,0,0,0,0,2,23,0,0,,,0,0,0,0,0,829,9623,31,360,0,42,ModerateBurden,,Moderate,Low,0,24,279,1,0.96,-0.033,-0.23,0,-0.01,0.033,31,360,1,0.97,0,0,0,0,0.95,0.03,0,0,0,0,-1,,0.37,0.01,0,0,0,0,1,10,1,2,1,1,1,1,3863,0.448,3621,0.42,7,0.01,17,0.003,6,0.003,-0.0398,-0.0034,-0.0028,69,0.098,20,0.028,3794,0.565,3601,0.536,1745,0.82,1669,0.784,0.06,0.16,0.25,2.1,0.01,0.02,0.01,0,0.18,0.57,Uncertain
"Winkler County, TX",48495,Non-core,,,TX,6,8010,,0,0,0,0,0,0,2,25,0,0,1,,0,1,12,0,0,772,9638,21,262,0,72,ModerateBurden,,High,High,0.125,5,62,1,1,-0.075,-0.17,1,0.33,0.2,6,75,0,0.67,0,0,0,0,0.14,0.08,,,0,0,,-1,-0.15,0.03,,,0,0,1,13,0,3,1,1,1,1,,,,,,,,,,,,,,,,,,,,,,,,,,0.22,0.17,0.12,3,0.02,0.62,0.01,0.01,0.65,0.83,Uncertain
"Nemaha County, KS",20131,Non-core,,,KS,7,10231,,0.004,0,0,0,0,0,2,20,0,0,,,0,0,0,0,0,1518,14837,55,538,0,29,ModerateBurden,,Moderate,Low,0,67,655,0,1,-0.009,-0.59,-1,0,0.009,163,1593,1,1,0,0,0,0,0.24,0,,,0,0,,,-0.08,0,,,0,0,2,31,0,7,1,1,1,1,4194,0.41,3912,0.382,5,0.006,22,0.003,3,0.001,-0.0149,-0.002,0.0005,58,0.067,16,0.018,4136,0.554,3896,0.522,1673,0.817,1632,0.797,0.05,0.1,0.2,2.4,0.01,0.02,0,0,0.1,0.12,Uncertain
"Calhoun County, MS",28013,Non-core,,,MS,4,14361,,0.005,0,0,0,0,0,2,14,0,0,-0.78,,0,9,63,0,0,1734,12074,32,223,0,37,ModerateBurden,,Moderate,Substantial,0.036,48,334,0,1,0.036,-0.37,0,0,0,76,529,0,1,0,0,0,0,0.41,0.06,,,0,0,,,-0.04,0.02,,,0,0,1,30,0,1,1,1,1,1,3816,0.266,3171,0.221,3,0.002,71,0.006,7,0.003,0.0024,0.0031,-0.0007,15,0.012,9,0.007,3801,0.345,3162,0.287,1783,0.637,1560,0.558,0.12,0.25,0.19,2.5,0.28,0.06,0,0,0.96,0.91,Uncertain
"Cedar County, IA",19031,Non-core,,,IA,7,18627,,0.006,0,0,0,0,0,2,11,0,0,0,,0,2,11,0,0,1915,10281,23,123,0,34,ModerateBurden,,Moderate,Moderate,0.019,111,596,0,1,-0.009,-0.01,0,0,0.028,112,601,0,1,,,,,,,,,,,,,,,,,,,,,,,,,,,9243,0.496,8498,0.456,28,0.018,61,0.004,4,0.001,-0.0033,-0.0011,-0.0008,363,0.237,164,0.107,8879,0.611,8333,0.573,3244,0.856,3156,0.833,0.02,0.06,0.2,2.4,0.01,0.02,0,0.01,0.01,0.22,Uncertain
"Cottonwood County, MN",27033,Non-core,,,MN,5,11196,,0.002,0,0,0,0,0,2,18,1,8.9,-0.6,,0,5,45,0,0,1672,14934,24,214,0,44,ModerateBurden,,Moderate,Moderate,0,126,1125,0,1,-0.036,-0.3,0,0,0.036,181,1617,0,1,0,0,0,0,0.15,0,,,0,0,,,0.01,0,,,0,0,2,26,0,3,1,1,1,1,5150,0.46,4582,0.409,16,0.017,28,0.003,4,0.002,-0.0021,-0.0032,-0.0008,152,0.162,84,0.089,4991,0.591,4496,0.533,2112,0.815,2004,0.774,0.05,0.12,0.23,2.3,0.01,0.08,0,0.04,0.47,0.34,Uncertain
"Faribault County, MN",27043,Non-core,,,MN,5,13653,,0.002,0,0,0,0,0,2,15,0,0,-0.33,,0,3,22,0,0,1538,11265,19,139,0,38,ModerateBurden,,Moderate,Moderate,0.007,1008,7383,1,0.99,0.003,0.04,0,0,0.004,973,7127,1,1,0,0,0,0,0.52,0,0,0,0,0,,,-0.17,-0.02,0,0,0,0,1,12,4,4,1,1,1,1,6401,0.469,5554,0.407,19,0.017,71,0.007,9,0.003,0.01,-0.0006,0.0006,198,0.18,64,0.058,6198,0.582,5489,0.515,2801,0.882,2667,0.84,0.05,0.12,0.23,2.2,0.01,0.07,0,0,0.16,0.09,Uncertain
"Jackson County, MN",27063,Non-core,,,MN,5,9846,,0.002,0,0,0,0,0,2,20,0,0,1,,0,1,10,0,0,1226,12452,12,122,0,51,ModerateBurden,,Moderate,High,0.065,54,548,0,0.91,-0.036,-0.26,0,-0.09,0.101,73,741,0,1,0,0,0,0,0.1,0,,,,,,,0.02,0,,,,,1,20,0,0,1,1,1,1,4003,0.407,3592,0.365,10,0.013,15,0.002,2,0.001,0.0013,-0.0009,-0.0013,82,0.107,39,0.051,3916,0.506,3549,0.458,1637,0.72,1552,0.682,0.03,0.08,0.23,2.3,0.01,0.04,0,0.02,0.03,0.19,Uncertain
"Northwest Arctic Borough, AK",2188,Non-core,,,AK,10,7621,,0.01,0,0,0,0,0,2,26,0,0,,,0,0,0,0,0,623,8175,2,26,0,29,ModerateBurden,,Moderate,Low,0.005,668,8765,0,1,0.004,0.02,0,0,0.001,657,8621,0,1,0,0,0,0,0.17,0,,,0,0,,,-0.01,0,,,0,0,1,39,0,8,1,1,1,1,3364,0.441,2960,0.388,16,0.02,18,0.004,3,0.005,-0.0557,-0.0041,0,301,0.381,148,0.187,3041,0.625,2812,0.578,453,0.813,436,0.783,0.28,0.25,0.07,4,0.01,0.04,0.78,0.01,0.94,0.7,Uncertain
"Mitchell County, KS",20123,Non-core,,,KS,7,5979,,0.002,0,0,0,0,0,2,33,0,0,0,,0,2,33,0,0,566,9466,18,301,0,140,ModerateBurden,,Moderate,Moderate,0,13,217,0,1,-0.067,-0.41,0,0,0.067,22,368,0,1,0,0,0,0,0.61,0,0.57,0,0,0,,,0.01,0,0.39,0,0,0,1,33,4,6,1,1,1,1,2614,0.437,2404,0.402,8,0.018,9,0.002,2,0.001,0.0045,-0.0009,-0.0007,49,0.111,23,0.052,2565,0.555,2381,0.515,1120,0.776,1039,0.72,0.08,0.16,0.24,2.3,0,0.03,0,0.01,0.28,0.22,Uncertain
"Lake of the Woods County, MN",27077,Non-core,,,MN,5,3740,,0.001,0,0,0,0,0,2,53,0,0,-0.33,,0,3,80,0,0,345,9225,3,80,0,9,ModerateBurden,,Substantial,High,0.01,50,1337,1,1,-0.107,-0.26,1,0,0.117,68,1818,0,1,1,12,1,12,0.25,0,,,,,,,-0.02,0,,,,,1,8,0,0,1,1,1,1,1770,0.473,1558,0.417,3,0.012,11,0.004,1,0.001,-0.0558,-0.0026,-0.0011,38,0.151,17,0.068,1729,0.568,1541,0.506,800,0.843,747,0.787,0.04,0.09,0.25,2.4,0.01,0.02,0.01,0.02,0.16,0.12,Uncertain
"Polk County, TN",47139,Small metro,"Cleveland, TN",Metropolitan,TN,4,16832,0.135,0.002,0,0,0,0,0,2,12,0,0,-0.6,,0,5,30,0,0,2109,12530,25,149,0,32,ModerateBurden,,High,Moderate,0.115,56,333,1,1,0.07,-0.55,1,0.01,0.045,125,743,0,0.99,,,,,,,,,,,,,,,,,,,,,,,,,,,5305,0.315,4670,0.277,1,0.001,38,0.003,8,0.002,-0.0059,-0.0016,-0.0008,34,0.029,13,0.011,5270,0.387,4657,0.342,2444,0.669,2262,0.62,0.11,0.16,0.22,2.3,0.01,0.02,0,0,0.49,0.67,Uncertain
"Overton County, TN",47133,Micropolitan,"Cookeville, TN",Micropolitan,TN,4,22241,0.195,0.003,0,0,0,0,0,2,9,0,0,0,,0,2,9,0,0,3034,13641,61,274,0,38,LowBurden,,Moderate,Low,0.059,46,207,1,1,0.027,-0.19,0,0,0.032,57,256,1,1,2,3,0,0,0.24,0,0.1,0.05,0,0,1,,-0.05,0,-0.4,0.02,0,0,1,77,6,4,1,1,1,1,5926,0.266,5199,0.234,3,0.002,32,0.002,11,0.002,-0.004,-0.0009,0.0002,53,0.03,21,0.012,5873,0.335,5178,0.296,2816,0.613,2630,0.572,0.09,0.17,0.21,2.4,0.01,0.02,0,0,0.46,0.4,Uncertain
"McLeod County, MN",27085,Micropolitan,"Hutchinson, MN",Micropolitan,MN,5,35893,1,0.006,0,0,0,0,0,2,6,0,0,-0.67,-1,0,6,17,1,2.8,4283,11933,61,170,0,42,LowBurden,,Low,Moderate,0.019,669,1864,0,0.96,0.002,-0.35,0,-0.03,0.017,1022,2847,0,1,0,0,1,2,0.35,0.02,0.01,0,0,0,-1,0,-0.09,-0.01,-0.09,0,-0.01,0,2,51,10,13,1,1,1,1,16918,0.471,14328,0.399,21,0.007,116,0.004,27,0.004,-0.0163,-0.0039,-0.0012,576,0.192,285,0.095,16321,0.589,14042,0.507,6080,0.885,5429,0.79,0.05,0.09,0.19,2.4,0.01,0.07,0,0.01,0.13,0.08,Uncertain
"White County, TN",47185,Non-core,,,TN,4,27345,,0.004,0,0,0,0,0,2,7,0,0,0,-1,0,2,7,3,11,3709,13564,74,271,0,19,LowBurden,,Low,Moderate,0,55,201,1,1,-0.078,-0.63,0,0.02,0.078,148,541,1,0.98,0,0,1,4,0.45,0,0,0,0,0,,0,0.04,0,0,0,0,0,1,25,4,2,1,1,1,1,8659,0.317,7370,0.27,8,0.004,43,0.002,6,0.001,0.0029,-0.003,-0.0023,108,0.052,41,0.02,8549,0.4,7329,0.343,4150,0.739,3742,0.666,0.11,0.17,0.21,2.6,0.02,0.03,0,0,0.6,0.51,Uncertain
"Pipestone County, MN",27117,Non-core,,,MN,5,9126,,0.002,0,0,0,0,0,2,22,0,0,,,0,0,0,0,0,1165,12766,26,285,0,34,ModerateBurden,,Moderate,Low,0.078,65,712,0,1,0.064,-0.39,0,0,0.014,106,1162,0,1,0,0,0,0,0.61,0,0,0,0,0,,,0.21,0,0,0,0,0,1,8,1,4,1,1,1,1,3990,0.437,3618,0.396,17,0.021,31,0.005,8,0.004,0.0126,-0.0015,-0.0005,88,0.111,41,0.052,3898,0.578,3576,0.53,1693,0.894,1646,0.869,0.06,0.11,0.21,2.2,0.01,0.08,0.02,0.01,0.46,0.22,Uncertain
"Greensville County, VA",51081,Non-core,,,VA,3,11336,,0.001,0,0,0,0,0,2,18,0,0,-0.5,,0,4,35,0,0,1588,14008,25,221,0,59,ModerateBurden,,Moderate,Moderate,0.031,377,3326,1,1,0.029,-0.54,0,0,0.001,827,7295,1,1,,,,,,,,,,,,,,,,,,,,,,,,,,,537,0.047,413,0.036,5,0.008,5,0.001,,,0.0076,-0.0001,0,13,0.02,4,0.006,524,0.055,409,0.043,201,0.116,170,0.098,0.12,0.17,0.15,2.3,0.6,0.03,0,0.01,0.81,0.98,Uncertain
"Sitka City and Borough, AK",2220,Non-core,,,AK,10,8493,,0.012,0,0,0,0,0,2,24,0,0,-0.6,,0,5,59,0,0,372,4380,1,12,0,4,ModerateBurden,,Moderate,Substantial,0,142,1672,1,0.93,-0.009,-0.39,0,-0.04,0.009,233,2743,1,0.98,1,4,0,0,0.5,0.02,0,0,0,0,0,,-0.11,0.01,-0.43,0,0,0,1,25,2,8,1,1,1,1,5301,0.624,4974,0.586,22,0.036,47,0.007,6,0.004,-0.0033,0.0021,0.0044,287,0.47,189,0.309,5007,0.743,4782,0.709,1153,0.845,1155,0.847,0.18,0.08,0.16,2.4,0.01,0.07,0.14,0.07,0.4,0.19,Uncertain
"Allamakee County, IA",19005,Non-core,,,IA,7,13687,,0.004,0,0,0,0,0,2,15,1,7.3,1,,0,1,7,0,0,1524,11135,52,380,0,19,ModerateBurden,,Moderate,Low,0.035,99,723,0,0.94,0.026,-0.21,0,-0.06,0.009,125,913,0,1,0,0,0,0,0.58,0,,,0,0,,,0.15,0,,,0,0,1,20,0,1,1,1,1,1,5994,0.438,5535,0.404,3,0.003,49,0.005,2,0.001,-0.0181,0.0004,-0.0012,73,0.07,29,0.028,5921,0.565,5506,0.526,2580,0.803,2452,0.763,0.08,0.09,0.23,2.3,0.02,0.07,0,0,0.32,0.34,Uncertain
"Anderson County, KS",20003,Non-core,,,KS,7,7858,,0.003,0,0,0,0,0,2,25,0,0,-0.5,,0,4,51,0,0,844,10741,18,229,0,0,ModerateBurden,,Moderate,High,0,22,280,0,0.88,-0.206,-0.55,0,-0.12,0.206,49,624,0,1,0,0,0,0,0.43,0,,,0,0,-1,,-0.17,0,,,0,0,1,12,0,1,1,1,1,1,2557,0.325,2317,0.295,3,0.004,12,0.002,2,0.001,0.0043,-0.0027,-0.0012,18,0.026,5,0.007,2539,0.435,2312,0.396,1133,0.672,1071,0.635,0.09,0.14,0.21,2.5,0.01,0.02,0.01,0.01,0.23,0.61,Uncertain
"Haywood County, TN",47075,Non-core,"Brownsville, TN",Micropolitan,TN,4,17304,1,0.003,0,0,0,0,0,2,12,0,0,,,0,0,0,0,0,2713,15678,62,358,0,27,ModerateBurden,,Moderate,Low,0,37,214,1,0.93,0,-0.24,0,-0.05,0,49,283,1,0.98,,,,,,,,,,,,,,,,,,,,,,,,,,,6198,0.358,4915,0.284,8,0.006,71,0.005,12,0.004,-0.0044,-0.0004,0.0003,65,0.047,11,0.008,6131,0.456,4904,0.364,2498,0.731,2153,0.63,0.1,0.2,0.2,2.5,0.5,0.04,0,0,0.87,0.96,Uncertain
"Yellow Medicine County, MN",27173,Non-core,,,MN,5,9709,,0.002,0,0,0,0,0,2,21,0,0,,,0,0,0,0,0,1148,11824,20,206,0,50,ModerateBurden,,Moderate,Low,0.034,73,752,0,1,0.034,-0.43,0,0,0,127,1308,0,1,1,3,0,0,0.32,0.01,,,0,0,0,,0.08,0,,,0,0,2,31,0,2,1,1,1,1,4740,0.488,4134,0.426,6,0.007,36,0.005,9,0.004,-0.0161,0.0015,0.004,126,0.157,65,0.081,4607,0.617,4069,0.545,1932,0.956,1813,0.898,0.06,0.13,0.21,2.3,0.01,0.05,0.03,0.01,0.33,0.2,Uncertain
"Benton County, MS",28009,Large fringe metro,,,MS,4,8259,,0.003,0,0,0,0,0,2,24,0,0,-0.33,,0,3,36,0,0,1022,12374,25,303,0,10,ModerateBurden,,Moderate,Moderate,0.02,39,472,0,1,-0.006,-0.32,0,0,0.026,57,690,0,1,,,,,,,,,,,,,,,,,,,,,,,,,,,2664,0.323,2134,0.258,6,0.01,54,0.008,5,0.003,0.0079,0.0037,0,16,0.025,5,0.008,2647,0.407,2129,0.328,1071,0.684,943,0.602,0.16,0.23,0.19,2.7,0.35,0.03,0,0,0.66,0.91,Uncertain
"Chippewa County, MN",27023,Non-core,,,MN,5,11800,,0.002,0,0,0,0,0,2,17,0,0,0,,0,2,17,0,0,1538,13034,38,322,0,33,ModerateBurden,,Moderate,Moderate,0.027,165,1398,0,0.99,0.018,-0.57,0,0,0.008,387,3280,0,0.99,0,0,0,0,0.24,0,0,0,0,0,,,-0.05,0,-0.05,0,0,0,1,25,3,5,1,1,1,1,5096,0.432,4343,0.368,5,0.006,27,0.003,3,0.001,-0.0077,-0.0002,0.0004,124,0.137,56,0.062,4968,0.555,4287,0.479,2111,0.822,1980,0.771,0.08,0.1,0.22,2.3,0.01,0.08,0.01,0.01,0.35,0.23,Uncertain
"Brown County, MN",27015,Micropolitan,"New Ulm, MN",Micropolitan,MN,5,25008,1,0.004,0,0,752,0.03,0,2,8,0,0,-0.67,,0,6,24,0,0,3077,12304,40,160,0,54,LowBurden,,Low,Moderate,0.012,246,984,0,0.98,-0.015,-0.42,0,-0.02,0.027,424,1695,0,1,0,0,1,2,0.43,0,1,0,0,0,-1,,0.02,-0.01,,,0,0,2,49,0,13,1,1,1,1,13576,0.543,12385,0.495,49,0.026,89,0.005,14,0.003,-0.0026,0,0.0007,392,0.207,182,0.096,13171,0.674,12199,0.624,5291,0.992,5080,0.952,0.04,0.08,0.21,2.2,0,0.05,0,0.01,0.13,0.09,Uncertain
"Denali Borough, AK",2068,Non-core,,,AK,10,2097,,0.003,0,0,0,0,0,2,95,0,0,,,0,0,0,0,0,112,5341,0,0,0,12,ModerateBurden,,Substantial,Low,0.021,91,4340,0,1,0.011,-0.25,0,0,0.011,121,5770,0,1,,,,,,,,,,,,,,,,,,,,,,,,,,,940,0.448,820,0.391,5,0.041,22,0.013,,,0.0325,0.0112,0,44,0.358,27,0.22,895,0.527,792,0.466,174,0.731,169,0.71,0.19,0.17,0.11,2.3,0.02,0.04,0.05,0.05,0.1,0.04,Uncertain
"Rio Blanco County, CO",8103,Non-core,,,CO,8,6324,,0.001,0,0,0,0,0,2,32,0,0,-0.6,,0,5,79,0,0,587,9282,4,63,0,28,ModerateBurden,,Moderate,Substantial,0.005,212,3352,2,1,-0.012,0.29,0,0.01,0.017,164,2593,2,0.99,1,3,0,0,0.6,0.03,,,0,0,-0.67,,0.1,0,,,0,0,2,34,0,6,1,1,1,1,813,0.129,837,0.132,7,0.013,17,0.004,3,0.003,-0.0167,-0.0031,0.0029,35,0.065,6,0.011,778,0.163,831,0.174,145,0.14,277,0.268,0.08,0.11,0.16,2.5,0.01,0.11,0.01,0.01,0.34,0.1,Uncertain
"Floyd County, TX",48153,Non-core,,,TX,6,5712,,0,0,0,0,0,0,2,35,0,0,1,,0,1,18,0,0,888,15546,30,525,0,8,ModerateBurden,,Moderate,Moderate,0,39,683,0,0.94,0,0.22,0,-0.06,0,32,560,0,1,0,0,0,0,0.16,0,,,0,0,,,-0.29,0,,,0,0,1,8,0,1,1,1,1,1,,,,,,,,,,,,,,,,,,,,,,,,,,0.22,0.19,0.19,2.5,0.03,0.59,0,0,0.83,0.93,Uncertain
"Yoakum County, TX",48501,Non-core,,,TX,6,8713,,0,0,0,0,0,0,2,23,0,0,1,,0,1,11,0,0,876,10054,27,310,0,126,ModerateBurden,,Moderate,Moderate,0,8,92,0,1,0,-0.43,0,0,0,14,161,0,1,0,0,0,0,0.11,0,,,0,0,,,-0.01,0,,,0,0,1,42,0,9,1,1,1,1,,,,,,,,,,,,,,,,,,,,,,,,,,0.22,0.09,0.12,3.2,0.01,0.68,0,0,0.49,0.61,Uncertain
"Summit County, CO",8117,Micropolitan,"Breckenridge, CO",Micropolitan,CO,8,31011,1,0.005,0,0,0,0,0,2,6,0,0,-0.82,,0,11,35,0,0,3737,12051,8,26,0,4,LowBurden,,Low,Moderate,0.006,297,958,1,0.99,-0.045,-0.25,0,-0.01,0.051,395,1274,1,1,9,4,1,0,0.82,0.07,0.74,0.11,0,0,0.13,-0.67,0,0.01,-0.04,-0.02,0,0,1,237,61,3,1,1,1,1,17932,0.578,15481,0.499,62,0.037,254,0.01,9,0.002,0.0103,0.0011,-0.0007,980,0.591,517,0.312,16878,0.65,14944,0.575,1208,0.273,1559,0.352,0.19,0.1,0.14,3.1,0.01,0.15,0,0.01,0.07,0.05,Uncertain
"Dawson County, TX",48115,Micropolitan,"Lamesa, TX",Micropolitan,TX,6,12728,1,0,0,0,0,0,0,2,16,0,0,1,,0,1,8,0,0,1739,13663,69,542,0,38,ModerateBurden,,Moderate,Low,0,26,204,0,1,0,-0.88,0,0.03,0,211,1658,0,0.97,0,0,2,18,0.29,0,,,0,0,,,-0.07,-0.05,,,0,0,1,11,0,10,1,1,1,1,,,,,,,,,,,,,,,,,,,,,,,,,,0.15,0.23,0.15,2.6,0.05,0.58,0,0.01,0.95,0.85,Uncertain
"Harrison County, IA",19085,Medium metro,"Omaha-Council Bluffs, NE-IA",Metropolitan,IA,7,14049,0.015,0.004,0,0,0,0,0,2,14,0,0,,,0,0,0,0,0,1799,12805,73,520,0,45,ModerateBurden,,Moderate,Low,0.02,53,377,1,1,0.02,-0.2,0,0,0,66,470,1,1,0,0,0,0,0.43,0,0,0,0,0,,,0.1,0,,,0,0,1,10,1,4,1,1,1,1,6019,0.428,5508,0.392,11,0.01,37,0.003,5,0.002,-0.0062,0.0001,-0.0004,129,0.114,56,0.05,5890,0.544,5452,0.503,2367,0.848,2261,0.81,0.05,0.1,0.2,2.3,0,0.02,0,0,0.06,0.48,Uncertain
"Arenac County, MI",26011,Non-core,,,MI,5,14883,,0.001,0,0,0,0,0,2,13,0,0,-0.5,,0,4,27,0,0,1205,8096,29,195,0,42,ModerateBurden,,Moderate,Moderate,0,188,1263,1,0.96,-0.025,-0.36,0,-0.01,0.025,293,1969,1,0.97,0,0,0,0,0.61,0,1,0,0.34,0,,,-0.02,0,0.14,0,0.28,0,1,9,3,18,1,1,1,1,6537,0.439,5867,0.394,,,27,0.002,5,0.001,-0.0021,-0.0051,-0.0026,29,0.03,27,0.028,6508,0.534,5840,0.479,2983,0.777,2820,0.734,0.07,0.18,0.26,2.2,0,0.02,0.01,0,0.51,0.84,Uncertain
"Zavala County, TX",48507,Non-core,,,TX,6,11840,,0,0,0,0,0,0,2,17,0,0,-0.5,,0,4,34,0,0,1873,15819,41,346,0,4,ModerateBurden,,Moderate,Moderate,0.059,51,431,1,1,0.003,1.12,0,0,0.056,24,203,1,1,,,,,,,,,,,,,,,,,,,,,,,,,,,,,,,,,,,,,,,,,,,,,,,,,,,,0.18,0.35,0.15,3.4,0.01,0.94,0,0,1,1,Uncertain
"Grundy County, IA",19075,Small metro,"Waterloo-Cedar Falls, IA",Metropolitan,IA,7,12232,0.073,0.004,0,0,0,0,0,2,16,0,0,,,0,0,0,0,0,1368,11184,33,270,0,44,ModerateBurden,,Moderate,Low,0.02,43,352,0,1,0.02,-0.42,0,0.02,0,74,605,0,0.98,0,0,0,0,0.21,0,,,0,0,-1,,-0.1,-0.02,,,0,0,1,18,0,3,1,1,1,1,6224,0.509,5778,0.472,22,0.022,29,0.003,5,0.002,-0.0392,-0.0044,-0.0004,181,0.182,53,0.053,6043,0.639,5725,0.605,2313,0.891,2237,0.862,0.02,0.06,0.21,2.4,0.01,0.01,0,0,0,0.1,Uncertain
"Chippewa County, MI",26033,Micropolitan,"Sault Ste. Marie, MI",Micropolitan,MI,5,37349,1,0.004,0,0,1669,0.045,0,2,5,0,0,-0.8,,0,10,27,0,0,2474,6624,33,88,0,54,LowBurden,,Low,Moderate,0.002,1709,4576,2,1,-0.002,0.05,0,0,0.003,1629,4362,2,1,0,0,0,0,0.72,0,0.6,0,0.11,0,,-1,0.09,0,-0.02,0,0.03,0,1,40,6,10,1,1,1,1,22769,0.61,20486,0.549,54,0.023,107,0.003,14,0.002,0.0073,-0.022,-0.0084,769,0.33,321,0.138,21996,0.716,20163,0.657,6524,0.932,6254,0.893,0.07,0.19,0.19,2.4,0.07,0.02,0.16,0.01,0.72,0.45,Uncertain
"Crawford County, IA",19047,Non-core,,,IA,7,16820,,0.005,0,0,0,0,0,2,12,0,0,-0.33,,0,3,18,0,0,2678,15922,40,238,0,22,ModerateBurden,,Moderate,Moderate,0,53,315,1,0.98,-0.033,-0.32,0,-0.02,0.033,78,464,1,1,0,0,0,0,0.19,0,,,0,0,-1,,-0.05,-0.03,,,0,0,1,25,0,5,1,1,1,1,7137,0.424,6643,0.395,10,0.007,79,0.006,8,0.003,-0.0283,0.0005,-0.0003,176,0.124,75,0.053,6961,0.552,6568,0.521,2442,0.809,2369,0.785,0.08,0.16,0.18,2.6,0.03,0.29,0,0.02,0.86,0.79,Uncertain
"Leelanau County, MI",26089,Micropolitan,"Traverse City, MI",Micropolitan,MI,5,21761,0.144,0.002,0,0,0,0,0,2,9,1,4.6,-0.33,,0,3,14,0,0,1240,5698,19,87,0,46,LowBurden,,Low,Moderate,0.009,98,450,0,1,-0.011,-0.12,0,0.03,0.02,111,510,0,0.97,,,,,,,,,,,,,,,,,,,,,,,,,,,15633,0.718,14479,0.665,17,0.013,94,0.005,11,0.002,-0.0039,-0.0015,-0.001,421,0.324,395,0.304,15211,0.833,14084,0.771,6161,0.886,5784,0.832,0.05,0.06,0.32,2.3,0.01,0.05,0.03,0.01,0.02,0.31,Uncertain
"Kodiak Island Borough, AK",2150,Non-core,,,AK,10,12998,,0.018,0,0,0,0,0,2,15,0,0,-0.67,,0,6,46,0,0,1127,8671,6,46,0,4,ModerateBurden,,Moderate,Moderate,0.004,259,1993,0,0.98,-0.001,-0.35,0,-0.01,0.006,397,3054,0,0.99,0,0,0,0,0.28,0.01,0.14,0,0,0,-1,,0.07,-0.03,0,0,0,0,1,25,2,6,1,1,1,1,6822,0.525,6093,0.469,31,0.032,49,0.005,6,0.004,0.0041,-0.0007,0.002,304,0.313,173,0.178,6508,0.667,5918,0.607,1325,0.898,1270,0.86,0.2,0.09,0.11,3,0.01,0.09,0.12,0.21,0.7,0.4,Uncertain
"Bosque County, TX",48035,Non-core,,,TX,6,18685,,0.001,0,0,0,0,0,2,11,1,5.4,0,,0,2,11,0,0,1690,9045,35,187,0,10,ModerateBurden,,Moderate,Moderate,0,91,487,0,1,-0.017,-0.27,-1,0.02,0.017,125,669,1,0.98,0,0,0,0,0.16,0,,,0,0,,,0,0,,,0,0,1,32,0,5,1,1,1,1,,,,,,,,,,,,,,,,,,,,,,,,,,0.18,0.15,0.25,2.5,0.02,0.19,0.01,0,0.62,0.78,Uncertain
"Dickinson County, IA",19059,Micropolitan,"Spirit Lake, IA",Micropolitan,IA,7,17258,1,0.005,0,0,0,0,0,2,12,0,0,-0.33,,0,3,17,0,0,2493,14445,44,255,0,57,ModerateBurden,,Moderate,Moderate,0.02,98,568,1,0.99,-0.003,-0.24,0,0,0.023,129,747,1,0.99,1,2,0,0,0.46,0.01,0.57,0,0,0,,,0.09,0.01,0.48,0,0,0,1,42,3,7,1,1,1,1,8605,0.499,7945,0.46,23,0.02,54,0.004,6,0.001,-0.0035,-0.0003,-0.0015,183,0.16,79,0.069,8422,0.603,7866,0.563,3900,0.846,3760,0.815,0.04,0.08,0.27,2.1,0.01,0.02,0,0.01,0.09,0.15,Uncertain
"Schoolcraft County, MI",26153,Non-core,,,MI,5,8094,,0.001,0,0,0,0,0,2,25,0,0,-0.8,,0,10,124,0,0,435,5374,5,62,0,17,ModerateBurden,,Moderate,High,0.033,23,284,1,0.93,0.033,-0.58,1,-0.03,0,55,680,0,0.96,2,17,0,0,0.42,0.01,,,0,0,,,0.06,0.01,,,0,0,1,12,0,3,1,1,1,1,3715,0.459,3179,0.393,4,0.008,21,0.003,3,0.001,0.008,-0.001,-0.0009,41,0.082,35,0.07,3674,0.548,3144,0.469,1606,0.721,1291,0.579,0.07,0.2,0.28,2.4,0,0.01,0.09,0,0.55,0.76,Uncertain
"Morton County, KS",20129,Non-core,,,KS,7,2587,,0.001,0,0,0,0,0,2,77,0,0,0,,0,2,77,0,0,269,10398,8,309,0,11,ModerateBurden,,Substantial,Substantial,0,2,77,0,1,0,-0.75,0,0,0,8,309,0,1,0,0,0,0,0.11,0,,,0,0,,,-0.03,0,,,0,0,1,22,0,3,1,1,1,1,769,0.297,587,0.227,8,0.035,6,0.003,1,0.002,0.0308,-0.0005,-0.0018,11,0.048,,,758,0.386,587,0.299,336,0.594,249,0.44,0.13,0.07,0.22,2.5,0.01,0.23,0.01,0.01,0.41,0.69,Uncertain
"Lake and Peninsula Borough, AK",2164,Non-core,,,AK,10,1592,,0.002,0,0,0,0,0,2,126,0,0,,,0,0,0,0,0,200,12563,0,0,0,50,ModerateBurden,,High,Low,0,11,691,0,0.95,,,,,,0,0,,,,,,,,,,,,,,,,,,,,,,,,,,,,,813,0.511,695,0.437,1,0.007,1,0.001,,,-0.1259,-0.0053,0,63,0.441,32,0.224,747,0.658,663,0.584,133,0.727,120,0.656,0.32,0.16,0.11,3,0.01,0.03,0.6,0.03,0.8,0.68,Uncertain
"Davis County, IA",19051,Micropolitan,,,IA,7,9000,,0.003,0,0,0,0,0,2,22,1,11.1,-0.71,,0,7,78,0,0,851,9456,25,278,0,16,ModerateBurden,,Moderate,Substantial,0.029,23,256,2,0.97,-0.036,-0.41,1,0,0.065,39,433,1,0.97,0,0,0,0,0.41,0,,,0,0,-1,,0.03,-0.05,,,-0.14,0,1,10,0,3,1,1,1,1,2683,0.298,2435,0.271,2,0.002,20,0.003,6,0.004,-0.007,-0.0014,0.0025,65,0.075,14,0.016,2618,0.412,2421,0.381,1170,0.733,1127,0.706,0.26,0.12,0.18,2.7,0,0.02,0,0,0.35,0.57,Uncertain
"Decatur County, IA",19053,Non-core,,,IA,7,7870,,0.002,0,0,1472,0.187,0,2,25,0,0,,,0,0,0,0,0,613,7789,9,114,0,24,ModerateBurden,,Moderate,Low,0,29,368,0,1,0,0.04,0,0,0,28,356,0,1,0,0,0,0,0.34,0,,,0,0,,,-0.01,0,,,0,0,1,11,0,5,1,1,1,1,2609,0.332,2400,0.305,,,22,0.004,4,0.002,-0.0034,-0.0013,-0.0025,48,0.08,9,0.015,2561,0.419,2391,0.391,1180,0.737,1155,0.721,0.09,0.2,0.2,2.3,0.02,0.03,0,0.01,0.68,0.7,Uncertain
"Franklin County, IN",18047,Non-core,"Cincinnati, OH-KY-IN",Metropolitan,IN,5,22758,0.01,0.003,0,0,0,0,0,2,9,0,0,-0.75,,0,8,35,0,0,1700,7470,35,154,0,6,LowBurden,,Low,Moderate,0.033,100,439,1,0.91,-0.044,-0.28,0,-0.01,0.077,139,611,1,0.92,,,,,,,,,,,,,,,,,,,,,,,,,,,5310,0.233,4768,0.21,14,0.007,62,0.004,10,0.002,-0.0026,0.0002,-0.0021,107,0.055,45,0.023,5203,0.297,4723,0.27,2407,0.557,2307,0.534,0.06,0.08,0.19,2.6,0,0.01,0,0.01,0.15,0.39,Uncertain
"Peñuelas Municipio, PR",72111,,"Yauco, PR",Metropolitan,PR,2,,,,,0,0,0,0,2,10,0,0,-0.71,,0,7,36,0,0,564,2930,0,0,0,,,,Moderate,Moderate,0.014,41,213,,,-0.027,-0.67,,,0.041,126,655,,,,,,,,,,,,,,,,,,,,,,,,,,,,,9745,0.506,7025,0.365,115,0.084,242,0.015,26,0.008,-0.0204,-0.0097,-0.006,518,0.378,143,0.104,9225,0.584,6882,0.436,2301,0.687,1870,0.558,0.02,0.57,,,,,,,,,
"White County, GA",13311,Non-core,,,GA,4,30798,,0.003,0,0,937,0.03,0,2,6,2,6.5,-0.82,,0,11,36,0,0,3200,10390,82,266,0,33,LowBurden,,Low,Moderate,0.019,94,305,0,0.95,-0.01,-0.28,0,0.05,0.029,131,425,0,0.9,,,,,,,,,,,,,,,,,,,,,,,,,,,1444,0.047,1365,0.044,33,0.015,104,0.004,16,0.002,0.0097,-0.0001,0,53,0.023,18,0.008,1391,0.056,1347,0.054,527,0.073,516,0.072,0.13,0.14,0.23,2.5,0.02,0.03,0,0.01,0.24,0.44,Uncertain
"Mineral County, MT",30061,Non-core,,,MT,8,4397,,0.004,0,0,0,0,0,2,45,0,0,-0.5,,0,4,91,0,0,265,6027,0,0,0,0,ModerateBurden,,Substantial,Substantial,0.08,33,751,0,1,0,-0.28,-1,0,0.08,46,1046,1,1,0,0,0,0,0.69,0,,,0,0,,,0,-0.01,,,0,0,1,25,0,1,1,1,1,1,1945,0.442,1689,0.384,2,0.007,21,0.006,3,0.002,-0.0788,0.0006,0,42,0.144,11,0.038,1902,0.529,1678,0.466,959,0.738,862,0.663,0.09,0.17,0.3,2.4,0.01,0.03,0.02,0.01,0.56,0.45,Uncertain
"Pawnee County, OK",40117,Medium metro,"Tulsa, OK",Metropolitan,OK,6,16376,0.016,0.004,0,0,0,0,0,2,12,0,0,0,-1,0,2,12,2,12.2,1790,10931,52,318,0,32,ModerateBurden,,Moderate,High,0.048,24,147,1,0.93,-0.074,-0.47,0,-0.03,0.121,45,275,1,0.96,0,0,0,0,0.36,0,,,0,0,,,-0.03,0,,,-0.04,0,1,14,0,8,1,1,1,1,6076,0.371,5055,0.309,10,0.007,46,0.004,9,0.003,-0.0088,-0.0016,0.0006,148,0.109,68,0.05,5928,0.472,4987,0.397,2400,0.752,2089,0.654,0.15,0.15,0.19,2.6,0.01,0.03,0.13,0,0.54,0.69,Uncertain
"Jasper County, IL",17079,Non-core,,,IL,5,9610,,0.001,0,0,0,0,0,2,21,0,0,,,0,0,0,0,0,1158,12050,18,187,0,10,ModerateBurden,,Moderate,Low,0.026,90,937,0,1,0.026,-0.22,-1,0.02,0,115,1197,1,0.98,,,,,,,,,,,,,,,,,,,,,,,,,,,3659,0.381,2292,0.239,1,0.001,38,0.005,6,0.003,-0.0013,0.0016,0.0016,35,0.046,13,0.017,3623,0.491,2279,0.309,1728,0.909,1080,0.568,0.07,0.13,0.2,2.6,0,0.02,0,0,0.24,0.59,Uncertain
"Richland County, ND",38077,Micropolitan,"Wahpeton, ND-MN",Micropolitan,ND,8,16177,0.723,0.021,0,0,0,0,0,2,12,0,0,-0.33,,0,3,19,0,0,2026,12524,17,105,0,60,ModerateBurden,,Moderate,Moderate,0,41,253,1,1,0,-0.21,1,0,0,52,321,0,1,,,,,,,,,,,,,,,,,,,,,,,,,,,7020,0.434,6274,0.388,16,0.014,50,0.004,7,0.002,-0.037,-0.0026,-0.0003,184,0.162,48,0.042,6830,0.54,6226,0.493,2457,0.813,2243,0.742,0.03,0.09,0.19,2.2,0.01,0.04,0.02,0.01,0.12,0.26,Uncertain
"Long County, GA",13183,Small metro,"Hinesville, GA",Metropolitan,GA,4,19559,0.241,0.002,0,0,0,0,0,2,10,0,0,-0.8,-1,0,10,51,1,5.1,877,4484,13,66,0,1,ModerateBurden,,Moderate,Substantial,0.042,26,133,0,0.71,-0.025,-0.37,0,0.04,0.067,41,210,0,0.67,,,,,,,,,,,,,,,,,,,,,,,,,,,565,0.029,427,0.022,22,0.013,44,0.003,6,0.003,0.0063,0.0001,0.002,38,0.022,10,0.006,527,0.037,417,0.029,137,0.069,130,0.065,0.15,0.21,0.1,3.2,0.26,0.11,0.01,0.01,0.83,0.86,Uncertain
"Forest County, PA",42053,Non-core,,,PA,3,7247,,0.001,0,0,0,0,0,2,28,0,0,-0.33,,0,3,41,0,0,1433,19774,21,290,0,22,ModerateBurden,,Moderate,High,0.062,40,552,1,0.61,-0.049,-0.74,0,-0.39,0.111,151,2084,1,1,,,,,,,,,,,,,,,,,,,,,,,,,,,4339,0.599,4062,0.561,,,69,0.011,2,0.001,-0.0097,0.007,-0.003,20,0.048,11,0.027,4319,0.668,4051,0.626,1285,0.778,1194,0.723,0.03,0.14,0.23,2,0.21,0.07,0,0,0.71,0.62,Uncertain
"Glacier County, MT",30035,Non-core,,,MT,8,13753,,0.013,0,0,0,0,0,2,15,0,0,1,,0,1,7,0,0,1543,11219,42,305,0,14,ModerateBurden,,Moderate,Low,0.007,134,974,2,0.97,-0.008,0.03,1,-0.01,0.015,130,945,1,0.99,0,0,0,0,0.26,0,,,0,0,,,-0.03,0,,,0,0,2,46,0,4,1,1,1,1,11394,0.828,7701,0.56,39,0.029,99,,14,,-0.0456,0,0,790,0.581,246,0.181,10599,0.999,7454,0.79,2981,0.999,2303,0.999,0.38,0.33,0.13,3.1,0,0.04,0.63,0,0.86,0.52,Uncertain
"Corozal Municipio, PR",72047,,"San Juan-Bayamón-Caguas, PR",Metropolitan,PR,2,,,,,0,0,0,0,2,6,0,0,0,,0,2,6,0,0,1554,4812,0,0,0,,,,Low,Low,0.038,200,619,,,0.017,-0.39,,,0.021,329,1019,,,,,,,,,,,,,,,,,,,,,,,,,,,,,15574,0.482,11414,0.353,73,0.032,901,0.034,68,0.011,-0.0183,0.0134,-0.0023,713,0.31,309,0.134,14858,0.561,11104,0.419,3879,0.63,3231,0.525,0.05,0.56,,,,,,,,,
"Murray County, OK",40099,Non-core,,,OK,6,14073,,0.004,0,0,0,0,0,2,14,2,14.2,-0.5,-0.5,0,4,28,4,28.4,2024,14382,44,313,0,0,ModerateBurden,,Substantial,Moderate,0.083,40,284,0,1,0.03,-0.39,0,0,0.054,66,469,0,1,0,0,0,0,0.72,0,,,0,0,,,0.03,0,,,0,0,1,25,0,2,1,1,1,1,4942,0.351,4288,0.305,4,0.003,30,0.003,6,0.002,-0.0111,-0.0019,-0.0004,65,0.055,19,0.016,4877,0.45,4269,0.394,1921,0.677,1732,0.611,0.14,0.15,0.2,2.5,0.02,0.07,0.13,0.01,0.71,0.61,Uncertain
"Bent County, CO",8011,Non-core,,,CO,8,5577,,0.001,0,0,0,0,0,2,36,0,0,0,,0,2,36,0,0,1544,27685,21,377,0,29,ModerateBurden,,Moderate,Moderate,0.005,205,3676,2,0.76,-0.002,0.26,1,-0.23,0.008,163,2923,1,0.99,,,,,,,,,,,,,,,,,,,,,,,,,,,450,0.081,486,0.087,4,0.013,7,0.001,1,0.001,0,-0.0004,0,15,0.049,9,0.029,435,0.092,477,0.101,115,0.109,157,0.149,0.1,0.23,0.19,2.3,0.07,0.32,0.01,0.01,0.9,0.83,Uncertain
"Ramsey County, ND",38071,Non-core,,,ND,8,11519,,0.015,0,0,0,0,0,2,17,0,0,,,0,0,0,0,0,1725,14975,30,260,0,26,ModerateBurden,,Moderate,Low,0.019,68,590,0,1,0.019,-0.69,0,0,0,217,1884,0,1,1,5,0,0,0.66,0.06,,,0,0,0,,0.1,0,,,0,0,1,20,0,5,1,1,1,1,5276,0.458,4845,0.421,8,0.01,38,0.004,4,0.002,-0.0125,0.0015,-0.0004,80,0.1,40,0.05,5188,0.587,4803,0.543,1960,0.838,1837,0.786,0.06,0.12,0.2,2.2,0.01,0.03,0.1,0.01,0.35,0.1,Uncertain
"Ceiba Municipio, PR",72037,,"San Juan-Bayamón-Caguas, PR",Metropolitan,PR,2,,,,,0,0,0,0,2,18,0,0,-0.6,,0,5,46,0,0,390,3577,0,0,0,,,,Moderate,Moderate,0,52,477,,,-0.075,-0.46,,,0.075,97,890,,,,,,,,,,,,,,,,,,,,,,,,,,,,,4688,0.43,3598,0.33,24,0.031,69,0.008,3,0.001,-0.009,-0.0045,-0.0079,138,0.178,34,0.044,4548,0.508,3563,0.398,1457,0.545,1220,0.457,0.05,0.43,,,,,,,,,
"Pierce County, ND",38069,Non-core,,,ND,8,3975,,0.005,0,0,0,0,0,2,50,0,0,,,0,0,0,0,0,550,13836,25,629,0,23,ModerateBurden,,Substantial,Low,0.005,180,4528,0,1,-0.004,4.45,,,0.009,33,830,,,0,0,0,0,0.47,0,,,,,,,-0.14,0,,,,,1,10,0,0,1,1,1,1,1504,0.378,1374,0.346,6,0.02,4,0.001,1,0.001,-0.0132,-0.0036,0.0011,39,0.129,15,0.05,1464,0.477,1359,0.443,695,0.735,654,0.692,0.03,0.17,0.24,2.1,0.01,0.02,0.05,0,0.19,0.09,Uncertain
"Moca Municipio, PR",72099,,"Aguadilla-Isabela, PR",Metropolitan,PR,2,,,,,0,0,0,0,2,6,0,0,-0.33,,0,3,9,0,0,1393,3992,0,0,0,,,,Low,Low,0.023,252,722,,,0.016,-0.28,,,0.007,350,1003,,,0,0,0,0,0.41,0.01,0.81,0,0.15,0,-1,,0,0,-0.07,0,0.1,0,1,106,8,18,1,1,1,1,17717,0.508,13836,0.397,148,0.06,420,0.015,38,0.006,0.0052,-0.0244,-0.0087,794,0.32,288,0.116,16918,0.591,13546,0.473,4282,0.667,3774,0.588,0.04,0.57,,,,,,,,,
"Lawrence County, IL",17101,Non-core,,,IL,5,15678,,0.001,0,0,0,0,0,2,13,0,0,1,,0,1,6,0,0,2410,15372,25,159,0,80,ModerateBurden,,Moderate,Low,0,2142,13662,1,1,0,-0.31,0,0,0,3099,19767,1,1,0,0,0,0,1,0,,,0,0,,,0,0,,,0,0,1,2,0,2,1,1,1,1,4864,0.31,3693,0.236,2,0.002,32,0.003,7,0.002,-0.002,-0.0018,0,47,0.046,25,0.024,4815,0.379,3668,0.289,2361,0.843,1619,0.578,0.08,0.17,0.18,2.2,0.1,0.04,0,0,0.78,0.92,Uncertain
"McDonough County, IL",17109,Micropolitan,"Macomb, IL",Micropolitan,IL,5,29682,1,0.002,0,1,6778,0.228,0,2,7,1,3.4,-0.78,0,0,9,30,1,3.4,2897,9760,51,172,0,28,LowBurden,,Low,Moderate,0.012,248,836,0,0.93,-0.023,-0.42,-1,-0.05,0.035,428,1442,1,0.98,1,6,0,0,0.54,0.04,0.24,0.05,0,0,-0.5,,0.12,-0.13,0.03,0.01,0,0,1,16,7,11,1,1,1,1,13027,0.439,9610,0.324,59,0.033,121,0.005,17,0.003,-0.0028,-0.0034,-0.0011,553,0.306,222,0.123,12438,0.506,9388,0.382,4739,0.88,3701,0.687,0.05,0.22,0.18,2.4,0.05,0.03,0,0.02,0.52,0.27,Uncertain
"McIntosh County, GA",13191,Small metro,"Brunswick, GA",Metropolitan,GA,4,14378,0.121,0.001,0,0,0,0,0,2,14,0,0,,,0,0,0,0,0,865,6016,16,111,0,70,ModerateBurden,,Moderate,Low,0.043,46,320,0,0.91,0.043,-0.4,0,0.04,0,77,536,0,0.88,,,,,,,,,,,,,,,,,,,,,,,,,,,4234,0.294,3812,0.265,16,0.019,51,0.004,5,0.001,0.0106,-0.0002,-0.0007,51,0.06,21,0.025,4183,0.345,3791,0.313,2018,0.499,1919,0.474,0.16,0.2,0.28,2.3,0.33,0.02,0,0,0.59,0.82,Uncertain
"Hancock County, GA",13141,Micropolitan,"Milledgeville, GA",Micropolitan,GA,4,8457,0.159,0.001,0,0,0,0,0,2,24,1,11.8,0,,0,2,24,0,0,922,10902,68,804,0,3,ModerateBurden,,Moderate,Moderate,0.034,25,296,0,0.93,-0.009,-0.11,0,0.19,0.043,28,331,0,0.74,,,,,,,,,,,,,,,,,,,,,,,,,,,434,0.051,353,0.042,11,0.022,36,0.005,9,0.004,0.0081,-0.0004,0.0015,23,0.047,7,0.014,411,0.057,346,0.048,178,0.088,140,0.069,0.1,0.24,0.24,2,0.71,0.03,0,0.01,0.8,0.95,Uncertain
"Vernon County, MO",29217,Non-core,,,MO,7,20563,,0.003,0,0,268,0.013,0,2,10,0,0,-0.67,,0,6,29,0,0,1966,9561,46,224,0,19,LowBurden,,Moderate,Moderate,0.015,133,647,0,1,-0.018,-0.27,-1,0.01,0.033,183,890,1,0.99,0,0,0,0,1,0,,,0,0,,,0,0,,,0,0,1,26,0,3,1,1,1,1,5242,0.255,4658,0.227,6,0.003,45,0.003,9,0.002,-0.0011,0,0.0005,42,0.024,12,0.007,5200,0.331,4646,0.296,2263,0.558,2083,0.513,0.14,0.14,0.2,2.4,0.01,0.02,0.01,0.01,0.45,0.25,Uncertain
"Wyoming County, NY",36121,Non-core,,,NY,2,39859,,0.002,0,0,0,0,0,2,5,0,0,-0.87,,0,15,38,0,0,3576,8972,52,130,0,32,LowBurden,,Low,Moderate,0.007,579,1453,0,0.98,-0.004,-0.27,0,0,0.011,796,1997,0,0.98,0,0,0,0,0.41,0,0.43,0,0,0,,,-0.06,0,0,0,0,0,1,64,7,8,1,1,1,1,16375,0.411,14562,0.365,49,0.018,195,0.006,28,0.004,-0.0034,-0.0068,-0.0042,464,0.173,197,0.073,15910,0.491,14365,0.443,5692,0.767,5303,0.714,0.04,0.11,0.19,2.4,0.05,0.03,0,0.01,0.31,0.38,Uncertain
"Canóvanas Municipio, PR",72029,,"San Juan-Bayamón-Caguas, PR",Metropolitan,PR,2,,,,,0,0,0,0,2,4,0,0,-0.89,,0,19,43,0,0,1941,4345,0,0,0,,,,Low,Moderate,0.022,391,875,,,-0.003,-0.41,,,0.025,658,1473,,,,,,,,,,,,,,,,,,,,,,,,,,,,,19343,0.433,14291,0.32,87,0.027,460,0.013,49,0.006,-0.0239,-0.0173,-0.0122,636,0.2,177,0.056,18698,0.51,14112,0.385,4833,0.61,3940,0.497,0.09,0.44,,,,,,,,,
"Crisp County, GA",13081,Micropolitan,"Cordele, GA",Micropolitan,GA,4,22372,1,0.002,0,0,0,0,0,2,9,2,8.9,-0.33,1,0,3,13,1,4.5,2100,9387,85,380,0,34,LowBurden,,Low,Moderate,0.026,37,165,0,0.87,0.005,-0.24,0,-0.02,0.022,49,219,0,0.89,4,8,4,8,0.87,0.05,0.8,0.06,0.12,0,0,3,0.05,0,0.35,0.03,0.12,0,1,50,15,15,1,1,1,1,2222,0.099,2009,0.09,37,0.019,96,0.006,7,0.002,0.0183,0.0008,-0.0019,98,0.051,20,0.01,2122,0.125,1988,0.117,713,0.165,694,0.161,0.17,0.31,0.19,2.7,0.44,0.04,0,0.01,0.99,0.94,Uncertain
"McIntosh County, ND",38051,Non-core,,,ND,8,2497,,0.003,0,0,0,0,0,2,80,0,0,,,0,0,0,0,0,349,13977,7,280,0,33,ModerateBurden,,Substantial,Low,0,2,80,,,0,-0.6,,,0,5,200,,,0,0,0,0,0.19,0,,,0,0,,,0.01,0,,,0,0,2,14,0,5,1,1,1,1,932,0.373,792,0.317,3,0.019,10,0.005,1,0.001,0.0127,0.001,-0.0037,7,0.044,2,0.013,925,0.454,790,0.388,529,0.659,451,0.562,0.04,0.08,0.32,1.9,0.01,0.03,0.01,0.01,0.11,0.2,Uncertain
"Warren County, GA",13301,Non-core,,,GA,4,5254,,0,0,0,0,0,0,2,38,0,0,-0.5,-1,0,4,76,2,38.1,546,10392,20,381,0,5,ModerateBurden,,Substantial,Substantial,0.095,16,305,0,1,0.036,-0.48,0,0,0.059,31,590,0,1,,,,,,,,,,,,,,,,,,,,,,,,,,,410,0.078,373,0.071,10,0.025,37,0.009,6,0.005,0.0254,0.0019,0.0016,11,0.028,3,0.008,399,0.095,370,0.088,147,0.121,131,0.108,0.14,0.26,0.23,2.3,0.58,0.02,0,0.01,0.89,0.87,Uncertain
"Reynolds County, MO",29179,Non-core,,,MO,7,6270,,0.001,0,0,0,0,0,2,32,0,0,0,,0,2,32,0,0,389,6204,3,48,0,5,ModerateBurden,,Moderate,Moderate,0,7,112,0,1,-0.077,-0.83,0,0,0.077,41,654,0,1,,,,,,,,,,,,,,,,,,,,,,,,,,,1087,0.173,865,0.138,4,0.008,28,0.006,6,0.004,0.0062,0.002,0.0027,9,0.018,2,0.004,1078,0.215,863,0.172,558,0.376,469,0.316,0.12,0.18,0.24,2.3,0.01,0.02,0.01,0,0.56,0.84,Uncertain
"Twiggs County, GA",13289,Small metro,"Macon-Bibb County, GA",Metropolitan,GA,4,8120,0.035,0.001,0,0,0,0,0,2,25,0,0,-0.33,,0,3,37,0,0,730,8990,44,542,0,24,ModerateBurden,,Moderate,High,0.042,23,283,0,0.96,-0.095,-0.12,0,-0.04,0.136,26,320,0,1,,,,,,,,,,,,,,,,,,,,,,,,,,,401,0.049,284,0.035,8,0.015,31,0.005,6,0.003,-0.0037,-0.0018,-0.0005,22,0.04,5,0.009,379,0.058,279,0.043,159,0.084,113,0.06,0.14,0.26,0.23,2.7,0.4,0.03,0,0,0.76,0.95,Uncertain
"Pittsburg County, OK",40121,Micropolitan,"McAlester, OK",Micropolitan,OK,6,43654,1,0.011,0,0,0,0,0,2,5,1,2.3,-0.5,-0.86,0,4,9,7,16,4654,10661,78,179,0,25,LowBurden,,Low,Low,0.018,69,158,1,1,0.018,-0.14,0,0.26,0,80,183,1,0.74,0,0,0,0,0.72,0.01,0.63,0.07,0.06,0.02,-1,-1,0.03,-0.01,-0.03,-0.02,0.04,0.02,1,92,14,16,1,1,1,1,14618,0.335,12328,0.282,30,0.009,77,0.002,9,0.001,0.0003,-0.0005,-0.0006,223,0.067,100,0.03,14393,0.424,12228,0.361,5725,0.645,5110,0.575,0.17,0.17,0.2,2.4,0.03,0.05,0.14,0,0.83,0.56,Uncertain
"Guayama Municipio, PR",72057,,"Guayama, PR",Metropolitan,PR,2,,,,,0,0,0,0,2,5,0,0,-0.75,,0,8,20,0,0,828,2098,0,0,0,,,,Low,Moderate,0.011,343,869,,,-0.009,-0.27,,,0.021,467,1183,,,,,,,,,,,,,,,,,,,,,,,,,,,,,17404,0.441,13494,0.342,137,0.049,287,0.009,48,0.006,-0.0103,-0.0099,-0.01,628,0.224,235,0.084,16769,0.518,13258,0.409,4409,0.586,3817,0.507,0.06,0.52,,,,,,,,,
"Salinas Municipio, PR",72123,,"Coco, PR",Micropolitan,PR,2,,,,,0,0,0,0,2,7,0,0,0,,0,2,7,0,0,743,2739,0,0,0,,,,Low,Low,0.017,139,512,,,0.011,-0.31,,,0.006,200,737,,,,,,,,,,,,,,,,,,,,,,,,,,,,,12822,0.473,9636,0.355,63,0.033,258,0.012,18,0.003,-0.0207,-0.0044,-0.0045,456,0.236,206,0.107,12366,0.555,9430,0.424,3440,0.622,3149,0.57,0.04,0.54,,,,,,,,,
"Sherman County, OR",41055,Non-core,,,OR,10,1780,,0,0,0,0,0,0,2,112,0,0,-0.5,,0,4,225,0,0,65,3652,1,56,0,0,ModerateBurden,,High,High,0.08,20,1124,1,1,-0.05,0.33,0,0,0.13,15,843,1,1,,,,,,,,,,,,,,,,,,,,,,,,,,,812,0.456,702,0.394,,,5,0.003,,,-0.1429,-0.0146,-0.0155,21,0.188,3,0.027,790,0.547,699,0.484,338,0.746,306,0.675,0.13,0.13,0.25,2.2,0,0.07,0.02,0.01,0.14,0.49,Uncertain
"Franklin County, AR",5047,Non-core,"Fort Smith, AR-OK",Metropolitan,AR,6,17715,0.071,0.006,0,0,0,0,0,2,11,0,0,-0.71,,0,7,40,0,0,1705,9625,40,226,0,0,ModerateBurden,,Moderate,Moderate,0,102,576,0,0.98,0,5.38,-2,0,0,16,90,2,0.98,0,0,1,7,0.33,0,,,0,0,,0,-0.08,0,,,0,0,1,15,0,1,1,1,1,1,5896,0.333,5260,0.297,17,0.012,34,0.002,6,0.002,-0.0055,-0.0017,0.0008,110,0.076,43,0.03,5782,0.42,5217,0.379,2329,0.659,2205,0.624,0.06,0.22,0.2,2.6,0.01,0.03,0.01,0.01,0.59,0.9,Uncertain
"Jefferson County, ID",16051,Small metro,"Idaho Falls, ID",Metropolitan,ID,10,29871,0.197,0.017,0,0,0,0,0,2,7,1,3.3,0,,0,2,7,0,0,3019,10107,32,107,0,66,LowBurden,,Low,Low,0.013,88,295,0,0.97,-0.01,-0.22,0,-0.01,0.024,113,378,0,0.99,,,,,,,,,,,,,,,,,,,,,,,,,,,8228,0.275,7211,0.241,,,93,0.005,9,0.003,0,-0.0044,-0.0023,1,0,,,8227,0.415,7211,0.364,2632,0.762,2455,0.711,0.1,0.08,0.12,3.2,0,0.11,0.01,0.01,0.25,0.36,Uncertain
"Jeff Davis County, GA",13161,Non-core,,,GA,4,15115,,0.001,0,0,0,0,0,2,13,0,0,-0.6,,0,5,33,0,0,1900,12570,43,284,0,50,ModerateBurden,,Moderate,Moderate,0,33,218,0,0.89,-0.023,0,0,-0.01,0.023,33,218,0,0.91,0,0,0,0,0.47,0,0.14,0,0,0,,,-0.17,0,-0.14,0,0,0,1,25,4,6,1,1,1,1,579,0.038,520,0.034,7,0.005,39,0.003,4,0.002,0.0044,-0.0001,-0.0004,10,0.007,3,0.002,569,0.051,517,0.046,189,0.077,186,0.076,0.2,0.21,0.16,2.8,0.15,0.13,0,0.01,0.94,0.91,Uncertain
"Lake County, OR",41037,Non-core,,,OR,10,7869,,0.002,0,0,0,0,0,2,25,0,0,1,,0,1,13,0,0,464,5897,7,89,0,20,ModerateBurden,,Moderate,Moderate,0.015,54,686,0,1,0.015,-0.11,0,0,0,61,775,0,1,1,2,0,0,0.25,0.01,,,0,0,,,-0.06,0.01,,,0,0,1,47,0,3,1,1,1,1,2414,0.307,2172,0.276,3,0.006,19,0.003,3,0.001,0,-0.0033,-0.0015,27,0.053,6,0.012,2386,0.375,2166,0.34,1218,0.608,1144,0.571,0.08,0.17,0.25,2.1,0.01,0.09,0.02,0.01,0.76,0.75,Uncertain
"San Benito County, CA",6069,Large fringe metro,"San Jose-Sunnyvale-Santa Clara, CA",Metropolitan,CA,9,62808,0.032,0.002,0,0,0,0,0,2,3,0,0,0,,0,2,3,0,0,6090,9696,63,100,0,44,LowBurden,,Low,Low,,598,952,,,,-0.5,,,0.002,1186,1888,,,0,0,0,0,0.83,0,0.93,0,0.08,0,-1,,0.07,-0.02,0.29,-0.04,0.07,0,1,25,4,18,1,1,1,1,30141,0.48,24472,0.39,168,0.03,455,0.01,32,0.004,-0.0161,-0.0066,-0.0025,1770,0.314,816,0.145,28308,0.605,23649,0.505,6380,0.773,5524,0.669,0.07,0.09,0.13,3.3,0.01,0.61,0,0.03,0.52,0.5,Uncertain
"Coshocton County, OH",39031,Micropolitan,"Coshocton, OH",Micropolitan,OH,5,36600,1,0.003,0,0,0,0,0,2,5,0,0,-0.6,,0,5,14,0,0,2679,7320,59,161,0,41,LowBurden,,Low,Moderate,0.004,241,658,1,0.99,0.001,-0.15,0,-0.01,0.004,283,773,1,1,0,0,6,28,0.75,0,0.12,0,0,0,,-0.35,-0.12,0,-0.62,0,0,0,1,21,3,7,1,1,1,1,10245,0.28,9893,0.27,35,0.012,117,0.004,11,0.002,0.0063,-0.0008,-0.0011,203,0.068,97,0.032,10041,0.36,9796,0.352,4618,0.637,4544,0.626,0.11,0.16,0.2,2.5,0.01,0.01,0,0,0.62,0.53,Uncertain
"Lajas Municipio, PR",72079,,"San Germán, PR",Metropolitan,PR,2,,,,,0,0,0,0,2,9,0,0,-0.6,,0,5,23,0,0,437,1985,0,0,0,,,,Low,High,0,61,277,,,-0.127,-0.37,,,0.127,97,441,,,,,,,,,,,,,,,,,,,,,,,,,,,,,11790,0.536,9277,0.421,70,0.045,219,0.012,29,0.005,-0.0504,-0.018,-0.015,496,0.317,115,0.073,11289,0.625,9161,0.507,3549,0.641,3184,0.575,0.05,0.61,,,,,,,,,
"Modoc County, CA",6049,Non-core,,,CA,9,8841,,0,0,0,0,0,0,2,23,0,0,-0.75,,0,8,90,0,0,516,5836,4,45,0,3,ModerateBurden,,Moderate,Substantial,,0,0,,,,,,,,0,0,,,0,0,0,0,0.64,0,,,0,0,,,0.34,0,,,0,0,2,12,0,4,1,1,1,1,,,,,,,,,,,,,,,,,,,,,,,,,,0.12,0.17,0.27,2.3,0.01,0.15,0.03,0.01,0.75,0.71,Uncertain
"Custer County, ID",16037,Non-core,,,ID,10,4315,,0.002,0,0,0,0,0,2,46,0,0,0,,0,2,46,0,0,257,5956,3,70,0,15,ModerateBurden,,Moderate,Moderate,0,19,440,0,0.91,-0.04,-0.14,0,-0.09,0.04,22,510,0,1,,,,,,,,,,,,,,,,,,,,,,,,,,,1585,0.367,1426,0.33,,,7,0.002,2,0.002,,-0.0036,-0.0031,,,,,1585,0.443,1426,0.399,775,0.597,737,0.568,0.12,0.21,0.3,2.3,0,0.05,0.01,0,0.44,0.37,Uncertain
"Unallocated, CO",8000,,,,CO,8,,,,,,,,0,2,,0,,-0.6,,0,5,,0,,74,,0,,0,,,,,,0,478,,,,-0.01,-0.02,,,0.01,489,,,,,,,,,,,,,,,,,,,,,,,,,,,,,,1058756,,717878,,1757,,6135,,336,,,,,16043,,4800,,1042071,,713054,,498274,,296193,,,,,,,,,,,,
"Quay County, NM",35037,Non-core,,,NM,6,8253,,0.004,0,0,0,0,0,2,24,0,0,1,,0,1,12,0,0,520,6301,10,121,0,19,ModerateBurden,,Moderate,Moderate,0,64,775,1,0.55,-0.016,-0.42,0,-0.43,0.016,111,1345,1,0.98,0,0,0,0,0.21,0,,,0,0,,,0.06,0,,,0,0,1,10,0,4,1,1,1,1,1518,0.184,1848,0.224,,,17,0.003,4,0.002,0,-0.0026,-0.0033,7,0.011,2,0.003,1511,0.233,1846,0.285,571,0.269,832,0.392,0.07,0.22,0.26,2.7,0.02,0.46,0.01,0.01,0.81,0.44,Uncertain
"Sierra County, NM",35051,Non-core,,,NM,6,10791,,0.005,0,0,0,0,0,2,19,0,0,0,,0,2,19,0,0,780,7228,52,482,0,19,ModerateBurden,,Moderate,Moderate,0.009,271,2511,2,0.99,0,-0.25,0,-0.01,0.01,359,3327,2,1,0,0,5,45,0.58,0,,,0,0,,0.25,-0.19,0,,,0,0,1,11,0,17,1,1,1,1,3228,0.299,3977,0.369,24,0.045,50,0.006,13,0.003,-0.0019,-0.0051,-0.0012,85,0.159,15,0.028,3143,0.346,3962,0.436,1480,0.366,2152,0.533,0.06,0.25,0.37,2,0.01,0.31,0.01,0.01,0.91,0.64,Uncertain
"Brown County, IL",17009,Non-core,,,IL,5,6578,,0.001,0,0,0,0,0,2,30,0,0,0,,0,2,30,0,0,725,11022,6,91,0,10,ModerateBurden,,Moderate,Moderate,0.002,325,4941,1,1,0,-0.57,1,0,0.002,759,11538,0,1,,,,,,,,,,,,,,,,,,,,,,,,,,,1916,0.291,1556,0.237,2,0.006,12,0.002,4,0.004,-0.0029,-0.0233,-0.0022,26,0.075,15,0.043,1885,0.341,1540,0.279,767,0.829,650,0.703,0.06,0.1,0.14,2.3,0.19,0.07,0,0,0.47,0.49,Uncertain
"Guayanilla Municipio, PR",72059,,"Yauco, PR",Metropolitan,PR,2,,,,,0,0,0,0,2,11,0,0,-0.67,,0,6,34,0,0,383,2173,0,0,0,,,,Substantial,Substantial,0.093,73,414,,,0.007,-0.18,,,0.086,89,505,,,1,1,0,0,0.57,0,0.93,0,0.05,0,,,-0.04,0,0.04,0,-0.08,0,1,125,8,29,1,1,1,1,9265,0.526,6923,0.393,88,0.07,172,0.012,25,0.007,-0.004,-0.0167,-0.0084,446,0.356,186,0.148,8818,0.61,6736,0.466,2660,0.695,2249,0.588,0.03,0.56,,,,,,,,,
"Cross County, AR",5037,Non-core,,,AR,6,16419,,0.005,0,0,0,0,0,2,12,0,0,0,,0,2,12,0,0,1965,11968,50,305,0,9,ModerateBurden,,Moderate,Moderate,0.053,87,530,0,1,0.053,2,0,0.01,0,29,177,0,0.99,0,0,0,0,0.52,0,,,0,0,,,-0.1,0,,,0,0,1,17,0,4,1,1,1,1,5666,0.345,4841,0.295,4,0.003,46,0.004,7,0.002,-0.0054,-0.0022,-0.0013,39,0.03,21,0.016,5625,0.446,4820,0.382,2214,0.699,1953,0.617,0.07,0.17,0.19,2.5,0.23,0.02,0,0.01,0.7,0.83,Uncertain
"Storey County, NV",32029,Medium metro,"Reno, NV",Metropolitan,NV,9,4123,0.009,0.001,0,0,0,0,0,2,49,0,0,,,0,0,0,0,0,112,2716,3,73,0,23,ModerateBurden,,Moderate,Low,0,6,146,1,1,0,0.2,0,0,0,5,121,1,1,,,,,,,,,,,,,,,,,,,,,,,,,,,688,0.167,599,0.145,2,0.009,8,0.002,,,-0.0131,-0.0008,-0.0023,12,0.052,6,0.026,676,0.187,593,0.164,304,0.229,280,0.211,0.09,0.08,0.32,2.4,0.02,0.08,0.02,0.02,0.07,0.21,Likely Decreasing
"Chattahoochee County, GA",13053,Medium metro,"Columbus, GA-AL",Metropolitan,GA,4,10907,0.034,0.001,0,0,0,0,0,2,18,0,0,-0.97,,0.001,77,706,0,0,4276,39204,16,147,1,5,ModerateBurdenResolving,Recent,Moderate,High,0.017,27,248,0,0.56,0.017,-0.25,0,-0.44,0,36,330,0,1,,,,,,,,,,,,,,,,,,,,,,,,,,,25764,0.999,19141,0.999,77,,925,,13,,-0.1713,0,0,589,0.999,205,0.406,25172,0.999,18934,0.999,2137,0.999,1744,0.999,0.06,0.18,0.05,2.8,0.18,0.17,0.01,0.03,0.64,0.21,Uncertain
"Isabela Municipio, PR",72071,,"Aguadilla-Isabela, PR",Metropolitan,PR,2,,,,,0,0,0,0,2,5,0,0,-0.67,,0,6,15,0,0,1395,3451,0,0,0,,,,Low,Moderate,0.007,206,510,,,-0.036,-0.16,,,0.042,244,604,,,,,,,,,,,,,,,,,,,,,,,,,,,,,16947,0.419,12323,0.305,137,0.048,598,0.018,80,0.01,-0.0195,-0.0121,-0.0126,657,0.228,143,0.05,16284,0.491,12180,0.367,4553,0.545,3832,0.459,0.06,0.55,,,,,,,,,
"Lander County, NV",32015,Non-core,,,NV,9,5532,,0.002,0,0,0,0,0,2,36,0,0,1,,0,1,18,0,0,470,8496,9,163,0,9,ModerateBurden,,Moderate,High,0,7,127,1,1,-0.143,0,1,0,0.143,7,127,0,1,0,0,0,0,0.17,0,,,,,,,-0.03,0,,,,,1,5,0,0,1,1,1,1,1599,0.289,1436,0.26,1,0.002,8,0.002,1,0.001,-0.011,-0.0034,-0.0079,24,0.053,10,0.022,1575,0.386,1426,0.349,499,0.564,453,0.512,0.08,0.15,0.16,2.7,0.01,0.23,0.04,0.01,0.83,0.71,Uncertain
"Douglas County, IL",17041,Non-core,,,IL,5,19465,,0.002,0,0,0,0,0,2,10,1,5.1,-0.6,,0,5,26,0,0,2603,13373,35,180,0,25,ModerateBurden,,Moderate,Moderate,0.02,182,935,0,1,0.001,-0.3,0,0,0.019,259,1331,0,1,,,,,,,,,,,,,,,,,,,,,,,,,,,7302,0.375,5734,0.295,32,0.019,127,0.009,19,0.005,0.0006,-0.0023,-0.0028,240,0.141,111,0.065,7050,0.481,5620,0.383,2637,0.739,2218,0.622,0.14,0.11,0.18,2.6,0.01,0.07,0,0.01,0.44,0.59,Uncertain
"Hatillo Municipio, PR",72065,,"Arecibo, PR",Metropolitan,PR,2,,,,,0,0,0,0,2,5,0,0,1,,0,1,3,0,0,1141,2909,0,0,0,,,,Low,Low,0.023,321,819,,,-0.012,-0.22,,,0.035,413,1053,,,,,,,,,,,,,,,,,,,,,,,,,,,,,18410,0.469,14345,0.366,131,0.047,479,0.015,57,0.007,-0.0405,-0.0059,-0.0014,841,0.301,283,0.101,17565,0.546,14061,0.437,4720,0.569,4128,0.498,0.05,0.46,,,,,,,,,
"Conway County, AR",5029,Non-core,,,AR,6,20846,,0.007,0,0,0,0,0,2,10,0,0,-0.5,,0,4,19,0,0,2250,10793,33,158,0,11,LowBurden,,Moderate,Moderate,0,39,187,0,1,-0.029,2.25,0,0,0.029,12,58,0,1,0,0,0,0,0.22,0,,,0,0,,,-0.01,0,,,0,0,1,25,0,1,1,1,1,1,8295,0.398,7197,0.345,22,0.014,90,0.006,12,0.003,-0.0038,-0.002,-0.0002,197,0.124,103,0.065,8093,0.501,7093,0.439,3028,0.736,2797,0.68,0.07,0.18,0.2,2.4,0.11,0.04,0.01,0,0.76,0.8,Uncertain
"Blaine County, ID",16013,Micropolitan,"Hailey, ID",Micropolitan,ID,10,23021,0.954,0.013,0,0,0,0,0,2,9,0,0,0,,0,2,9,0,0,2388,10373,18,78,0,50,LowBurden,,Low,Low,0,214,930,1,0.99,-0.021,-0.29,0,0,0.021,303,1316,1,0.98,0,0,0,0,0.23,0,,,0,0,-1,,-0.12,-0.01,,,-0.04,0,1,37,0,4,1,1,1,1,15036,0.653,13316,0.578,,,152,0.008,7,,0,-0.0034,0,7,0.004,4,0.002,15029,0.827,13312,0.733,4746,0.999,4445,0.949,0.14,0.14,0.2,2.6,0,0.23,0,0.01,0.32,0.37,Uncertain
"Churchill County, NV",32001,Micropolitan,"Fallon, NV",Micropolitan,NV,9,24909,1,0.008,0,0,0,0,0,2,8,0,0,-0.83,,0,12,48,0,0,2076,8334,49,197,0,6,LowBurden,,Moderate,Moderate,0.058,215,863,0,0.96,0.021,-0.18,0,-0.02,0.037,262,1052,0,0.99,3,12,0,0,0.61,0.04,0.32,0.18,0,0,,,0.01,-0.03,0.04,0.18,0,0,1,25,4,5,1,1,1,1,8916,0.358,7482,0.3,13,0.007,179,0.009,18,0.004,-0.0112,-0.0027,-0.0008,228,0.127,95,0.053,8687,0.452,7387,0.385,3590,0.754,3210,0.675,0.12,0.13,0.19,2.4,0.02,0.14,0.04,0.03,0.6,0.41,Uncertain
"Richland County, WI",55103,Non-core,,,WI,5,17252,,0.003,0,0,0,0,0,2,12,0,0,-0.71,-1,0,7,41,1,5.8,1397,8098,16,93,0,3,ModerateBurden,,Moderate,Moderate,0.007,123,713,1,1,-0.049,-0.26,1,0,0.056,167,968,0,1,0,0,0,0,0.51,0,0.48,0,0,0,,,0.01,0,0.29,0,0,0,1,25,3,10,1,1,1,1,8400,0.487,7611,0.441,19,0.013,72,0.005,6,0.001,-0.0367,-0.0006,0,370,0.261,142,0.1,8030,0.594,7469,0.553,3384,0.833,3263,0.803,0.08,0.14,0.24,2.2,0.01,0.03,0,0.01,0.31,0.24,Uncertain
"Edwards County, IL",17047,Non-core,,,IL,5,6395,,0.001,0,0,0,0,0,2,31,0,0,0,,0,2,31,0,0,576,9007,12,188,0,34,ModerateBurden,,Moderate,Moderate,0,33,516,0,1,-0.044,-0.27,0,0,0.044,45,704,0,1,,,,,,,,,,,,,,,,,,,,,,,,,,,1953,0.305,1665,0.26,2,0.004,10,0.002,5,0.004,-0.0041,-0.0022,-0.0036,25,0.051,12,0.024,1926,0.389,1653,0.334,947,0.677,839,0.6,0.06,0.1,0.22,2.3,0.01,0.01,0,0,0.24,0.6,Uncertain
"Sabana Grande Municipio, PR",72121,,"San Germán, PR",Metropolitan,PR,2,,,,,0,0,0,0,2,9,0,0,-0.78,,0,9,41,0,0,385,1773,0,0,0,,,,Low,Moderate,0,54,249,,,-0.016,-0.29,,,0.016,76,350,,,,,,,,,,,,,,,,,,,,,,,,,,,,,13547,0.624,10945,0.504,165,0.107,181,0.01,23,0.004,0.0136,-0.0102,-0.0054,686,0.444,173,0.112,12861,0.722,10772,0.605,4113,0.797,3733,0.723,0.06,0.47,,,,,,,,,
"Lafayette County, WI",55065,Non-core,,,WI,5,16665,,0.003,0,0,0,0,0,2,12,0,0,-0.33,,0,3,18,0,0,1730,10381,10,60,0,47,ModerateBurden,,Moderate,Moderate,0,131,786,0,1,-0.019,-0.27,-1,0,0.019,179,1074,1,1,0,0,0,0,0.13,0,,,0,0,,,0.01,0,,,0,0,1,25,0,1,1,1,1,1,8197,0.492,7430,0.446,22,0.015,73,0.006,10,0.003,-0.0775,-0.0014,-0.0015,295,0.208,95,0.067,7901,0.623,7335,0.579,2917,0.903,2838,0.879,0.08,0.11,0.19,2.5,0,0.04,0,0,0.16,0.33,Uncertain
"Colleton County, SC",45029,Non-core,,,SC,4,37677,,0.007,0,0,0,0,0,2,5,0,0,-0.85,-1,0,13,35,1,2.7,3680,9767,129,342,0,36,LowBurden,,Low,Moderate,0.032,260,690,1,1,-0.024,-0.37,0,0.02,0.056,411,1091,1,0.98,3,2,2,1,0.4,0.02,0.68,0.14,0.07,0.01,-0.25,-0.33,0.02,0.01,0.07,0.14,0.01,0.01,1,135,8,25,1,1,1,1,12679,0.337,10227,0.271,28,0.01,246,0.008,44,0.006,-0.0063,-0.0009,0.0001,187,0.065,80,0.028,12487,0.427,10146,0.347,5329,0.683,4678,0.6,0.12,0.21,0.21,2.4,0.37,0.03,0.01,0,0.8,0.67,Uncertain
"Searcy County, AR",5129,Non-core,,,AR,6,7881,,0.003,0,0,0,0,0,2,25,0,0,-0.87,,0,15,190,0,0,719,9123,18,228,0,3,ModerateBurden,,Moderate,High,0,17,216,0,1,-0.143,0.55,0,0,0.143,11,140,0,1,,,,,,,,,,,,,,,,,,,,,,,,,,,2209,0.28,1944,0.247,1,0.002,15,0.002,4,0.002,-0.0037,-0.0046,-0.0039,11,0.02,6,0.011,2198,0.347,1938,0.306,1168,0.57,1081,0.528,0.07,0.21,0.26,2.4,0,0.03,0.01,0,0.44,0.71,Uncertain
"Allendale County, SC",45005,Non-core,,,SC,4,8688,,0.002,0,0,0,0,0,2,23,0,0,1,,0,1,12,0,0,949,10923,15,173,0,12,ModerateBurden,,Moderate,Moderate,0,53,610,1,1,-0.046,-0.35,0,0.02,0.046,81,932,1,0.98,0,0,0,0,0.33,0,,,0,0,,,0.09,0,,,0,0,1,25,0,4,1,1,1,1,3455,0.398,2960,0.341,3,0.005,102,0.015,5,0.003,-0.0017,-0.003,-0.0006,29,0.049,12,0.02,3421,0.486,2945,0.419,1217,0.669,1114,0.613,0.12,0.27,0.21,2.4,0.72,0.04,0,0.01,0.99,0.97,Uncertain
"Randolph County, GA",13243,Non-core,,,GA,4,6778,,0.001,0,0,205,0.03,0,2,30,0,0,1,,0,1,15,0,0,632,9324,34,502,0,98,ModerateBurden,,Moderate,High,0.053,20,295,0,1,-0.058,-0.39,0,0.19,0.111,33,487,0,0.81,0,,0,,,,,,,,,,,,,,,,1,0,0,0,0,0,0,0,534,0.079,334,0.049,4,0.009,30,0.006,11,0.007,-0.0111,-0.0006,0.0036,22,0.049,2,0.004,512,0.095,332,0.061,194,0.116,135,0.081,0.16,0.37,0.25,2.6,0.61,0.03,0,0.01,0.97,0.99,Uncertain
"Bamberg County, SC",45009,Non-core,,,SC,4,14066,,0.003,0,0,480,0.034,0,2,14,0,0,-0.75,,0,8,57,0,0,1594,11332,51,363,0,21,ModerateBurden,,Moderate,Substantial,0.058,139,988,1,0.99,0.045,0.28,0,0.01,0.013,109,775,1,0.98,,,,,,,,,,,,,,,,,,,,,,,,,,,4613,0.328,4046,0.288,3,0.003,54,0.005,17,0.005,0,-0.0022,0.0013,23,0.024,10,0.011,4589,0.402,4036,0.353,2034,0.645,1870,0.593,0.13,0.26,0.22,2.5,0.6,0.02,0,0.01,0.95,0.98,Uncertain
"Scott County, AR",5127,Non-core,,,AR,6,10281,,0.003,0,0,0,0,0,2,19,0,0,-0.33,,0,3,29,0,0,945,9192,14,136,0,23,ModerateBurden,,Moderate,Moderate,0.034,33,321,0,0.83,0.034,0.22,0,-0.13,0,27,263,0,0.96,0,0,2,12,0.18,0,,,0,0,,,0.01,0,,,0,0,1,17,0,1,1,1,1,1,2774,0.27,2336,0.227,8,0.01,39,0.005,1,0,0.0036,-0.0038,-0.0068,39,0.047,19,0.023,2734,0.345,2317,0.293,1157,0.525,1026,0.465,0.09,0.22,0.21,2.7,0.01,0.08,0.02,0.03,0.89,0.84,Uncertain
"Vinton County, OH",39163,Non-core,,,OH,5,13085,,0.001,0,0,0,0,0,2,15,0,0,,,0,0,0,0,0,853,6519,17,130,0,15,ModerateBurden,,Moderate,Low,0,85,650,1,0.98,0,-0.37,0,-0.01,0,134,1024,1,0.99,,,,,,,,,,,,,,,,,,,,,,,,,,,3592,0.275,3543,0.271,3,0.003,29,0.003,2,0.001,-0.0182,-0.0042,-0.0041,88,0.084,48,0.046,3504,0.342,3495,0.341,1418,0.584,1418,0.584,0.09,0.21,0.19,2.6,0.01,0.01,0,0,0.72,0.79,Uncertain
"Niobrara County, WY",56027,Non-core,,,WY,8,2356,,0.004,0,0,0,0,0,2,85,0,0,,,0,0,0,0,0,164,6961,2,85,0,23,ModerateBurden,,Substantial,Low,0,20,849,2,1,0,-0.71,-1,0,0,70,2971,3,1,0,0,0,0,0.59,0,,,,,,,0,0,,,,,1,24,0,0,1,1,1,1,558,0.237,511,0.217,,,7,0.004,,,0,0.0031,-0.0018,1,0.008,,,557,0.287,511,0.263,307,0.558,280,0.509,0.16,0.16,0.23,2.2,0.01,0.04,0.01,0.01,0.34,0.12,Uncertain
"Polk County, AR",5113,Non-core,,,AR,6,19964,,0.007,0,0,0,0,0,2,10,0,0,-0.8,,0,10,50,0,0,2012,10078,74,371,0,3,ModerateBurden,,Moderate,Substantial,0.071,36,180,0,0.97,-0.01,0.33,0,-0.01,0.082,27,135,0,0.98,4,7,0,0,0.35,0.04,0.62,0.33,0.14,0.09,3,,0.05,0.03,0.24,0.24,0.14,0.09,1,60,6,5,1,1,1,1,5078,0.254,4120,0.206,14,0.008,55,0.004,6,0.001,-0.0006,-0.0018,-0.0036,82,0.05,38,0.023,4993,0.324,4081,0.265,2305,0.489,1891,0.401,0.12,0.25,0.24,2.4,0.01,0.07,0.02,0.01,0.89,0.7,Uncertain
"Madison County, NC",37115,Medium metro,"Asheville, NC",Metropolitan,NC,4,21755,0.047,0.002,0,0,1088,0.05,0,2,9,0,0,,,0,0,0,0,0,1605,7378,42,193,0,14,LowBurden,,Low,Low,0.01,96,441,1,0.99,0.007,-0.69,1,0.02,0.004,308,1416,0,0.97,,,,,,,,,,,,,,,,,,,,,,,,,,,8156,0.375,7241,0.333,1,0.001,54,0.003,14,0.003,-0.0202,-0.0009,0,79,0.057,39,0.028,8073,0.45,7202,0.401,3697,0.734,3425,0.68,0.1,0.18,0.23,2.4,0.01,0.02,0,0,0.46,0.56,Uncertain
"Howard County, AR",5061,Non-core,,,AR,6,13202,,0.004,0,0,0,0,0,2,15,0,0,-0.33,,0,3,23,0,0,1667,12627,25,189,0,5,ModerateBurden,,Moderate,Moderate,0.024,46,348,0,1,0.006,0.7,0,0,0.019,27,205,0,1,0,0,0,0,0.76,0,0.57,0,0,0,-1,,-0.06,-0.02,-0.07,-0.14,0,0,1,15,2,10,1,1,1,1,4253,0.322,3761,0.285,14,0.012,42,0.004,3,0.001,0.0114,0.0014,-0.0008,41,0.036,16,0.014,4211,0.432,3745,0.384,1701,0.713,1579,0.662,0.09,0.19,0.18,2.6,0.21,0.13,0.01,0.01,0.9,0.84,Uncertain
"Tunica County, MS",28143,Large fringe metro,"Memphis, TN-MS-AR",Metropolitan,MS,4,9632,0.007,0.003,0,0,0,0,0,2,21,1,10.4,-0.82,,0,11,114,0,0,1078,11192,27,280,0,3,ModerateBurden,,Moderate,High,0.038,68,706,0,1,-0.052,0.08,-1,0.01,0.09,63,654,1,0.99,,,,,,,,,,,,,,,,,,,,,,,,,,,2920,0.303,2271,0.236,43,0.049,48,0.007,5,0.004,0.0434,0.0016,0.0008,69,0.079,11,0.013,2851,0.417,2260,0.331,936,0.755,803,0.648,0.15,0.22,0.13,2.6,0.77,0.03,0,0.01,0.97,0.99,Uncertain
"Bryan County, OK",40013,Micropolitan,"Durant, OK",Micropolitan,OK,6,47995,1,0.012,0,0,2875,0.06,0,2,4,0,0,-0.67,-1,0,6,13,6,12.5,6126,12764,78,163,0,25,LowBurden,,Low,High,0,30,63,1,0.97,-0.105,-0.17,0,-0.01,0.105,36,75,1,0.97,0,0,0,0,0.48,0,0.8,0,0.15,0,,,0.06,0,0.2,0,0.13,0,1,138,8,10,1,1,1,1,13508,0.281,11633,0.242,12,0.003,117,0.003,30,0.003,-0.0052,0.0004,0.0015,178,0.049,80,0.022,13330,0.362,11553,0.314,5398,0.624,4842,0.56,0.17,0.17,0.18,2.6,0.02,0.06,0.14,0.01,0.81,0.47,Uncertain
"Caswell County, NC",37033,Non-core,,,NC,4,22604,,0.002,0,0,0,0,0,2,9,1,4.4,0,,0,2,9,0,0,2188,9680,30,133,0,26,LowBurden,,Low,Low,0.022,221,978,1,0.97,-0.002,-0.05,0,-0.03,0.024,233,1031,1,1,,,,,,,,,,,,,,,,,,,,,,,,,,,8542,0.378,7561,0.334,14,0.009,73,0.004,15,0.003,-0.0128,-0.0007,0.0012,125,0.08,45,0.029,8414,0.458,7516,0.409,3664,0.732,3403,0.68,0.09,0.2,0.22,2.4,0.32,0.05,0,0.01,0.84,0.91,Uncertain
"Rabun County, GA",13241,Non-core,,,GA,4,17137,,0.002,0,0,0,0,0,2,12,0,0,-0.67,,0,6,35,0,0,1770,10329,49,286,0,37,ModerateBurden,,Moderate,Moderate,0,60,350,0,0.81,-0.018,-0.3,0,-0.08,0.018,86,502,0,0.89,0,0,0,0,0.21,0,0,0,0,0,,,-0.06,0,-0.18,0,0,0,1,20,4,3,1,1,1,1,3584,0.209,3234,0.189,26,0.024,96,0.007,19,0.004,0.0168,0.001,-0.0015,87,0.081,49,0.046,3497,0.245,3185,0.223,1777,0.369,1720,0.357,0.18,0.19,0.28,2.4,0.01,0.08,0,0.01,0.53,0.79,Uncertain
"Crook County, WY",56011,Non-core,"Gillette, WY",Micropolitan,WY,8,7584,0.125,0.013,0,0,0,0,0,2,26,0,0,-0.75,,0,8,105,0,0,448,5907,12,158,0,1,ModerateBurden,,Moderate,High,0,28,369,2,1,-0.107,0.65,0,0.14,0.107,17,224,2,0.86,0,0,0,0,0.18,0,,,0,0,,,-0.14,0,,,0,0,1,19,0,2,1,1,1,1,1645,0.217,1499,0.198,,,26,0.005,6,0.004,0,0.0016,0,2,0.003,1,0.002,1643,0.288,1498,0.262,900,0.562,857,0.535,0.1,0.07,0.21,2.5,0.01,0.02,0.01,0,0.03,0,Uncertain
"Garvin County, OK",40049,Non-core,,,OK,6,27711,,0.007,0,0,0,0,0,2,7,0,0,-0.6,-1,0,5,18,1,3.6,3620,13063,79,285,0,2,LowBurden,,Low,Moderate,0.022,121,437,0,1,0.015,-0.14,0,0,0.006,140,505,0,1,0,0,0,0,1,0,,,0,0,,-1,0,0,,,0,0,1,14,0,9,1,1,1,1,10257,0.37,8645,0.312,17,0.007,66,0.003,3,0.001,0.0013,-0.0003,-0.0024,159,0.069,69,0.03,10098,0.484,8576,0.411,4156,0.823,3715,0.736,0.16,0.16,0.18,2.6,0.02,0.09,0.08,0,0.51,0.69,Uncertain
"Hertford County, NC",37091,Non-core,,,NC,4,23677,,0.002,0,0,1356,0.057,0,2,8,0,0,,-1,0,0,0,1,4.2,2111,8916,64,270,0,37,LowBurden,,Low,Low,0.017,184,777,1,1,0.012,-0.04,0,0,0.004,191,807,1,1,1,2,0,0,0.81,0.04,0.98,0.09,0.05,0,0,,0,0.03,0.12,0,0,0,1,60,8,12,1,1,1,1,6767,0.286,4387,0.185,6,0.004,40,0.002,4,0.001,-0.0006,-0.0019,-0.0023,55,0.034,25,0.016,6709,0.348,4360,0.226,2921,0.604,1834,0.379,0.12,0.23,0.2,2.5,0.6,0.04,0.01,0.01,0.99,0.99,Uncertain
"Caddo County, OK",40015,Non-core,,,OK,6,28762,,0.007,0,0,0,0,0,2,7,0,0,-0.5,-1,0,4,14,7,24.3,3978,13831,96,334,0,3,LowBurden,,Low,Moderate,0.024,164,570,1,1,0.003,-0.13,0,0,0.022,189,657,1,1,0,0,0,0,0.47,0,,,0.22,0,,,0.08,0,,,0.05,0,2,42,0,14,1,1,1,1,13724,0.477,11767,0.409,26,0.011,102,0.005,7,0.001,-0.0214,-0.0003,-0.0019,420,0.176,178,0.075,13304,0.616,11589,0.536,4698,0.966,4243,0.873,0.19,0.2,0.17,2.8,0.03,0.13,0.21,0,0.95,0.96,Uncertain
"Dodge County, GA",13091,Non-core,,,GA,4,20605,,0.002,0,0,0,0,0,2,10,1,4.9,1,0,0,1,5,1,4.9,2112,10250,104,505,0,8,LowBurden,,Moderate,Low,0.034,20,97,0,0.97,0.034,-0.59,0,-0.03,0,49,238,0,1,0,0,0,0,0.96,0.04,0.76,0.17,0,0,-1,,-0.02,0,-0.17,0,-0.05,0,1,27,6,6,1,1,1,1,790,0.038,659,0.032,8,0.006,40,0.002,4,0.001,0,-0.0002,0.0003,26,0.019,5,0.004,764,0.046,654,0.039,195,0.051,173,0.045,0.11,0.24,0.19,2.4,0.3,0.04,0,0.01,0.92,0.86,Uncertain
"Lincoln County, WY",56023,Non-core,,,WY,8,19830,,0.034,0,0,0,0,0,2,10,0,0,0,,0,2,10,0,0,1415,7136,12,61,0,20,ModerateBurden,,Moderate,Moderate,0,45,227,1,0.96,0,-0.12,0,-0.04,0,51,257,1,1,0,0,0,0,0.18,0,0,0,0,0,-1,,0.01,0,0,0,0,0,2,76,4,13,1,1,1,1,5734,0.289,5056,0.255,16,0.009,72,0.005,9,0.003,0.0049,0.001,-0.0011,85,0.046,26,0.014,5649,0.387,5030,0.345,2328,0.651,2172,0.607,0.13,0.09,0.18,2.7,0.01,0.05,0.01,0,0.08,0.17,Uncertain
"Abbeville County, SC",45001,Micropolitan,,,SC,4,24527,,0.005,0,0,574,0.023,0,2,8,0,0,-0.8,,0,10,41,0,0,2599,10596,41,167,0,54,LowBurden,,Low,Moderate,0.006,175,713,1,0.99,-0.033,-0.33,0,0.01,0.039,263,1072,1,0.98,1,6,0,0,0.7,0,0.5,0,0,0,-0.88,-1,-0.05,-0.06,0.02,0,0,0,1,18,6,4,1,1,1,1,7708,0.314,6827,0.278,7,0.004,80,0.004,14,0.003,-0.0093,-0.0002,-0.0002,114,0.063,58,0.032,7591,0.386,6768,0.344,3445,0.628,3248,0.592,0.12,0.23,0.22,2.5,0.27,0.02,0,0,0.86,0.7,Uncertain
"Moultrie County, IL",17139,Non-core,,,IL,5,14501,,0.001,0,0,0,0,0,2,14,0,0,-0.6,,0,5,34,0,0,1626,11213,28,193,0,42,ModerateBurden,,Moderate,Moderate,0.022,143,986,0,0.99,-0.013,-0.05,0,-0.01,0.035,150,1034,0,1,,,,,,,,,,,,,,,,,,,,,,,,,,,4804,0.331,4078,0.281,8,0.006,72,0.007,22,0.008,-0.0075,-0.0006,0.0021,88,0.066,30,0.023,4716,0.435,4048,0.374,2161,0.768,1857,0.66,0.15,0.09,0.19,2.4,0.01,0.02,0,0,0.29,0.54,Uncertain
"Pulaski County, IL",17153,Non-core,,,IL,5,5335,,0,0,0,0,0,0,2,37,0,0,0,,0,2,37,0,0,697,13065,7,131,0,5,ModerateBurden,,Moderate,Moderate,0.015,61,1143,1,0.88,0,-0.27,0,-0.05,0.014,83,1556,1,0.93,,,,,,,,,,,,,,,,,,,,,,,,,,,1714,0.321,1252,0.235,5,0.012,31,0.007,6,0.005,0.0071,0.0029,0.0016,25,0.059,7,0.016,1687,0.402,1245,0.296,790,0.64,606,0.491,0.03,0.19,0.23,2.6,0.3,0.03,0.01,0,0.69,0.98,Uncertain
"Marion County, AR",5089,Non-core,,,AR,6,16694,,0.006,0,0,0,0,0,2,12,0,0,0,,0,2,12,0,0,1069,6403,30,180,0,9,ModerateBurden,,Moderate,Moderate,0,68,407,0,1,-0.015,3.86,0,0,0.015,14,84,0,1,,,,,,,,,,,,,,,,,,,,,,,,,,,4565,0.273,3673,0.22,3,0.003,47,0.003,16,0.003,-0.0019,-0.0003,-0.0002,27,0.025,13,0.012,4538,0.332,3660,0.268,2493,0.513,2042,0.42,0.07,0.21,0.29,2.4,0.01,0.02,0.01,0.01,0.52,0.66,Uncertain
"Kingfisher County, OK",40073,Non-core,,,OK,6,15765,,0.004,0,0,0,0,0,2,13,0,0,,-1,0,0,0,3,19,2058,13054,41,260,0,34,ModerateBurden,,Moderate,Low,0.029,26,165,1,0.97,0,-0.52,0,-0.03,0.029,54,343,1,1,0,0,2,10,0.23,0.05,,,0.02,0,-1,1,0.01,0.02,,,0.02,0,1,20,0,8,1,1,1,1,5472,0.347,4347,0.276,14,0.01,49,0.004,5,0.002,0.0055,0.0004,0.0008,94,0.065,41,0.028,5377,0.466,4305,0.373,1927,0.747,1608,0.623,0.11,0.11,0.16,2.7,0.01,0.16,0.03,0,0.38,0.58,Uncertain
"Van Wert County, OH",39161,Micropolitan,"Van Wert, OH",Micropolitan,OH,5,28275,1,0.002,0,0,0,0,0,2,7,0,0,-0.78,,0,9,32,0,0,2466,8721,64,226,0,6,LowBurden,,Low,Moderate,0.014,121,428,1,0.87,-0.052,-0.27,0,-0.13,0.066,165,584,1,1,1,4,0,0,0.35,0.03,0.43,0.05,0,0,-0.5,,-0.04,-0.03,-0.19,-0.1,0,0,1,26,6,3,1,1,1,1,5909,0.209,5768,0.204,35,0.015,99,0.005,26,0.005,-0.0026,-0.0024,0.0016,201,0.087,84,0.036,5708,0.263,5684,0.262,1577,0.287,1712,0.311,0.06,0.11,0.19,2.4,0.01,0.04,0,0,0.17,0.12,Uncertain
"Sharkey County, MS",28125,Non-core,,,MS,4,4321,,0.001,0,0,0,0,0,2,46,0,0,0,,0,2,46,0,0,508,11757,17,393,0,123,ModerateBurden,,Moderate,Moderate,0,4,93,0,1,0,1,0,0,0,2,46,0,1,0,0,0,0,0.18,0,,,0,0,,,-0.01,0,,,0,0,1,29,0,3,1,1,1,1,1759,0.407,1349,0.312,1,0.003,36,0.011,3,0.003,-0.0052,0.0101,0.0035,11,0.029,4,0.01,1748,0.537,1345,0.413,669,0.773,561,0.648,0.2,0.26,0.2,2.5,0.7,0.02,0,0.01,0.97,0.96,Uncertain
"Pamlico County, NC",37137,Small metro,"New Bern, NC",Metropolitan,NC,4,12726,0.102,0.001,0,0,0,0,0,2,16,0,0,,,0,0,0,0,0,1121,8809,13,102,0,53,ModerateBurden,,Moderate,Low,0.018,156,1226,1,0.98,0.013,-0.39,0,-0.01,0.005,254,1996,1,0.99,,,,,,,,,,,,,,,,,,,,,,,,,,,5722,0.45,5013,0.394,3,0.004,27,0.002,5,0.001,-0.0014,0.0006,0.0003,29,0.039,12,0.016,5687,0.526,5001,0.463,3010,0.779,2837,0.734,0.12,0.14,0.3,2.2,0.19,0.04,0.01,0.01,0.72,0.84,Uncertain
"Sublette County, WY",56035,Non-core,,,WY,8,9831,,0.017,0,0,0,0,0,2,20,0,0,-0.33,,0,3,31,0,0,797,8107,7,71,0,48,ModerateBurden,,Moderate,Moderate,0,34,346,1,1,0,-0.08,0,0,0,37,376,1,1,,,,,,,,,,,,,,,,,,,,,,,,,,,2539,0.258,2117,0.215,17,0.022,21,0.003,3,0.001,0.0183,0.0005,0.0005,28,0.037,7,0.009,2511,0.328,2110,0.275,1050,0.521,944,0.468,0.13,0.08,0.21,3,0.01,0.07,0.01,0.01,0.03,0.01,Uncertain
"Kershaw County, SC",45055,Medium metro,"Columbia, SC",Metropolitan,SC,4,66551,0.079,0.013,0,0,0,0,0,2,3,0,0,-0.85,,0,13,20,0,0,7548,11342,141,212,0,35,LowBurden,,Low,Moderate,0.01,600,902,1,0.89,0,-0.1,0,-0.05,0.01,667,1002,1,0.94,3,4,4,5,0.55,0.03,0.44,0.03,0.11,0,-0.25,3,-0.13,0.02,-0.1,0.01,-0.11,0,1,76,10,5,1,1,1,1,27513,0.413,21599,0.325,72,0.013,718,0.014,322,0.026,-0.0448,0.0045,0.0216,965,0.176,387,0.071,26498,0.518,21201,0.414,9767,0.785,7804,0.627,0.11,0.16,0.19,2.6,0.24,0.05,0,0.01,0.5,0.51,Uncertain
"Montgomery County, GA",13209,Micropolitan,"Vidalia, GA",Micropolitan,GA,4,9172,0.255,0.001,0,0,454,0.049,0,2,22,1,10.9,0,,0,2,22,0,0,897,9780,22,240,0,25,ModerateBurden,,Moderate,Moderate,0.056,22,240,0,0.94,-0.011,-0.39,0,-0.06,0.067,36,392,0,1,,,,,,,,,,,,,,,,,,,,,,,,,,,1179,0.129,1073,0.117,1,0.002,34,0.005,7,0.004,0,0.0007,0.0012,5,0.008,1,0.002,1174,0.16,1072,0.146,497,0.309,468,0.291,0.15,0.21,0.18,2.7,0.25,0.07,0,0.01,0.85,0.91,Uncertain
"Poinsett County, AR",5111,Small metro,"Jonesboro, AR",Metropolitan,AR,6,23528,0.176,0.008,0,0,0,0,0,2,9,0,0,-0.33,,0,3,13,0,0,3187,13546,77,327,0,11,LowBurden,,Low,Moderate,0.004,217,922,0,0.99,-0.003,3.72,0,0,0.007,46,196,0,0.99,,,,,,,,,,,,,,,,,,,,,,,,,,,7181,0.305,5726,0.243,10,0.005,70,0.004,7,0.002,-0.007,-0.0023,-0.0025,81,0.044,33,0.018,7098,0.395,5692,0.317,2770,0.641,2246,0.52,0.11,0.22,0.18,2.5,0.08,0.03,0,0,0.83,0.9,Uncertain
"Morgan County, IL",17137,Micropolitan,"Jacksonville, IL",Micropolitan,IL,5,33658,0.872,0.003,0,0,1513,0.045,0,2,6,0,0,-0.8,,0,10,30,0,0,3925,11661,82,244,0,20,LowBurden,,Low,Moderate,0.004,489,1453,1,0.98,-0.005,-0.3,0,-0.02,0.009,700,2080,1,1,3,5,0,0,0.38,0.02,0.34,0.05,0,0,0.5,,0.01,-0.01,-0.04,-0.04,-0.06,-0.04,1,61,8,11,1,1,1,1,14630,0.435,11670,0.347,50,0.022,184,0.007,17,0.002,-0.0035,-0.0017,-0.0007,376,0.166,148,0.065,14240,0.522,11522,0.422,5776,0.849,4855,0.714,0.04,0.15,0.2,2.2,0.07,0.03,0,0.01,0.5,0.54,Uncertain
"Madison County, MO",29123,Non-core,,,MO,7,12088,,0.002,0,0,0,0,0,2,17,0,0,-0.6,,0,5,41,0,0,1679,13890,16,132,0,17,ModerateBurden,,Moderate,Moderate,0.013,78,645,1,1,-0.028,-0.35,0,0.01,0.042,120,993,1,0.99,0,0,0,0,0.23,0,,,0.04,0,,,-0.03,0,,,0.04,0,1,17,0,7,1,1,1,1,3231,0.267,2757,0.228,8,0.008,42,0.005,10,0.004,-0.001,-0.0001,-0.0004,39,0.04,13,0.013,3191,0.343,2744,0.295,1448,0.611,1296,0.547,0.09,0.16,0.2,2.4,0.01,0.02,0,0.01,0.48,0.48,Uncertain
"Mercer County, MO",29129,Non-core,,,MO,7,3617,,0.001,0,0,0,0,0,2,55,0,0,,,0,0,0,0,0,302,8349,2,55,0,77,ModerateBurden,,Substantial,Moderate,0.077,12,332,1,0.92,0.018,-0.52,1,-0.08,0.059,25,691,0,1,,,,,,,,,,,,,,,,,,,,,,,,,,,984,0.272,832,0.23,,,9,0.003,,,-0.0099,0.0004,-0.0025,6,0.02,1,0.003,978,0.355,831,0.302,451,0.554,401,0.493,0.17,0.11,0.23,2.7,0,0.03,0.01,0.01,0.3,0.48,Uncertain
"Utuado Municipio, PR",72141,,"Aguadilla-Isabela, PR",Metropolitan,PR,2,,,,,0,0,0,0,2,7,0,0,-0.75,,0,8,29,0,0,895,3267,0,0,0,,,,Low,Moderate,0.029,251,916,,,0,-0.41,,,0.029,429,1566,,,0,0,0,0,0.75,0,,,0,0,,,0.15,0,,,0,0,1,26,0,2,1,1,1,1,12746,0.465,9246,0.338,74,0.038,388,0.017,52,0.008,-0.0138,-0.0087,-0.0059,537,0.275,229,0.117,12208,0.543,9017,0.401,3872,0.618,3217,0.514,0.06,0.52,,,,,,,,,
"Tallahatchie County, MS",28135,Non-core,,,MS,4,13809,,0.005,0,0,0,0,0,2,14,0,0,0,,0,2,14,0,0,1798,13020,41,297,0,21,ModerateBurden,,Moderate,Moderate,0.027,32,232,1,1,0.027,-0.14,1,0,0,37,268,0,1,0,0,0,0,0.71,0,,,0,0,,,0.18,0,,,0,0,1,17,0,4,1,1,1,1,3896,0.282,3071,0.222,7,0.008,80,0.007,14,0.007,0.0023,0.0042,0.0028,28,0.032,7,0.008,3867,0.348,3064,0.276,1372,0.651,1190,0.565,0.11,0.31,0.15,2.6,0.56,0.07,0,0.01,0.97,0.93,Uncertain
"Dolores County, CO",8033,Non-core,,,CO,8,2055,,0,0,0,0,0,0,2,97,0,0,0,,0,2,97,0,0,113,5499,1,49,0,9,ModerateBurden,,Substantial,High,0,10,487,1,1,-0.1,-0.41,0.5,0,0.1,17,827,0.5,1,,,,,,,,,,,,,,,,,,,,,,,,,,,449,0.218,382,0.186,,,6,0.004,1,0.002,-0.0135,-0.0012,0.0019,14,0.095,4,0.027,435,0.263,378,0.228,130,0.242,103,0.191,0.05,0.14,0.26,2.5,0,0.06,0.03,0,0.15,0.04,Uncertain
"Knott County, KY",21119,Non-core,,,KY,4,14806,,0.003,0,0,618,0.042,0,1,7,1,6.8,-0.67,,0,3,20,0,0,1150,7767,24,162,0,27,LowBurden,,Low,Moderate,0,107,723,0,1,-0.015,-0.28,0,0,0.015,149,1006,0,1,,,,,,,,,,,,,,,,,,,,,,,,,,,5262,0.355,4645,0.314,11,0.011,57,0.005,8,0.003,0.002,-0.0009,-0.0007,81,0.083,39,0.04,5181,0.437,4606,0.388,1793,0.633,1669,0.589,0.06,0.33,0.19,2.3,0.01,0.01,0,0,0.85,0.91,Uncertain
"Little River County, AR",5081,Small metro,"Texarkana, TX-AR",Metropolitan,AR,6,12259,0.082,0.004,0,0,0,0,0,1,8,0,0,-0.67,,0,3,24,0,0,1255,10237,42,343,0,12,LowBurden,,Low,Moderate,0,5,41,1.5,1,-0.062,-0.58,1.5,0,0.062,12,98,0,1,0,0,0,0,0.2,0,,,0,0,,,-0.09,0,,,0,0,1,25,0,4,1,1,1,1,2602,0.212,2263,0.185,1,0.001,46,0.005,12,0.005,0,0.0007,0.0039,17,0.017,11,0.011,2584,0.272,2251,0.237,1298,0.506,1208,0.471,0.06,0.16,0.21,2.2,0.2,0.04,0.01,0,0.63,0.86,Uncertain
"Leon County, TX",48289,Non-core,,,TX,6,17404,,0.001,0,0,0,0,0,1,6,0,0,-0.75,,0,4,23,0,0,1648,9469,43,247,0,52,LowBurden,,Low,Moderate,0.009,115,661,1,0.99,-0.021,-0.31,0,0.01,0.031,167,960,1,0.98,,,,,,,,,,,,,,,,,,,,,,,,,,,,,,,,,,,,,,,,,,,,,,,,,,,,0.18,0.17,0.25,2.7,0.07,0.15,0,0.01,0.62,0.64,Uncertain
"Garrard County, KY",21079,Non-core,,,KY,4,17666,,0.004,0,0,0,0,0,1,6,0,0,-0.86,-1,0,7,40,1,5.7,1550,8774,36,204,0,44,LowBurden,,Low,Moderate,0.015,283,1602,0,0.98,-0.029,0.23,-1,-0.02,0.044,231,1308,1,1,,,,,,,,,,,,,,,,,,,,,,,,,,,6660,0.377,5770,0.327,24,0.018,88,0.006,13,0.004,-0.0015,-0.0002,0.0009,142,0.106,46,0.034,6518,0.474,5724,0.416,2373,0.732,2201,0.679,0.07,0.17,0.18,2.5,0.02,0.02,0,0,0.43,0.64,Uncertain
"Jayuya Municipio, PR",72073,,"Jayuya, PR",Micropolitan,PR,2,,,,,0,0,0,0,1,7,0,0,,,0,0,0,0,0,365,2628,0,0,0,,,,Low,Low,0.036,42,302,,,0.036,-0.39,,,0,69,497,,,,,,,,,,,,,,,,,,,,,,,,,,,,,7635,0.55,5626,0.405,62,0.063,245,0.021,31,0.013,-0.0192,-0.008,0.0053,307,0.31,94,0.095,7326,0.643,5532,0.485,2086,0.851,1837,0.75,0.06,0.6,,,,,,,,,
"Noxubee County, MS",28103,Non-core,,,MS,4,10417,,0.004,0,0,0,0,0,1,10,0,0,-0.8,,0,5,48,0,0,1279,12278,34,326,0,0,LowBurden,,High,Moderate,0.105,24,230,0,1,0.045,-0.47,0,0,0.061,45,432,0,1,0,0,0,0,0.28,0,,,0,0,,,-0.01,0,,,0,0,1,25,0,1,1,1,1,1,3886,0.373,3315,0.318,10,0.012,47,0.006,4,0.002,0.0085,0.0047,0.0012,37,0.045,11,0.013,3849,0.49,3304,0.42,1434,0.827,1290,0.744,0.16,0.29,0.17,2.6,0.72,0.01,0,0,0.99,0.98,Uncertain
"Nantucket County, MA",25019,Non-core,,,MA,1,11399,,0.002,0,0,0,0,0,1,9,0,0,0,,0,1,9,0,0,1519,13326,5,44,0,54,LowBurden,,Low,Low,0.008,162,1421,1,1,0.004,-0.31,0,0,0.005,236,2070,1,1,0,0,0,0,0.24,0,,,0,0,,,0.03,0,,,0,0,1,31,0,5,1,1,1,1,142,0.012,104,0.009,,,3,0,,,0,0.0002,0,3,0.004,3,0.004,139,0.015,101,0.011,51,0.03,41,0.024,0.05,0.09,0.15,2.9,0.1,0.15,0,0.02,0.03,0.03,Uncertain
"Llano County, TX",48299,Non-core,,,TX,6,21795,,0.001,0,0,0,0,0,1,5,1,4.6,,,0,0,0,0,0,1683,7722,52,239,0,15,LowBurden,,Low,Low,0.013,262,1202,0,1,0.007,-0.4,0,0.01,0.006,438,2010,0,0.99,0,,0,,,,,,,,,,,,,,,,2,0,0,0,0.5,0.5,1,0.5,,,,,,,,,,,,,,,,,,,,,,,,,,0.17,0.12,0.37,2.4,0.01,0.11,0.01,0.01,0.47,0.6,Uncertain
"Fisher County, TX",48151,Non-core,,,TX,6,3830,,0,0,0,0,0,0,1,26,0,0,0,,0,1,26,0,0,305,7963,14,366,0,139,ModerateBurden,,Moderate,Moderate,0,9,235,1,1,0,0.5,1,0,0,6,157,0,1,0,0,0,0,0.14,0,,,0,0,,,0.07,0,,,0,0,1,14,0,2,1,1,1,1,,,,,,,,,,,,,,,,,,,,,,,,,,0.15,0.16,0.25,2.3,0.03,0.28,0.01,0,0.43,0.67,Uncertain
"Pike County, AR",5109,Non-core,,,AR,6,10718,,0.004,0,0,0,0,0,1,9,0,0,,,0,0,0,0,0,1017,9489,22,205,0,33,LowBurden,,Moderate,Low,0.059,9,84,0,1,0.059,0.12,0,0,0,8,75,0,1,,,,,,,,,,,,,,,,,,,,,,,,,,,3290,0.307,2525,0.236,5,0.006,37,0.004,5,0.002,-0.0024,0,0.0009,29,0.035,9,0.011,3257,0.387,2516,0.299,1567,0.714,1163,0.53,0.1,0.17,0.2,2.5,0.03,0.07,0.01,0.01,0.71,0.78,Uncertain
"Henry County, KY",21103,Large fringe metro,"Louisville/Jefferson County, KY-IN",Metropolitan,KY,4,16126,0.013,0.004,0,0,0,0,0,1,6,0,0,-0.86,-1,0,7,43,2,12.4,1381,8564,18,112,0,26,LowBurden,,Low,Moderate,0.025,131,812,0,0.99,-0.01,-0.38,-1,-0.01,0.035,210,1302,1,1,,,,,,,,,,,,,,,,,,,,,,,,,,,7043,0.437,6127,0.38,12,0.009,64,0.005,7,0.002,-0.0142,-0.006,-0.0055,166,0.124,70,0.052,6874,0.555,6057,0.489,2411,0.83,2259,0.778,0.08,0.19,0.18,2.6,0.03,0.03,0,0,0.53,0.55,Uncertain
"Lynn County, TX",48305,Medium metro,"Lubbock, TX",Metropolitan,TX,6,5951,0.018,0,0,0,0,0,0,1,17,0,0,-0.67,,0,3,50,0,0,624,10486,23,386,0,61,ModerateBurden,,Moderate,Substantial,0,19,319,0,0.92,0,-0.34,-0.5,-0.08,0,29,487,0.5,1,0,0,0,0,0.22,0,,,0,0,,,0.01,0,,,0,0,1,22,0,9,1,1,1,1,,,,,,,,,,,,,,,,,,,,,,,,,,0.18,0.19,0.16,2.7,0.02,0.47,0,0,0.89,0.8,Uncertain
"Montgomery County, IA",19137,Non-core,,,IA,7,9917,,0.003,0,0,0,0,0,1,10,0,0,0,,0,1,10,0,0,1036,10447,38,383,0,39,ModerateBurden,,Moderate,Moderate,0.045,20,202,1,1,0.005,-0.35,0,0,0.04,31,313,1,1,0,0,0,0,0.44,0,0.71,0,0,0,,,0.13,0,0.25,0,0,0,1,29,9,7,1,1,1,1,4569,0.461,4199,0.423,11,0.014,34,0.004,5,0.002,0.005,-0.0001,-0.0009,82,0.102,32,0.04,4487,0.584,4167,0.543,1902,0.886,1832,0.853,0.04,0.16,0.22,2.2,0.01,0.04,0,0,0.53,0.54,Uncertain
"Falls County, TX",48145,Medium metro,"Waco, TX",Metropolitan,TX,6,17297,0.063,0.001,0,0,0,0,0,1,6,0,0,0,,0,1,6,0,0,2099,12135,32,185,0,36,LowBurden,,Low,Low,0.011,92,532,1,1,-0.006,-0.32,1,0.04,0.017,136,786,0,0.96,3,14,0,0,0.21,0,,,0,0,0.54,,-0.02,-0.01,,,0,0,1,22,0,3,1,1,1,1,,,,,,,,,,,,,,,,,,,,,,,,,,0.17,0.25,0.19,3,0.23,0.24,0,0.01,0.98,0.97,Uncertain
"Surry County, VA",51181,Non-core,,,VA,3,6422,,0.001,0,0,0,0,0,1,16,0,0,,,0,0,0,0,0,422,6571,9,140,0,32,ModerateBurden,,Moderate,Low,0.026,39,607,1,0.95,-0.004,-0.19,0,0.04,0.03,48,747,1,0.91,,,,,,,,,,,,,,,,,,,,,,,,,,,2130,0.332,1793,0.279,3,0.008,19,0.004,3,0.002,-0.0211,-0.0045,-0.0026,66,0.174,8,0.021,2059,0.384,1785,0.333,814,0.531,752,0.491,0.12,0.13,0.24,2.4,0.41,0.03,0,0,0.37,0.68,Uncertain
"Sussex County, VA",51183,Large fringe metro,"Richmond, VA",Metropolitan,VA,3,11159,0.009,0.001,0,0,0,0,0,1,9,0,0,-0.67,-1,0,3,27,1,9,1199,10745,22,197,0,39,LowBurden,,Low,Moderate,0.027,93,833,1,0.99,0.011,-0.37,0,-0.01,0.016,148,1326,1,1,,,,,,,,,,,,,,,,,,,,,,,,,,,1068,0.096,893,0.08,,,7,0.001,1,0,-0.0018,-0.0006,0.0005,2,0.004,,,1066,0.113,893,0.094,226,0.109,198,0.096,0.07,0.18,0.19,2.1,0.56,0.03,0,0,0.91,0.94,Uncertain
"Macon County, GA",13193,Non-core,,,GA,4,12947,,0.001,0,0,0,0,0,1,8,1,7.7,,-0.5,0,0,0,2,15.4,886,6843,35,270,0,30,LowBurden,,Low,Low,0.03,26,201,0,1,-0.001,-0.37,0,0.03,0.031,41,317,0,0.97,0,0,0,0,0.49,0,,,,,,,-0.03,0,,,,,1,39,0,0,1,1,1,1,1250,0.097,1115,0.086,14,0.017,41,0.004,3,0.001,-0.0048,-0.0017,-0.0021,47,0.056,9,0.011,1203,0.114,1106,0.105,427,0.182,440,0.188,0.2,0.27,0.18,2.5,0.6,0.04,0,0.01,0.93,0.97,Uncertain
"Hormigueros Municipio, PR",72067,,"Mayagüez, PR",Metropolitan,PR,2,,,,,0,0,0,0,1,6,0,0,-0.5,,0,2,13,0,0,398,2565,0,0,0,,,,Low,Moderate,0,119,767,,,0,0.29,,,0,92,593,,,,,,,,,,,,,,,,,,,,,,,,,,,,,8650,0.557,7022,0.453,64,0.058,141,0.011,19,0.004,-0.0742,-0.0108,-0.0128,455,0.412,141,0.128,8194,0.643,6880,0.54,2471,0.556,2243,0.504,0.05,0.41,,,,,,,,,
"Weston County, WY",56045,Non-core,"Gillette, WY",Micropolitan,WY,8,6927,0.114,0.012,0,0,0,0,0,1,14,0,0,-0.5,,0,2,29,0,0,655,9456,5,72,0,46,ModerateBurden,,Moderate,Moderate,0,55,794,0,1,0,3.58,-7,0.73,0,12,173,7,0.27,0,0,0,0,0.49,0,,,,,,,-0.04,0,,,,,1,12,0,0,1,1,1,1,1881,0.272,1712,0.247,1,0.002,18,0.003,4,0.003,0.002,0.0011,0.002,6,0.012,1,0.002,1874,0.34,1711,0.31,935,0.633,887,0.6,0.13,0.17,0.21,2.2,0.01,0.04,0.02,0.02,0.35,0.14,Uncertain
"Emporia city, VA",51595,Non-core,,,VA,3,5346,,0.001,0,0,0,0,0,1,19,0,0,-0.75,,0,4,75,0,0,674,12608,42,786,0,59,ModerateBurden,,Moderate,Substantial,0,17,318,1,1,-0.077,-0.45,0,0.08,0.077,31,580,1,0.92,2,6,3,8,0.31,0.02,0,0,0,0,,0.45,-0.14,0.02,0,0,0,0,1,35,5,8,1,1,1,1,,,,,,,,,,,,,,,,,,,,,,,,,,0.19,0.29,0.2,2.4,0.64,0.06,0,0.01,0.96,0.94,Uncertain
"East Carroll Parish, LA",22035,Non-core,,,LA,6,6861,,0.001,0,0,0,0,0,1,15,0,0,,-1,0,0,0,1,14.6,1133,16514,27,394,0,14,ModerateBurden,,Moderate,Low,0.047,89,1297,0,1,0.038,0.13,0,0,0.008,79,1151,0,1,0,0,0,0,0.11,0,,,0,0,,,-0.18,0,,,0,0,1,19,0,5,1,1,1,1,2028,0.296,1862,0.271,2,0.004,9,0.002,2,0.002,0.0019,-0.0019,0.001,18,0.033,11,0.02,2010,0.385,1851,0.354,803,0.767,755,0.721,0.11,0.49,0.15,2.2,0.68,0.03,0,0.01,0.94,0.81,Uncertain
"Camuy Municipio, PR",72027,,"Arecibo, PR",Metropolitan,PR,2,,,,,0,0,0,0,1,3,0,0,-0.5,,0,2,7,0,0,1189,3898,0,0,0,,,,Low,Low,0.006,220,721,,,-0.012,-0.23,,,0.019,284,931,,,,,,,,,,,,,,,,,,,,,,,,,,,,,14841,0.487,11484,0.376,183,0.084,373,0.015,37,0.006,0.0212,-0.0058,-0.003,688,0.317,228,0.105,14142,0.565,11253,0.45,3782,0.595,3292,0.518,0.05,0.5,,,,,,,,,
"Kossuth County, IA",19109,Non-core,,,IA,7,14813,,0.005,0,0,0,0,0,1,7,0,0,-0.67,,0,3,20,0,0,2161,14589,65,439,0,58,LowBurden,,Low,Moderate,0,94,635,0,1,-0.029,-0.16,0,0.01,0.029,112,756,0,0.99,1,4,0,0,0.45,0.01,,,0.5,0,,,-0.17,0.01,,,0,0,1,23,0,2,1,1,1,1,6636,0.448,6049,0.408,16,0.014,39,0.003,3,0.001,-0.0188,-0.0087,-0.008,116,0.099,41,0.035,6520,0.564,6008,0.52,2873,0.796,2767,0.766,0.05,0.1,0.24,2.2,0.01,0.03,0,0.01,0.1,0.4,Uncertain
"Putnam County, OH",39137,Non-core,,,OH,5,33861,,0.003,0,0,0,0,0,1,3,0,0,-0.92,,0,13,38,0,0,4331,12791,103,304,0,49,LowBurden,,Low,Moderate,0.012,151,446,1,0.98,-0.05,-0.22,0,-0.02,0.062,194,573,1,0.99,,,,,,,,,,,,,,,,,,,,,,,,,,,12675,0.374,12398,0.366,12,0.004,76,0.003,8,0.001,-0.0095,-0.0039,-0.0023,203,0.071,94,0.033,12471,0.494,12304,0.487,4946,0.811,4893,0.803,0.03,0.07,0.18,2.5,0,0.07,0,0,0.02,0.19,Uncertain
"Appling County, GA",13001,Non-core,,,GA,4,18386,,0.002,0,0,0,0,0,1,5,0,0,-0.75,,0,4,22,0,0,2319,12613,72,392,0,34,LowBurden,,Low,Moderate,0.019,66,359,0,0.8,-0.011,-0.06,0,0.03,0.029,70,381,0,0.77,0,0,0,0,0.41,0,0,0,0,0,,,-0.01,0,0,0,0,0,1,63,5,9,1,1,1,1,1146,0.062,1011,0.055,2,0.001,50,0.004,6,0.002,-0.0013,-0.0009,-0.0015,13,0.009,4,0.003,1133,0.082,1007,0.073,406,0.125,379,0.116,0.16,0.23,0.18,2.7,0.19,0.1,0,0.01,0.97,0.92,Uncertain
"Catron County, NM",35003,Non-core,,,NM,6,3527,,0.002,0,0,0,0,0,1,28,0,0,,,0,0,0,0,0,96,2722,5,142,0,103,ModerateBurden,,Moderate,Low,0,15,425,1,1,0,0.67,0,0,0,9,255,1,1,,,,,,,,,,,,,,,,,,,,,,,,,,,691,0.196,846,0.24,1,0.006,14,0.004,6,0.004,0,-0.001,-0.0013,15,0.087,9,0.052,676,0.217,837,0.269,342,0.224,475,0.311,0.08,0.23,0.43,2.5,0.01,0.19,0.03,0,0.34,0.35,Uncertain
"Arroyo Municipio, PR",72015,,"Guayama, PR",Metropolitan,PR,2,,,,,0,0,0,0,1,6,0,0,-0.67,,0,3,17,0,0,297,1723,0,0,0,,,,Low,Moderate,0.008,146,847,,,-0.028,0.21,,,0.036,121,702,,,,,,,,,,,,,,,,,,,,,,,,,,,,,7928,0.46,6155,0.357,47,0.038,94,0.007,11,0.003,-0.0065,-0.0091,-0.0091,252,0.205,122,0.099,7674,0.542,6033,0.426,2082,0.594,1771,0.505,0.03,0.58,,,,,,,,,
"Unallocated, ME",23000,,,,ME,1,,,,,,,,0,1,,0,,-1.17,,0,-6,,0,,2,,0,,0,,,,,,0,158,,,,-0.063,-0.36,,,0.063,245,,,,,,,,,,,,,,,,,,,,,,,,,,,,,,40375,,29824,,44,,264,,34,,,,,927,,167,,39440,,29656,,11625,,8541,,,,,,,,,,,,
"Jack County, TX",48237,Non-core,,,TX,6,8935,,0,0,0,0,0,0,1,11,0,0,,,0,0,0,0,0,606,6782,16,179,0,31,ModerateBurden,,Moderate,Low,0.077,20,224,0.5,1,0.077,-0.85,-0.5,0,0,130,1455,1,1,0,0,0,0,0.4,0,,,0,0,,,0.08,0,,,0,0,1,25,0,10,1,1,1,1,,,,,,,,,,,,,,,,,,,,,,,,,,0.17,0.15,0.17,2.4,0.04,0.17,0.01,0.01,0.65,0.65,Uncertain
"Añasco Municipio, PR",72011,,"Aguadilla-Isabela, PR",Metropolitan,PR,2,,,,,0,0,0,0,1,4,0,0,-0.75,,0,4,15,0,0,797,3047,0,0,0,,,,Substantial,Moderate,0.082,96,367,,,0.018,-0.4,,,0.063,161,615,,,,,,,,,,,,,,,,,,,,,,,,,,,,,12112,0.463,9434,0.361,50,0.027,308,0.014,46,0.008,-0.0687,-0.0156,-0.0077,476,0.256,166,0.089,11628,0.542,9266,0.432,3087,0.554,2738,0.491,0.04,0.43,,,,,,,,,
"Aibonito Municipio, PR",72009,,"San Juan-Bayamón-Caguas, PR",Metropolitan,PR,2,,,,,0,0,0,0,1,5,0,0,,,0,0,0,0,0,672,3040,0,0,0,,,,Low,Low,0.011,94,425,,,-0.012,-0.38,,,0.023,152,688,,,0,0,0,0,0.51,0,0.83,0.02,0.3,0.01,,,0.06,-0.01,-0.05,-0.12,-0.06,-0.06,1,120,6,17,1,1,1,1,14466,0.654,11725,0.53,91,0.058,130,0.007,6,0.001,-0.0102,-0.0029,-0.0027,620,0.394,255,0.162,13840,0.763,11468,0.632,3818,0.789,3571,0.738,0.03,0.46,,,,,,,,,
"Ciales Municipio, PR",72039,,"San Juan-Bayamón-Caguas, PR",Metropolitan,PR,2,,,,,0,0,0,0,1,6,0,0,-0.75,,0,4,25,0,0,769,4865,0,0,0,,,,Low,Moderate,0.012,164,1037,,,-0.005,0.11,,,0.018,148,936,,,,,,,,,,,,,,,,,,,,,,,,,,,,,8854,0.56,6225,0.394,59,0.052,165,0.013,21,0.006,-0.04,-0.0091,-0.0045,503,0.447,95,0.084,8349,0.644,6130,0.473,2005,0.597,1678,0.499,0.04,0.56,,,,,,,,,
"Culebra Municipio, PR",72049,,,,PR,2,,,,,0,0,0,0,1,58,0,0,,,0,0,0,0,0,39,2275,0,0,0,,,,High,Low,0.125,4,233,,,0.125,-0.73,,,0,15,875,,,,,,,,,,,,,,,,,,,,,,,,,,,,,1466,0.855,890,0.519,,,6,,,,,0,0,,,,,1465,0.999,890,0.633,329,0.841,145,0.371,0.11,0.42,,,,,,,,,
"Adjuntas Municipio, PR",72001,,"Ponce, PR",Metropolitan,PR,2,,,,,0,0,0,0,1,6,0,0,,,0,0,0,0,0,467,2690,0,0,0,,,,Low,Low,0.006,233,1342,,,0.006,0.53,,,0,152,875,,,,,,,,,,,,,,,,,,,,,,,,,,,,,8800,0.507,7005,0.403,158,0.128,150,0.011,9,0.003,0.0129,-0.0107,-0.0155,464,0.375,123,0.1,8335,0.585,6881,0.483,2250,0.635,1992,0.562,0.06,0.62,,,,,,,,,
"Robertson County, KY",21201,Non-core,,,KY,4,2108,,0,0,0,0,0,0,1,47,0,0,-0.5,,0,2,95,0,0,235,11148,14,664,0,29,ModerateBurden,,Moderate,Substantial,0,38,1803,0,1,-0.024,0.09,0,0,0.024,35,1660,0,1,,,,,,,,,,,,,,,,,,,,,,,,,,,629,0.298,578,0.274,,,1,0.001,1,0.002,-0.0972,-0.003,0,19,0.132,2,0.014,610,0.364,576,0.344,245,0.529,235,0.508,0.08,0.27,0.22,2.3,0.01,0.02,0,0,0.35,0.82,Uncertain
"Pendleton County, KY",21191,Large fringe metro,"Cincinnati, OH-KY-IN",Metropolitan,KY,4,14590,0.007,0.003,0,0,0,0,0,1,7,0,0,,,0,0,0,0,0,1038,7114,5,34,0,31,LowBurden,,Low,Low,0,102,699,0,1,0,-0.22,0,0,0,131,898,0,1,,,,,,,,,,,,,,,,,,,,,,,,,,,5039,0.345,4410,0.302,10,0.008,53,0.005,11,0.005,-0.0076,-0.0058,-0.0012,133,0.113,44,0.037,4906,0.436,4366,0.388,1900,0.791,1796,0.747,0.05,0.18,0.16,2.7,0.01,0.02,0,0,0.42,0.73,Uncertain
"Oglethorpe County, GA",13221,Small metro,"Athens-Clarke County, GA",Metropolitan,GA,4,15259,0.071,0.001,0,0,0,0,0,1,7,0,0,-0.86,-1,0,7,46,1,6.6,1499,9824,30,197,0,7,LowBurden,,Low,Moderate,0,66,433,0,0.9,-0.053,-0.34,0,-0.04,0.053,100,655,0,0.94,,,,,,,,,,,,,,,,,,,,,,,,,,,3133,0.205,2847,0.187,14,0.012,65,0.005,17,0.006,0.0027,0.0009,0.0024,66,0.059,33,0.029,3067,0.253,2814,0.233,1337,0.452,1250,0.423,0.12,0.15,0.19,2.6,0.17,0.05,0,0.01,0.52,0.79,Uncertain
"Wilcox County, AL",1131,Non-core,,,AL,4,10373,,0.002,0,0,0,0,0,1,10,0,0,,,0,0,0,0,0,1272,12263,30,289,0,28,LowBurden,,Moderate,Low,0.054,51,492,0,1,0.007,-0.28,-1,0.13,0.047,71,684,1,0.87,0,0,0,0,0.1,0,,,,,,,0.05,0,,,,,1,21,0,0,1,1,1,1,4073,0.393,3126,0.301,,,9,0.001,2,0.001,-0.0012,-0.0044,-0.001,36,0.041,14,0.016,4037,0.508,3112,0.391,1737,0.825,1325,0.629,0.12,0.31,0.2,2.8,0.71,0.01,0,0,0.93,0.98,Uncertain
"Owsley County, KY",21189,Non-core,,,KY,4,4415,,0.001,0,0,0,0,0,1,23,0,0,-0.8,-1,0,5,113,1,22.7,504,11416,16,362,0,1,ModerateBurden,,Moderate,High,0.065,32,725,0,1,0.007,-0.27,0,0,0.057,44,997,0,1,,,,,,,,,,,,,,,,,,,,,,,,,,,1397,0.316,1281,0.29,7,0.021,13,0.004,1,0.001,-0.0059,-0.0015,-0.0011,23,0.068,2,0.006,1374,0.403,1279,0.375,546,0.619,531,0.602,0.02,0.35,0.2,2.6,0,0.02,0,0,0.84,0.94,Uncertain
"Beaver County, OK",40007,Non-core,,,OK,6,5311,,0.001,0,0,0,0,0,1,19,0,0,,,0,0,0,0,0,476,8963,6,113,0,41,ModerateBurden,,Moderate,High,0,7,132,,,-0.167,1.33,,,0.167,3,56,1,0.83,0,0,0,0,0.05,0,,,0,0,,,0.02,0,,,0,0,1,12,0,3,1,1,1,1,1280,0.241,1078,0.203,3,0.005,6,0.002,1,0.001,0.0052,-0.0003,-0.001,17,0.03,8,0.014,1263,0.322,1070,0.273,569,0.541,521,0.496,0.12,0.13,0.2,2.6,0.01,0.26,0.01,0,0.46,0.3,Uncertain
"Lafayette County, AR",5073,Non-core,,,AR,6,6624,,0.002,0,0,0,0,0,1,15,0,0,-0.5,,0,2,30,0,0,555,8379,9,136,0,12,ModerateBurden,,Moderate,Moderate,0,4,60,1,1,0,-0.33,1,0,0,6,91,0,1,,,,,,,,,,,,,,,,,,,,,,,,,,,1693,0.256,1488,0.225,1,0.002,20,0.004,2,0.001,0.0022,-0.0011,-0.0006,3,0.007,2,0.004,1689,0.313,1486,0.275,824,0.503,741,0.453,0.1,0.22,0.25,2.4,0.36,0.03,0,0.01,0.79,0.97,Uncertain
"Blaine County, OK",40011,Non-core,,,OK,6,9429,,0.002,0,0,0,0,0,1,11,0,0,0,-1,0,1,11,1,10.6,1047,11104,20,212,0,41,ModerateBurden,,Moderate,Moderate,0,29,308,1,1,-0.028,-0.22,1,0,0.028,37,392,0,1,0,0,0,0,0.34,0,,,0,0,,-1,0.02,0,,,0,0,2,21,0,1,1,1,1,1,3298,0.35,2762,0.293,5,0.006,17,0.002,6,0.003,0.0012,-0.0027,0,34,0.042,13,0.016,3264,0.465,2749,0.392,1259,0.66,1073,0.562,0.12,0.13,0.2,2.1,0.03,0.13,0.08,0,0.67,0.43,Uncertain
"Kinney County, TX",48271,Non-core,,,TX,6,3667,,0,0,0,0,0,0,1,27,0,0,,,0,0,0,0,0,351,9572,6,164,0,34,ModerateBurden,,Moderate,Low,0,14,382,0,1,,-0.48,,,,27,736,,,,,,,,,,,,,,,,,,,,,,,,,,,,,,,,,,,,,,,,,,,,,,,,,,,,,,0.15,0.19,0.25,2.9,0.01,0.62,0.01,0,0.86,0.97,Uncertain
"Lyon County, KY",21143,Non-core,,,KY,4,8210,,0.002,0,0,0,0,0,1,12,0,0,-0.5,,0,2,24,0,0,1546,18831,20,244,0,14,ModerateBurden,,Moderate,Moderate,0,28,341,0,1,-0.024,-0.5,0,0,0.024,56,682,0,1,,,,,,,,,,,,,,,,,,,,,,,,,,,3983,0.485,3582,0.436,3,0.006,19,0.003,3,0.001,-0.0129,-0.0054,0,36,0.077,11,0.024,3947,0.561,3571,0.508,1612,0.754,1502,0.703,0.07,0.15,0.26,2.1,0.06,0.02,0,0.01,0.33,0.66,Uncertain
"Mills County, IA",19129,Medium metro,"Omaha-Council Bluffs, NE-IA",Metropolitan,IA,7,15109,0.016,0.005,0,0,0,0,0,1,7,1,6.6,,,0,0,0,0,0,1629,10782,24,159,0,36,LowBurden,,Low,Low,0.015,87,576,1,1,0.015,-0.01,0,0,0,88,582,1,1,,,,,,,,,,,,,,,,,,,,,,,,,,,6567,0.435,5846,0.387,22,0.017,36,0.003,5,0.002,0.0008,-0.0031,-0.0011,282,0.221,144,0.113,6285,0.541,5702,0.491,2305,0.807,2161,0.757,0.05,0.09,0.19,2.6,0.01,0.03,0,0,0.11,0.31,Uncertain
"Manassas Park city, VA",51685,Large fringe metro,"Washington-Arlington-Alexandria, DC-VA-MD-WV",Metropolitan,VA,3,17478,0.003,0.002,0,0,0,0,0,1,6,0,0,,,0,0,0,0,0,1218,6969,11,63,0,29,LowBurden,,Low,Low,0,8,46,0,1,0,-0.43,0,0,0,14,80,0,1,,,,,,,,,,,,,,,,,,,,,,,,,,,186,0.011,167,0.01,,,7,0.001,,,-0.0014,0.0002,0,7,0.005,4,0.003,179,0.013,163,0.012,21,0.014,21,0.014,0.19,0.1,0.09,3.5,0.14,0.41,0,0.11,0.53,0.4,Uncertain
"Saluda County, SC",45081,Medium metro,"Columbia, SC",Metropolitan,SC,4,20473,0.024,0.004,0,0,0,0,0,1,5,0,0,,,0,0,0,0,0,1817,8875,48,234,0,25,LowBurden,,Low,Low,0,84,410,1,0.9,-0.01,-0.03,0,-0.09,0.01,87,425,1,0.99,,,,,,,,,,,,,,,,,,,,,,,,,,,4782,0.234,4046,0.198,1,0.001,59,0.004,4,0.001,-0.0225,-0.0013,-0.0007,75,0.051,34,0.023,4701,0.292,4011,0.249,1669,0.402,1560,0.375,0.14,0.16,0.2,2.8,0.24,0.16,0,0,0.79,0.74,Uncertain
"Maricao Municipio, PR",72093,,,,PR,2,,,,,0,0,0,0,1,18,0,0,,,0,0,0,0,0,104,1915,0,0,0,,,,Moderate,Low,0.053,38,700,,,0.053,0.06,,,0,36,663,,,,,,,,,,,,,,,,,,,,,,,,,,,,,2469,0.455,1893,0.349,12,0.031,26,0.006,3,0.002,0,-0.0099,-0.0017,54,0.14,15,0.039,2414,0.542,1878,0.421,724,0.603,617,0.514,0.03,0.64,,,,,,,,,
"O'Brien County, IA",19141,Non-core,,,IA,7,13753,,0.004,0,0,0,0,0,1,7,0,0,,-1,0,0,0,1,7.3,1999,14535,61,444,0,70,LowBurden,,Low,Low,0,9,65,0,0.94,0,-0.36,0,-0.06,0,14,102,0,1,0,0,0,0,0.29,0,,,0,0,,-1,0.08,0,,,0,0,2,40,0,7,1,1,1,1,5792,0.421,5407,0.393,6,0.005,43,0.004,2,0.001,-0.0203,0.0002,-0.0007,119,0.105,46,0.041,5673,0.542,5361,0.512,2379,0.838,2295,0.808,0.05,0.1,0.21,2.2,0.01,0.05,0,0.01,0.23,0.4,Uncertain
"Evans County, GA",13109,Non-core,,,GA,4,10654,,0.001,0,0,0,0,0,1,9,0,0,-0.5,,0,2,19,0,0,978,9180,29,272,0,9,LowBurden,,Substantial,Moderate,0.091,18,169,0,0.95,0.024,-0.22,0,0.07,0.067,23,216,0,0.89,17,170,16,160,0.37,0.07,,,0,0,-0.23,-0.27,-0.03,0.07,,,0,0,1,10,0,6,1,1,1,1,1345,0.126,1211,0.114,17,0.017,76,0.01,8,0.005,0.0121,0.0032,0.0006,41,0.041,17,0.017,1304,0.166,1194,0.152,472,0.272,475,0.273,0.17,0.27,0.16,2.6,0.3,0.12,0,0.01,0.98,0.98,Uncertain
"Currituck County, NC",37053,Large fringe metro,"Virginia Beach-Norfolk-Newport News, VA-NC",Metropolitan,NC,4,27763,0.016,0.003,0,0,0,0,0,1,4,0,0,0,,0,1,4,0,0,1575,5673,16,58,0,20,LowBurden,,Low,Low,0.012,103,371,1,1,0.012,-0.2,0,0,0,129,465,1,1,,,,,,,,,,,,,,,,,,,,,,,,,,,11381,0.41,8954,0.323,25,0.012,128,0.006,23,0.005,-0.0062,-0.0024,-0.002,177,0.084,68,0.032,11196,0.517,8884,0.41,4223,0.928,3425,0.753,0.14,0.1,0.16,2.5,0.05,0.04,0.01,0.01,0.12,0.33,Uncertain
"Yancey County, NC",37199,Non-core,,,NC,4,18069,,0.002,0,0,0,0,0,1,6,0,0,,,0,0,0,0,0,1636,9054,28,155,0,25,LowBurden,,Low,Low,0,82,454,1,0.98,-0.026,-0.28,0,-0.01,0.026,114,631,1,0.98,,,,,,,,,,,,,,,,,,,,,,,,,,,6913,0.383,6237,0.345,1,0.001,50,0.003,9,0.002,0.0008,-0.0017,-0.0008,33,0.028,28,0.024,6877,0.465,6209,0.42,3355,0.707,3161,0.666,0.13,0.19,0.26,2.4,0.01,0.06,0,0,0.57,0.77,Uncertain
"Benson County, ND",38005,Non-core,,,ND,8,6832,,0.009,0,0,0,0,0,1,15,0,0,-0.5,,0,2,29,0,0,1101,16115,19,278,0,24,ModerateBurden,,Moderate,Moderate,0.026,40,585,0,1,-0.031,-0.42,0,0.04,0.057,69,1010,0,0.96,,,,,,,,,,,,,,,,,,,,,,,,,,,2062,0.302,1738,0.254,7,0.009,18,0.004,1,0.001,-0.0522,-0.002,-0.003,83,0.108,26,0.034,1979,0.447,1712,0.386,702,0.713,648,0.659,0.12,0.35,0.14,3,0,0.04,0.53,0,0.84,0.73,Uncertain
"Marion County, KS",20115,Non-core,,,KS,7,11884,,0.004,0,0,550,0.046,0,1,8,0,0,-0.5,,0,2,17,0,0,1114,9374,24,202,0,29,LowBurden,,Low,Moderate,0,17,143,0,0.93,-0.03,-0.65,0,-0.07,0.03,49,412,0,1,0,0,0,0,0.37,0,,,0,0,-1,,0.11,-0.02,,,0,0,2,18,0,3,1,1,1,1,4584,0.386,4102,0.345,13,0.014,35,0.004,10,0.004,0.0022,-0.0035,-0.0007,125,0.136,35,0.038,4459,0.475,4067,0.434,1993,0.704,1885,0.666,0.06,0.09,0.24,2.4,0.01,0.04,0.01,0,0.18,0.3,Uncertain
"Bottineau County, ND",38009,Non-core,,,ND,8,6282,,0.008,0,0,0,0,0,1,16,0,0,0,,0,1,16,0,0,721,11477,20,318,0,39,ModerateBurden,,Moderate,Moderate,0.027,25,398,0,1,-0.013,0.67,-0.5,0,0.04,15,239,0.5,1,0,0,2,9,0.77,0,,,0,0,,,-0.07,0,,,0,0,1,22,0,1,1,1,1,1,2647,0.421,2422,0.386,15,0.032,13,0.003,3,0.002,0,-0.0083,-0.0032,62,0.132,24,0.051,2581,0.523,2398,0.486,1251,0.812,1182,0.767,0.04,0.1,0.25,2,0.01,0.02,0.03,0.01,0.07,0.07,Uncertain
"Worth County, IA",19195,Micropolitan,"Mason City, IA",Micropolitan,IA,7,7381,0.148,0.002,0,0,0,0,0,1,14,0,0,-0.75,,0,4,54,0,0,757,10256,8,108,0,33,ModerateBurden,,Moderate,Substantial,0.03,76,1030,0,1,0.018,-0.14,0,0,0.012,88,1192,0,1,,,,,,,,,,,,,,,,,,,,,,,,,,,3096,0.419,2886,0.391,6,0.011,37,0.006,4,0.003,0.0019,0.0024,0.0013,59,0.111,25,0.047,3037,0.519,2861,0.489,1258,0.814,1220,0.79,0.05,0.09,0.21,2.3,0.01,0.03,0,0.01,0.07,0.5,Uncertain
"Burke County, ND",38013,Non-core,,,ND,8,2115,,0.003,0,0,0,0,0,1,47,0,0,,,0,0,0,0,0,248,11726,2,95,0,9,ModerateBurden,,Moderate,Low,0.077,14,662,1,1,0.077,0,0,0,0,14,662,1,1,,,,,,,,,,,,,,,,,,,,,,,,,,,641,0.303,603,0.285,,,2,0.001,,,-0.0124,-0.0044,0,4,0.025,2,0.012,637,0.4,601,0.378,312,0.695,300,0.668,0.07,0.07,0.21,2.5,0.01,0.03,0.02,0.01,0.01,0.02,Uncertain
"Monroe County, AL",1099,Non-core,,,AL,4,20733,,0.004,0,0,0,0,0,1,5,0,0,,,0,0,0,0,0,1789,8629,41,198,0,27,LowBurden,,Low,Low,0.016,207,998,0,0.99,-0.016,-0.1,-1,0,0.032,231,1114,1,0.99,2,4,0,0,0.28,0.02,0.43,0.04,0,0,,,-0.01,0.02,-0.09,0.04,0,0,1,57,8,9,1,1,1,1,6480,0.313,4909,0.237,1,0.001,16,0.001,5,0.001,0.0006,-0.001,-0.0007,19,0.012,11,0.007,6458,0.395,4897,0.299,2950,0.673,2257,0.515,0.13,0.31,0.21,2.6,0.41,0.02,0.01,0,0.75,0.91,Uncertain
"Morris County, KS",20127,Non-core,,,KS,7,5620,,0.002,0,0,0,0,0,1,18,0,0,0,-1,0,1,18,1,17.8,591,10516,23,409,0,32,ModerateBurden,,High,Moderate,0.2,8,142,0,1,0.147,-0.7,0,0,0.053,27,480,0,1,0,0,0,0,0.06,0,,,0,0,,,-0.1,0,,,0,0,1,21,0,1,1,1,1,1,2534,0.451,2272,0.404,1,0.003,11,0.002,2,0.001,-0.0208,-0.0058,-0.0036,95,0.247,44,0.115,2439,0.548,2228,0.5,1062,0.773,988,0.72,0.09,0.09,0.24,2.4,0.01,0.05,0,0.01,0.24,0.39,Uncertain
"Marengo County, AL",1091,Non-core,,,AL,4,18863,,0.004,0,0,0,0,0,1,5,0,0,,,0,0,0,0,0,2503,13269,65,345,0,14,LowBurden,,Low,Low,0.01,121,641,0,0.96,0.01,-0.58,0,0.06,0,287,1521,0,0.9,1,2,1,2,0.57,0.01,0.52,0,0.06,0,,,0.02,0.01,0.04,0,0.06,0,1,57,8,11,1,1,1,1,7433,0.394,5955,0.316,,,21,0.001,2,0.001,-0.0007,0.0001,-0.0003,35,0.024,16,0.011,7398,0.506,5939,0.406,3025,0.807,2567,0.685,0.1,0.22,0.2,2.5,0.51,0.03,0,0,0.76,0.91,Uncertain
"Young County, TX",48503,Non-core,,,TX,6,18010,,0.001,0,0,0,0,0,1,6,0,0,0,-1,0,1,6,1,5.6,2182,12115,45,250,0,12,LowBurden,,Low,Low,0.037,42,233,1,0.96,0.014,-0.14,1,-0.01,0.023,49,272,0,0.98,5,8,0,0,0.2,0,,,0,0,-0.04,,-0.06,-0.01,,,0,0,2,61,0,20,1,1,1,1,,,,,,,,,,,,,,,,,,,,,,,,,,0.19,0.12,0.21,2.5,0.01,0.19,0.01,0.01,0.55,0.81,Uncertain
"Kidder County, ND",38043,Non-core,,,ND,8,2480,,0.003,0,0,0,0,0,1,40,0,0,0,,0,1,40,0,0,274,11048,10,403,0,24,ModerateBurden,,Moderate,High,0,8,323,0,1,-0.125,-0.7,0,0,0.125,27,1089,0,1,,,,,,,,,,,,,,,,,,,,,,,,,,,732,0.295,588,0.237,,,3,0.002,2,0.003,-0.0064,-0.002,0.0032,4,0.025,1,0.006,726,0.37,587,0.299,369,0.585,299,0.474,0.14,0.1,0.25,2.3,0,0.05,0,0.01,0.03,0.12,Uncertain
"Neosho County, KS",20133,Non-core,,,KS,7,16007,,0.005,0,0,0,0,0,1,6,0,0,,,0,0,0,0,0,1806,11283,35,219,0,34,LowBurden,,Low,Low,0,48,300,0,1,0,-0.42,0,0,0,83,519,0,1,0,0,0,0,0.68,0,0.26,0,0,0,,,-0.01,0,-0.26,0,0,0,1,25,5,12,1,1,1,1,3162,0.198,2570,0.161,5,0.004,17,0.001,2,0.001,0.0007,-0.0003,-0.0006,57,0.042,37,0.027,3105,0.257,2533,0.21,1118,0.346,973,0.301,0.12,0.17,0.2,2.4,0.01,0.06,0.01,0.01,0.66,0.55,Uncertain
"Quebradillas Municipio, PR",72115,,"Arecibo, PR",Metropolitan,PR,2,,,,,0,0,0,0,1,4,0,0,-0.5,,0,2,9,0,0,902,3936,0,0,0,,,,Low,Low,0.008,272,1187,,,0.003,-0.03,,,0.005,279,1217,,,,,,,,,,,,,,,,,,,,,,,,,,,,,11700,0.511,9175,0.4,93,0.057,382,0.02,45,0.009,-0.0031,-0.0053,0.0006,470,0.288,174,0.107,11226,0.597,9000,0.479,2990,0.618,2671,0.552,0.03,0.52,,,,,,,,,
"Wheeler County, TX",48483,Non-core,,,TX,6,5056,,0,0,0,0,0,0,1,20,1,19.8,-0.5,,0,2,40,0,0,568,11234,12,237,0,10,ModerateBurden,,Moderate,Moderate,0,8,158,2,1,0,-0.27,2,0,0,11,218,0,1,0,0,0,0,0.11,0,,,0,0,,,-0.02,0,,,0,0,2,28,0,7,1,1,1,1,,,,,,,,,,,,,,,,,,,,,,,,,,0.2,0.18,0.2,2.4,0.03,0.25,0.01,0.01,0.7,0.82,Uncertain
"Yates County, NY",36123,Large fringe metro,"Rochester, NY",Metropolitan,NY,2,24913,0.023,0.001,0,0,1532,0.061,0,1,4,0,0,-0.8,,0,5,20,0,0,1178,4728,26,104,0,27,LowBurden,,Low,Moderate,0.002,601,2412,1,0.98,-0.008,-0.1,0,0,0.01,671,2693,1,0.99,0,0,0,0,0.51,0.06,,,0,0,-1,,0.3,0.03,,,0,0,1,18,0,2,1,1,1,1,10941,0.439,9757,0.392,30,0.017,106,0.005,14,0.003,-0.0354,-0.0064,-0.0026,384,0.215,137,0.077,10556,0.543,9620,0.495,4276,0.804,3984,0.749,0.19,0.11,0.21,2.6,0.01,0.02,0,0.01,0.44,0.56,Uncertain
"Phillips County, KS",20147,Non-core,,,KS,7,5234,,0.002,0,0,0,0,0,1,19,0,0,,,0,0,0,0,0,715,13661,24,459,0,97,ModerateBurden,,Moderate,Low,0,17,325,1,1,0,-0.26,1,0,0,23,439,0,1,0,0,0,0,0.37,0,,,0,0,,,0.03,0,,,0,0,1,25,0,3,1,1,1,1,1844,0.352,1678,0.321,1,0.002,15,0.004,7,0.005,-0.0049,0,0.0008,5,0.012,1,0.002,1839,0.452,1677,0.412,914,0.704,853,0.657,0.06,0.1,0.25,2.2,0,0.03,0,0.01,0.24,0.57,Uncertain
"Rice County, KS",20159,Non-core,,,KS,7,9537,,0.003,0,0,559,0.059,0,1,10,0,0,-0.5,,0,2,21,0,0,1079,11314,12,126,0,27,ModerateBurden,,Moderate,Moderate,0,10,105,0.5,1,-0.048,-0.74,0.5,0.05,0.048,38,398,0,0.95,0,0,0,0,0.22,0,,,,,,,0.01,0,,,,,1,19,0,0,1,1,1,1,3295,0.345,2917,0.306,5,0.007,17,0.002,5,0.003,-0.0028,-0.0023,-0.0011,60,0.085,29,0.041,3235,0.438,2888,0.391,1355,0.723,1217,0.649,0.09,0.17,0.2,2.4,0.01,0.12,0.01,0.01,0.43,0.31,Uncertain
"Cheyenne County, KS",20023,Non-core,,,KS,7,2657,,0.001,0,0,0,0,0,1,38,0,0,-0.5,,0,2,75,0,0,369,13888,14,527,0,6,ModerateBurden,,Moderate,Substantial,0,1,38,0,1,0,-0.8,-1,0,0,5,188,1,1,0,0,0,0,0.09,0,,,0,0,,,0.05,0,,,0,0,1,16,0,6,1,1,1,1,987,0.371,858,0.323,1,0.006,1,0,,,0.006,-0.0067,-0.0055,2,0.012,2,0.012,985,0.469,856,0.407,518,0.713,470,0.647,0.07,0.09,0.27,2.2,0,0.07,0,0.01,0.1,0.44,Uncertain
"Labette County, KS",20099,Micropolitan,"Parsons, KS",Micropolitan,KS,7,19618,1,0.007,0,0,0,0,0,1,5,0,0,-0.8,,0,5,25,0,0,2752,14028,50,255,0,6,LowBurden,,Low,Moderate,0,42,214,0,1,-0.049,-0.55,0,0.02,0.049,93,474,0,0.98,0,0,0,0,0.5,0,0.71,0,0,0,,,0.05,0,0.14,0,-0.03,0,2,47,5,11,0.5,0.5,1,0.5,7079,0.361,6271,0.32,49,0.03,60,0.004,11,0.003,0.0224,-0.0021,-0.0008,212,0.132,77,0.048,6867,0.46,6194,0.415,2434,0.636,2311,0.604,0.1,0.18,0.19,2.5,0.04,0.05,0.02,0,0.64,0.24,Uncertain
"Fleming County, KY",21069,Non-core,,,KY,4,14581,,0.003,0,0,0,0,0,1,7,0,0,-0.75,,0,4,27,0,0,1213,8319,24,165,0,21,LowBurden,,Low,Moderate,0.024,132,905,0,1,0.01,-0.21,0,0,0.015,168,1152,0,1,0,0,0,0,1,0,,,0,0,,,0,0,,,0,0,1,8,0,5,1,1,1,1,5353,0.367,4694,0.322,8,0.006,27,0.002,6,0.002,-0.0048,-0.0071,-0.0053,158,0.127,24,0.019,5195,0.471,4670,0.424,2075,0.791,1940,0.739,0.1,0.18,0.18,2.4,0.01,0.01,0,0,0.77,0.75,Uncertain
"St. Francis County, AR",5123,Micropolitan,"Forrest City, AR",Micropolitan,AR,6,24994,1,0.008,0,0,0,0,0,1,4,0,0,-0.86,,0,7,28,0,0,3612,14451,44,176,0,51,LowBurden,,Low,Moderate,0.004,238,952,0,1,-0.011,0.62,0,0,0.015,147,588,0,1,1,2,0,0,0.27,0.02,0.33,0,0,0,-0.67,,-0.01,0,0.19,0,-0.02,0,2,58,6,8,0.5,0.5,1,0.5,8627,0.345,7094,0.284,5,0.003,75,0.004,12,0.003,-0.0104,-0.0049,-0.0036,66,0.038,20,0.012,8556,0.433,7074,0.358,2999,0.713,2603,0.619,0.1,0.27,0.17,2.4,0.52,0.05,0.01,0.01,0.97,0.86,Uncertain
"Franklin County, KS",20059,Micropolitan,"Ottawa, KS",Micropolitan,KS,7,25544,1,0.009,0,0,672,0.026,0,1,4,1,3.9,-0.75,,0,4,16,0,0,2579,10096,43,168,0,13,LowBurden,,Low,Moderate,0.035,72,282,0,1,0.024,-0.69,0,0,0.011,230,900,0,1,0,0,0,0,0.28,0.01,0.52,0.05,0.14,0.14,,,0.09,-0.02,0.33,-0.12,-0.07,-0.07,1,44,6,2,1,1,1,1,9696,0.38,8476,0.332,22,0.01,116,0.006,17,0.004,0.0023,-0.0007,0.0007,152,0.071,54,0.025,9544,0.489,8422,0.432,3561,0.819,3288,0.757,0.07,0.1,0.17,2.5,0.01,0.04,0.01,0.01,0.21,0.47,Uncertain
"Bland County, VA",51021,Non-core,"Bluefield, WV-VA",Micropolitan,VA,3,6280,0.059,0.001,0,0,0,0,0,1,16,0,0,0,,0,1,16,0,0,681,10844,10,159,0,57,ModerateBurden,,Moderate,Moderate,0.016,100,1592,1,0.63,0.004,0.16,0,-0.37,0.012,86,1369,1,1,,,,,,,,,,,,,,,,,,,,,,,,,,,449,0.071,384,0.061,1,0.003,7,0.001,2,0.001,0.0028,0.0002,0.0013,3,0.008,,,446,0.084,384,0.072,203,0.137,183,0.123,0.08,0.08,0.24,2.3,0.04,0.01,0,0.01,0.34,0.6,Uncertain
"Gove County, KS",20063,Non-core,,,KS,7,2636,,0.001,0,0,0,0,0,1,38,0,0,,,0,0,0,0,0,387,14681,19,721,0,86,ModerateBurden,,High,Low,0.333,0,0,0,1,0.333,-1,0,0,0,3,114,0,1,0,0,0,0,0.27,0,,,0,0,,,0.16,0,,,0,0,1,21,0,6,1,1,1,1,1090,0.414,976,0.37,,,9,0.005,3,0.005,-0.0046,0.0005,-0.0016,5,0.023,2,0.009,1085,0.543,974,0.487,498,0.779,452,0.707,0.11,0.12,0.24,2.1,0,0.03,0,0.01,0.1,0.32,Uncertain
"Amelia County, VA",51007,Large fringe metro,"Richmond, VA",Metropolitan,VA,3,13145,0.01,0.002,0,0,0,0,0,1,8,0,0,-0.8,,0,5,38,0,0,922,7014,33,251,0,17,LowBurden,,Low,Moderate,0,78,593,1,0.99,-0.039,-0.18,0,-0.01,0.039,95,723,1,1,,,,,,,,,,,,,,,,,,,,,,,,,,,223,0.017,186,0.014,,,3,0,,,,0.0002,0,,,,,223,0.021,186,0.018,140,0.053,129,0.049,0.11,0.13,0.2,2.7,0.2,0.03,0,0,0.32,0.78,Uncertain
"Perry County, AR",5105,Medium metro,"Little Rock-North Little Rock-Conway, AR",Metropolitan,AR,6,10455,0.014,0.003,0,0,0,0,0,1,10,0,0,0,,0,1,10,0,0,847,8101,10,96,0,14,LowBurden,,Moderate,Moderate,0,39,373,0,1,0,12,-1,0,0,3,29,1,1,,,,,,,,,,,,,,,,,,,,,,,,,,,3866,0.37,3331,0.319,8,0.01,30,0.004,5,0.002,-0.0024,-0.0047,-0.0042,74,0.09,34,0.041,3788,0.468,3297,0.407,1600,0.747,1463,0.683,0.06,0.17,0.2,2.7,0.02,0.03,0.01,0,0.64,0.92,Uncertain
"Greenwood County, KS",20073,Non-core,,,KS,7,5982,,0.002,0,0,0,0,0,1,17,0,0,-0.86,,0,7,117,0,0,568,9495,11,184,0,0,ModerateBurden,,Moderate,High,0,15,251,0,1,-0.174,-0.29,0,0,0.174,21,351,0,1,0,0,0,0,0.26,0,,,0,0,-1,,0.09,-0.02,,,0,0,1,25,0,7,1,1,1,1,2346,0.392,2207,0.369,,,12,0.003,1,0.001,-0.0106,-0.0009,-0.002,23,0.049,7,0.015,2323,0.496,2200,0.47,1154,0.761,1126,0.742,0.08,0.12,0.25,2.2,0.01,0.04,0.01,0,0.21,0.27,Uncertain
"Haskell County, KS",20081,Non-core,,,KS,7,3968,,0.001,0,0,0,0,0,1,25,0,0,,,0,0,0,0,0,420,10585,9,227,0,69,ModerateBurden,,Moderate,Low,0,4,101,0,1,0,-0.73,0,0,0,15,378,0,1,0,0,0,0,0.36,0,,,0,0,,,0.09,0,,,0,0,1,15,0,4,1,1,1,1,1136,0.286,1013,0.255,6,0.015,4,0.001,,,0.0125,0.0003,0,18,0.045,4,0.01,1118,0.391,1009,0.353,394,0.635,371,0.598,0.19,0.13,0.16,3,0,0.31,0.01,0.01,0.41,0.52,Uncertain
"Newton County, AR",5101,Micropolitan,"Harrison, AR",Micropolitan,AR,6,7753,0.172,0.003,0,0,0,0,0,1,13,0,0,-0.5,,0,2,26,0,0,733,9454,26,335,0,22,ModerateBurden,,Moderate,Moderate,0,21,271,0,1,-0.043,0.24,0,0,0.043,17,219,0,1,,,,,,,,,,,,,,,,,,,,,,,,,,,1970,0.254,1601,0.207,6,0.011,23,0.004,9,0.004,0.0018,-0.0019,0.0009,25,0.044,7,0.012,1944,0.311,1594,0.255,1088,0.515,913,0.432,0.08,0.14,0.27,2.7,0,0.02,0.01,0,0.28,0.51,Uncertain
"Jewell County, KS",20089,Non-core,,,KS,7,2879,,0.001,0,0,0,0,0,1,35,0,0,-0.5,,0,2,69,0,0,214,7433,6,208,0,69,ModerateBurden,,High,Substantial,0.333,2,69,0,1,0.333,-0.6,0,0,0,5,174,0,1,0,0,0,0,0.83,0,,,0,0,,,0,0,,,0,0,1,6,0,2,1,1,1,1,1079,0.375,1010,0.351,1,0.005,7,0.003,4,0.005,-0.0265,-0.0065,-0.0057,11,0.058,1,0.005,1068,0.466,1009,0.44,593,0.681,573,0.658,0.07,0.16,0.3,2.1,0,0.03,0.01,0,0.09,0.2,Uncertain
"Essex County, VA",51057,Non-core,,,VA,3,10953,,0.001,0,0,0,0,0,1,9,0,0,-0.92,,0,12,110,0,0,781,7130,10,91,0,4,LowBurden,,Low,High,0.02,105,959,1,0.97,0.01,0,0,-0.03,0.01,105,959,1,1,0,0,1,3,0.69,0.05,0.47,0.14,0.01,0.01,,-0.5,0.04,0.02,-0.22,0.02,-0.02,-0.01,1,31,7,24,1,1,1,1,1413,0.129,1216,0.111,16,0.022,20,0.002,1,0,0.0175,-0.0001,-0.0012,40,0.054,18,0.024,1373,0.154,1198,0.134,561,0.216,519,0.2,0.09,0.14,0.24,2.4,0.37,0.04,0.01,0.01,0.56,0.36,Uncertain
"Craig County, VA",51045,Medium metro,"Roanoke, VA",Metropolitan,VA,3,5131,0.016,0.001,0,0,0,0,0,1,19,0,0,-0.8,,0,5,97,0,0,323,6295,6,117,0,3,ModerateBurden,,Moderate,Substantial,0.045,17,331,1,1,-0.035,-0.55,1,0,0.08,38,741,0,1,,,,,,,,,,,,,,,,,,,,,,,,,,,124,0.024,74,0.014,,,,,,,0,-0.0002,0,2,0.006,2,0.006,121,0.029,71,0.017,74,0.06,47,0.038,0.04,0.09,0.24,2.2,0,0.02,0,0,0.07,0.16,Uncertain
"Essex County, VT",50009,Micropolitan,,,VT,1,6163,,0.01,0,0,0,0,0,1,16,0,0,-0.75,,0,4,65,0,0,292,4738,2,32,0,29,ModerateBurden,,Moderate,Substantial,0,66,1071,1,1,-0.031,-0.45,0,0.01,0.031,121,1963,1,0.99,,,,,,,,,,,,,,,,,,,,,,,,,,,2137,0.347,1822,0.296,,,13,0.003,4,0.002,-0.0162,0.0025,0.0024,90,0.243,38,0.103,2047,0.401,1784,0.349,907,0.555,785,0.48,0.05,0.15,0.27,2.2,0.01,0.01,0.01,0.01,0.21,0.14,Uncertain
"Clay County, KS",20027,Non-core,,,KS,7,8002,,0.003,0,0,0,0,0,1,12,0,0,,,0,0,0,0,0,804,10047,29,362,0,46,ModerateBurden,,Moderate,Low,0,20,250,0,1,0,-0.38,0,0,0,32,400,0,1,0,0,0,0,0.42,0,,,0,0,,,0.07,0,,,0,0,1,25,0,4,1,1,1,1,3398,0.425,3114,0.389,8,0.012,22,0.004,4,0.002,-0.0138,-0.0024,-0.0021,61,0.094,23,0.035,3337,0.544,3091,0.504,1514,0.805,1460,0.777,0.06,0.08,0.23,2.4,0.01,0.03,0,0.01,0.05,0.37,Uncertain
"Tyrrell County, NC",37177,Micropolitan,,,NC,4,4016,,0,0,0,0,0,0,1,25,0,0,,,0,0,0,0,0,323,8043,6,149,0,35,ModerateBurden,,Moderate,Low,0.059,48,1195,0,1,0.039,0.55,-1,0,0.02,31,772,1,1,,,,,,,,,,,,,,,,,,,,,,,,,,,1357,0.338,1160,0.289,,,5,0.002,1,0.001,-0.0122,-0.0018,-0.0012,14,0.057,9,0.037,1343,0.408,1151,0.35,549,0.678,511,0.631,0.16,0.25,0.2,2.1,0.37,0.09,0,0.02,0.88,0.99,Uncertain
"Kingman County, KS",20095,Medium metro,,,KS,7,7152,,0.002,0,0,0,0,0,1,14,0,0,-0.75,,0,4,56,0,0,773,10808,15,210,0,8,ModerateBurden,,Moderate,High,0,13,182,0,1,-0.148,-0.61,0,0.04,0.148,33,461,0,0.96,1,4,0,0,0.34,0,0,0,,,-0.75,,0.08,-0.03,0,0,,,1,25,2,0,1,1,1,1,2622,0.367,2405,0.336,1,0.002,16,0.003,3,0.002,-0.0051,-0.002,0.0019,22,0.038,10,0.017,2600,0.467,2395,0.43,1203,0.78,1135,0.736,0.07,0.08,0.22,2.4,0,0.04,0.01,0.01,0.05,0.18,Uncertain
"Addison County, VT",50001,Non-core,,,VT,1,36777,,0.059,0,0,2551,0.069,0,1,3,0,0,-0.75,,0,4,11,0,0,1062,2888,8,22,0,44,LowBurden,,Low,Moderate,0.006,401,1090,1,1,-0.01,-0.32,0,0,0.017,588,1599,1,1,0,0,0,0,0.4,0,,,0,0,,,0,0,,,0,0,1,40,0,4,1,1,1,1,23309,0.634,19761,0.537,56,0.026,191,0.006,19,0.003,-0.0353,0.0062,-0.0003,1341,0.615,601,0.276,21967,0.715,19160,0.624,6658,0.876,6147,0.809,0.04,0.08,0.21,2.3,0.01,0.02,0,0.02,0.1,0.01,Uncertain
"Montgomery County, AR",5097,Non-core,,,AR,6,8986,,0.003,0,0,0,0,0,1,11,0,0,0,,0,1,11,0,0,759,8446,33,367,0,111,ModerateBurden,,Moderate,Moderate,0,12,134,0,1,0,3,0,0,0,3,33,0,1,,,,,,,,,,,,,,,,,,,,,,,,,,,2569,0.286,2269,0.253,,,19,0.003,7,0.003,-0.0033,-0.0012,0.0016,12,0.02,7,0.012,2557,0.349,2262,0.309,1401,0.577,1276,0.526,0.12,0.19,0.27,2.4,0,0.05,0.01,0.01,0.7,0.88,Uncertain
"Dinwiddie County, VA",51053,Large fringe metro,"Richmond, VA",Metropolitan,VA,3,28544,0.022,0.003,0,0,0,0,0,1,4,0,0,-0.67,-1,0,3,11,1,3.5,2139,7494,45,158,0,55,LowBurden,,Low,Moderate,0.01,119,417,1,0.96,-0.012,-0.16,0,-0.03,0.022,142,497,1,0.99,,,,,,,,,,,,,,,,,,,,,,,,,,,6537,0.229,5809,0.204,37,0.018,75,0.003,10,0.002,0.0113,-0.0005,-0.0004,125,0.061,50,0.025,6409,0.28,5759,0.252,1843,0.36,1693,0.331,0.1,0.13,0.18,2.6,0.32,0.04,0,0.01,0.42,0.68,Uncertain
"Van Buren County, IA",19177,Non-core,,,IA,7,7044,,0.002,0,0,0,0,0,1,14,0,0,-0.67,,0,3,43,0,0,564,8007,18,256,0,55,ModerateBurden,,Moderate,Moderate,0,25,355,1,1,-0.031,-0.26,1,0,0.031,34,483,0,1,0,0,0,0,0.64,0,,,0,0,-1,,-0.06,-0.06,,,-0.11,0,1,10,0,5,1,1,1,1,2357,0.335,2221,0.315,2,0.004,19,0.003,3,0.002,-0.0019,0.0007,-0.0025,21,0.039,12,0.022,2336,0.429,2209,0.406,1202,0.758,1148,0.724,0.13,0.13,0.23,2.5,0,0.02,0,0.01,0.25,0.52,Uncertain
"Seward County, KS",20175,Micropolitan,"Liberal, KS",Micropolitan,KS,7,21428,1,0.007,0,0,0,0,0,1,5,0,0,-0.5,,0,2,9,0,0,3873,18074,41,191,0,26,LowBurden,,Low,Low,0,69,322,0,1,-0.032,-0.16,0,0,0.032,82,383,0,1,1,2,0,0,0.8,0.04,0.67,0,0.01,0,0.01,,-0.02,-0.01,0.04,-0.12,-0.05,0,1,40,7,11,1,1,1,1,8199,0.383,5647,0.264,17,0.008,45,0.003,5,0.002,-0.0014,-0.0015,-0.0019,94,0.043,16,0.007,8105,0.555,5631,0.386,1640,0.759,1347,0.623,0.18,0.17,0.1,3,0.04,0.63,0,0.03,0.91,0.57,Uncertain
"Sheridan County, KS",20179,Non-core,,,KS,7,2521,,0.001,0,0,0,0,0,1,40,0,0,,,0,0,0,0,0,437,17334,14,555,0,83,ModerateBurden,,Moderate,Low,,2,79,,,,-0.8,,,0,10,397,1,1,1,8,0,0,0.29,0.04,,,0,0,,,-0.02,0.04,,,0,0,1,13,0,3,1,1,1,1,742,0.294,680,0.27,2,0.009,5,0.003,,,0.0044,0.0016,0,10,0.044,3,0.013,732,0.384,677,0.355,357,0.597,339,0.567,0.1,0.05,0.24,2.2,0.01,0.06,0,0,0.07,0.22,Uncertain
"Socorro County, NM",35053,Non-core,,,NM,6,16637,,0.008,0,0,1475,0.089,0,1,6,0,0,-0.67,,0,3,18,0,0,1323,7952,60,361,0,41,LowBurden,,Low,Moderate,0,147,884,1,0.94,-0.006,-0.26,0,-0.03,0.006,200,1202,1,0.97,0,0,0,0,0.18,0,0.17,0,0,0,,,-0.02,0,,,0,0,1,22,3,8,1,1,1,1,6586,0.396,6759,0.406,33,0.026,106,0.008,5,0.001,-0.0132,-0.0015,-0.0027,355,0.275,184,0.143,6230,0.481,6575,0.508,1244,0.373,1707,0.512,0.12,0.29,0.2,3.6,0.01,0.5,0.12,0.02,0.97,0.76,Uncertain
"Rains County, TX",48379,Non-core,,,TX,6,12514,,0,0,0,0,0,0,1,8,0,0,-0.67,,0,3,24,0,0,813,6497,26,208,0,10,LowBurden,,Low,Moderate,0,45,360,1,1,0,0.29,1,0,0,35,280,0,1,,,,,,,,,,,,,,,,,,,,,,,,,,,,,,,,,,,,,,,,,,,,,,,,,,,,0.2,0.11,0.25,2.6,0.02,0.09,0.01,0.01,0.4,0.77,Uncertain
"Eastland County, TX",48133,Non-core,,,TX,6,18360,,0.001,0,0,0,0,0,1,5,1,5.4,-0.5,,0,2,11,0,0,1363,7424,50,272,0,25,LowBurden,,Low,High,0,24,131,0,1,-0.105,0.04,0,0,0.105,23,125,0,1,0,0,0,0,0.19,0,,,0.02,0,,,0.05,0,,,-0.06,0,1,30,0,7,1,1,1,1,,,,,,,,,,,,,,,,,,,,,,,,,,0.16,0.21,0.22,2.7,0.02,0.17,0.01,0.01,0.81,0.78,Uncertain
"Essex County, NY",36031,Non-core,,,NY,2,36885,,0.002,0,0,0,0,0,1,3,0,0,-0.75,,0,4,11,0,0,1591,4313,26,70,0,24,LowBurden,,Low,Moderate,0,472,1280,1,0.81,-0.006,-0.33,0,-0.18,0.006,701,1901,1,0.99,0,0,0,0,0.48,0.03,,,0,0,,,-0.14,-0.01,,,0,0,1,25,0,6,1,1,1,1,22536,0.611,20354,0.552,65,0.029,230,0.007,21,0.002,-0.0397,-0.0026,-0.0027,1056,0.476,451,0.203,21480,0.693,19903,0.643,7240,0.809,6935,0.775,0.04,0.09,0.24,2.3,0.02,0.03,0,0.01,0.39,0.58,Uncertain
"Manatí Municipio, PR",72091,,"San Juan-Bayamón-Caguas, PR",Metropolitan,PR,2,,,,,0,0,0,0,1,3,0,0,-0.91,,0,11,30,0,0,1421,3811,0,0,0,,,,Low,Moderate,0.015,469,1258,,,-0.009,-0.29,,,0.024,661,1773,,,3,1,4,1,0.7,0.02,0.95,0.09,0.48,0.04,0.53,0.02,0,-0.02,0.04,-0.04,-0.07,-0.02,2,535,25,60,1,1,1,1,18381,0.493,14585,0.391,76,0.029,419,0.014,50,0.006,-0.0237,-0.0085,-0.0079,674,0.254,264,0.099,17703,0.579,14320,0.468,4997,0.593,4357,0.517,0.07,0.46,,,,,,,,,
"Unallocated, NY",36000,,,,NY,2,,,,,,,,0,1,,1,,-1.17,-1.5,0,-6,,-2,,104,,274,,0,,,,,,0.003,1663,,,,-0.009,-0.24,,,0.012,2187,,,,,,,,,,,,,,,,,,,,,,,,,,,,,,335543,,251254,,366,,4842,,448,,,,,2941,,1091,,332455,,250132,,76038,,60720,,,,,,,,,,,,
"Taos County, NM",35055,Micropolitan,"Taos, NM",Micropolitan,NM,6,32723,1,0.016,0,0,0,0,0,1,3,0,0,-0.5,,0,2,6,0,0,1688,5158,53,162,0,7,LowBurden,,Low,Low,0.004,272,831,2,0.88,-0.003,0.08,0,-0.04,0.007,252,770,2,0.92,1,3,0,0,0.55,0.01,0.74,0,0.06,0,,,-0.05,0.01,0.24,0,-0.02,0,1,30,6,9,1,1,1,1,15245,0.466,14615,0.447,48,0.023,149,0.006,31,0.003,-0.1045,-0.0051,-0.0029,1005,0.477,341,0.162,14239,0.527,14274,0.528,4612,0.512,5560,0.617,0.11,0.19,0.28,2.7,0,0.57,0.05,0.01,0.86,0.65,Uncertain
"Osceola County, IA",19143,Non-core,,,IA,7,5958,,0.002,0,0,0,0,0,1,17,0,0,,,0,0,0,0,0,790,13259,16,269,0,41,ModerateBurden,,Moderate,Moderate,0.036,19,319,0,0.96,-0.017,-0.51,0,-0.04,0.053,39,655,0,1,0,0,0,0,0.08,0,,,0.33,0,,,-0.06,0,,,0.25,0,1,10,0,2,1,1,1,1,2291,0.385,2156,0.362,17,0.033,27,0.006,3,0.002,0.0214,0.0017,0.0007,41,0.08,5,0.01,2250,0.491,2151,0.47,1016,0.751,989,0.732,0.05,0.12,0.23,2.3,0.01,0.09,0.01,0.01,0.26,0.33,Uncertain
"Panola County, TX",48365,Non-core,,,TX,6,23194,,0.001,0,0,0,0,0,1,4,0,0,-0.86,,0,7,30,0,0,1635,7049,75,323,0,4,LowBurden,,High,Moderate,0.136,48,207,1.5,1,0.087,-0.32,0.5,0,0.049,71,306,1,1,1,4,1,4,0.28,0.05,,,0,0,-0.65,,-0.03,0.01,,,0,0,1,28,0,4,1,1,1,1,,,,,,,,,,,,,,,,,,,,,,,,,,0.17,0.16,0.2,2.6,0.15,0.09,0,0.01,0.7,0.87,Uncertain
"Mora County, NM",35033,Non-core,"Las Vegas, NM",Micropolitan,NM,6,4521,0.142,0.002,0,0,0,0,0,1,22,0,0,,-1,0,0,0,1,22.1,172,3804,7,155,0,81,ModerateBurden,,Moderate,Low,0,48,1062,1,1,-0.02,0.45,0,0.04,0.02,33,730,1,0.96,,,,,,,,,,,,,,,,,,,,,,,,,,,1428,0.316,1561,0.345,1,0.004,26,0.007,8,0.006,-0.0545,0.0027,0.0008,98,0.356,25,0.091,1330,0.356,1536,0.411,477,0.365,649,0.497,0.06,0.19,0.29,3,0,0.81,0.01,0,0.8,0.82,Uncertain
"Ransom County, ND",38073,Non-core,,,ND,8,5218,,0.007,0,0,0,0,0,1,19,0,0,,,0,0,0,0,0,698,13377,17,326,0,23,ModerateBurden,,Moderate,Low,0.005,253,4849,0,1,0.003,0.06,0,0,0.002,239,4580,0,1,1,8,0,0,0.82,0.01,,,0,0,,,0.17,0.01,,,0,0,1,12,0,4,1,1,1,1,2647,0.507,2376,0.455,7,0.017,38,0.009,2,0.002,0.0025,0.0049,-0.0009,59,0.145,34,0.084,2583,0.638,2342,0.578,1083,0.978,992,0.896,0.03,0.06,0.21,2.2,0.01,0.03,0.01,0.01,0.09,0.08,Uncertain
"Carlisle County, KY",21039,Non-core,,,KY,4,4760,,0.001,0,0,0,0,0,1,21,0,0,-0.5,,0,2,42,0,0,483,10147,9,189,0,13,ModerateBurden,,Moderate,Moderate,0,31,651,0.5,1,0,-0.24,0.5,0,0,41,861,0,1,,,,,,,,,,,,,,,,,,,,,,,,,,,1349,0.283,1191,0.25,2,0.005,14,0.004,4,0.004,-0.0027,-0.0041,-0.0019,11,0.03,2,0.005,1338,0.365,1189,0.325,675,0.657,625,0.608,0.05,0.19,0.22,2.4,0.01,0.02,0.01,0,0.34,0.69,Uncertain
"Nolan County, TX",48353,Micropolitan,"Sweetwater, TX",Micropolitan,TX,6,14714,1,0.001,0,0,0,0,0,1,7,0,0,-0.5,,0,2,14,0,0,1546,10507,51,347,0,11,LowBurden,,Low,Moderate,0,37,251,0,1,-0.036,0.85,-1,0,0.036,20,136,1,1,1,3,0,0,0.36,0,0.46,0,0.03,0,,,-0.05,0,-0.26,0,-0.01,0,1,33,5,19,1,1,1,1,,,,,,,,,,,,,,,,,,,,,,,,,,0.17,0.15,0.19,2.7,0.04,0.39,0,0.01,0.89,0.65,Uncertain
"Cumberland County, KY",21057,Non-core,,,KY,4,6614,,0.001,0,0,0,0,0,1,15,2,30.2,-0.67,,0,3,45,0,0,704,10644,12,181,0,50,ModerateBurden,,Moderate,Moderate,0,14,212,1,1,-0.053,-0.36,0,0,0.053,22,333,1,1,0,0,0,0,0.62,0,,,0,0,,,0.12,0,,,0,0,1,25,0,2,1,1,1,1,2074,0.314,1901,0.287,1,0.002,8,0.002,1,0.001,-0.0046,-0.0063,-0.0053,7,0.016,2,0.005,2067,0.396,1899,0.363,936,0.621,870,0.577,0.11,0.22,0.23,2.4,0.03,0.02,0,0,0.53,0.7,Uncertain
"Edmonson County, KY",21061,Small metro,"Bowling Green, KY",Metropolitan,KY,4,12150,0.068,0.003,0,0,0,0,0,1,8,1,8.2,-0.5,,0,2,16,0,0,919,7564,25,206,0,26,LowBurden,,Low,Moderate,0,17,140,1,1,-0.038,-0.53,0,0,0.038,36,296,1,1,,,,,,,,,,,,,,,,,,,,,,,,,,,3631,0.299,3231,0.266,5,0.006,36,0.004,3,0.001,-0.0167,-0.0016,-0.0027,71,0.091,30,0.039,3559,0.356,3201,0.32,1404,0.54,1300,0.5,0.05,0.19,0.21,2.4,0.02,0.01,0,0,0.64,0.84,Uncertain
"Moore County, TX",48341,Micropolitan,"Dumas, TX",Micropolitan,TX,6,20940,1,0.001,0,0,0,0,0,1,5,0,0,-0.5,-1,0,2,10,1,4.8,2751,13138,73,349,0,21,LowBurden,,Low,Moderate,0,20,96,0,1,0,-0.65,-1,0,0,57,272,1,1,0,0,0,0,0.3,0,,,0,0,,,-0.1,0,,,0,0,1,18,0,10,1,1,1,1,,,,,,,,,,,,,,,,,,,,,,,,,,0.17,0.15,0.11,3.3,0.04,0.57,0.01,0.06,0.7,0.95,Uncertain
"Hidalgo County, NM",35023,Non-core,,,NM,6,4198,,0.002,0,0,0,0,0,1,24,0,0,,,0,0,0,0,0,364,8671,9,214,0,129,ModerateBurden,,Moderate,Low,0,38,905,2,0.92,0,0.27,0,-0.02,0,30,715,2,0.94,,,,,,,,,,,,,,,,,,,,,,,,,,,1139,0.271,1294,0.308,9,0.029,41,0.013,5,0.005,0.0097,0.0077,0.0032,78,0.252,23,0.074,1061,0.326,1271,0.391,314,0.333,493,0.523,0.05,0.28,0.22,2.4,0.01,0.58,0.01,0.01,0.96,0.88,Uncertain
"Loíza Municipio, PR",72087,,"San Juan-Bayamón-Caguas, PR",Metropolitan,PR,2,,,,,0,0,0,0,1,4,0,0,-0.83,,0,6,24,0,0,1273,5185,0,0,0,,,,Low,Moderate,0.015,163,664,,,-0.025,0.39,,,0.04,117,477,,,,,,,,,,,,,,,,,,,,,,,,,,,,,8120,0.331,5361,0.218,20,0.011,179,0.009,29,0.006,-0.0412,-0.0051,-0.0047,337,0.193,51,0.029,7781,0.386,5307,0.263,2491,0.527,1667,0.353,0.09,0.51,,,,,,,,,
"Las Piedras Municipio, PR",72085,,"San Juan-Bayamón-Caguas, PR",Metropolitan,PR,2,,,,,0,0,0,0,1,3,0,0,-0.75,,0,4,11,0,0,1622,4383,0,0,0,,,,Low,Moderate,0,406,1097,,,-0.003,-0.37,,,0.003,641,1732,,,,,,,,,,,,,,,,,,,,,,,,,,,,,17452,0.472,12983,0.351,209,0.079,392,0.013,36,0.005,-0.0076,-0.0028,-0.0033,994,0.377,281,0.107,16450,0.542,12699,0.418,3912,0.556,3398,0.483,0.05,0.43,,,,,,,,,
"Rockbridge County, VA",51163,Non-core,,,VA,3,22573,,0.003,0,0,0,0,0,1,4,0,0,,,0,0,0,0,0,1548,6858,46,204,0,17,LowBurden,,High,High,0.125,76,337,1,0.99,0.013,-0.36,0,-0.01,0.112,119,527,1,0.99,,,,,,,,,,,,,,,,,,,,,,,,,,,3110,0.138,2664,0.118,6,0.004,36,0.002,6,0.001,-0.0047,-0.0006,0.0002,70,0.047,25,0.017,3038,0.162,2638,0.141,1337,0.221,1215,0.201,0.09,0.14,0.27,2.5,0.03,0.02,0.01,0.01,0.14,0.38,Uncertain
"Inyo County, CA",6027,Non-core,,,CA,9,18039,,0,0,0,0,0,0,1,6,0,0,-0.5,,0,2,11,0,0,1432,7938,38,211,0,24,LowBurden,,Low,Moderate,,0,0,,,,,,,,0,0,,,1,3,0,0,0.27,0.02,0.21,0.07,0,0,0,,0.01,0.01,0,0,0,0,2,29,2,12,1,1,1,1,,,,,,,,,,,,,,,,,,,,,,,,,,0.06,0.1,0.23,2.2,0.01,0.23,0.11,0.02,0.57,0.48,Uncertain
"Wells County, ND",38103,Non-core,,,ND,8,3834,,0.005,0,0,0,0,0,1,26,0,0,,,0,0,0,0,0,458,11946,8,209,0,18,ModerateBurden,,Moderate,Low,0,4,104,,,0,-0.73,,,0,15,391,0,1,0,0,0,0,0.3,0,,,0,0,,,-0.38,0,,,0,0,1,9,0,1,1,1,1,1,1430,0.373,1273,0.332,,,4,0.001,2,0.002,-0.0195,-0.0046,-0.0018,9,0.035,4,0.016,1419,0.466,1269,0.416,729,0.662,646,0.587,0.03,0.07,0.29,2,0,0.01,0.01,0,0.06,0.06,Uncertain
"Glenn County, CA",6021,Non-core,,,CA,9,28393,,0.001,0,0,0,0,0,1,4,1,3.5,-0.89,0,0,9,32,1,3.5,2423,8534,27,95,0,9,LowBurden,,Low,Moderate,,0,0,,,,,,,,0,0,,,0,0,0,0,0.51,0,,,0,0,,,0.02,0,,,0,0,1,47,0,1,1,1,1,1,11269,0.397,9324,0.328,23,0.009,162,0.008,22,0.005,-0.0066,-0.0006,0.002,334,0.13,168,0.065,10928,0.525,9155,0.439,3735,0.834,3256,0.727,0.1,0.19,0.16,2.8,0.01,0.43,0.02,0.03,0.89,0.9,Uncertain
"Stanton County, KS",20187,Non-core,,,KS,7,2006,,0.001,0,0,0,0,0,1,50,0,0,,,0,0,0,0,0,186,9272,6,299,0,117,ModerateBurden,,Substantial,Low,0,4,199,2,1,0,0.33,1.5,0,0,3,150,0.5,1,0,0,0,0,0.35,0,,,0,0,,,0.16,0,,,0,0,1,14,0,1,1,1,1,1,737,0.367,643,0.321,3,0.015,12,0.008,2,0.006,-0.0406,0.0007,0,21,0.107,1,0.005,716,0.495,642,0.444,244,0.703,224,0.646,0.11,0.15,0.17,2.5,0.01,0.38,0.01,0,0.5,0.58,Uncertain
"Stevens County, KS",20189,Non-core,,,KS,7,5485,,0.002,0,0,0,0,0,1,18,0,0,0,,0,1,18,0,0,560,10210,10,182,0,57,ModerateBurden,,Moderate,High,0,7,128,1,1,-0.125,-0.42,0.5,0,0.125,12,219,0.5,1,0,0,0,0,0.09,0,,,0,0,,,0.02,0,,,0,0,1,17,0,4,1,1,1,1,1296,0.236,1126,0.205,2,0.004,8,0.002,1,0.001,0.0036,-0.003,-0.0022,5,0.009,2,0.004,1291,0.327,1124,0.285,496,0.542,444,0.485,0.16,0.18,0.17,2.9,0.01,0.37,0.01,0.01,0.67,0.79,Uncertain
"Sutton County, TX",48435,Non-core,,,TX,6,3776,,0,0,0,0,0,0,1,26,0,0,,,0,0,0,0,0,471,12474,8,212,0,93,ModerateBurden,,Moderate,High,0,6,159,1,1,-0.111,0.2,1,0,0.111,5,132,0,1,0,0,0,0,0.07,0,,,0,0,,,0.03,0,,,0,0,1,33,0,8,1,1,1,1,,,,,,,,,,,,,,,,,,,,,,,,,,0.18,0.08,0.19,2.6,0,0.64,0,0,0.6,0.83,Uncertain
"Renville County, ND",38075,Micropolitan,"Minot, ND",Micropolitan,ND,8,2327,0.031,0.003,0,0,0,0,0,1,43,0,0,,,0,0,0,0,0,322,13838,14,602,0,63,ModerateBurden,,Moderate,Low,0,4,172,1,1,0,0,1,0,0,4,172,0,1,,,,,,,,,,,,,,,,,,,,,,,,,,,684,0.294,634,0.272,6,0.032,12,0.007,,,0.0212,0.0028,-0.0041,14,0.074,5,0.026,669,0.371,629,0.349,319,0.66,313,0.648,0.04,0.05,0.21,2.4,0,0.03,0.01,0,0.03,0.03,Uncertain
"Sumter County, AL",1119,Non-core,,,AL,4,12427,,0.003,0,0,4755,0.383,0,1,8,0,0,-0.67,,0,3,24,0,0,1057,8506,32,258,0,16,LowBurden,,Low,Moderate,0,55,443,0,0.96,-0.039,-0.1,-1,0.03,0.039,61,491,1,0.93,0,0,0,0,0.2,0,,,0,0,,,-0.14,0,,,0,0,1,31,0,3,1,1,1,1,5002,0.403,3638,0.293,1,0.001,33,0.003,6,0.003,-0.0013,0.0009,-0.0009,30,0.038,12,0.015,4971,0.494,3626,0.36,1945,0.837,1492,0.642,0.15,0.31,0.19,2.4,0.71,0.01,0,0.02,0.96,0.98,Uncertain
"Sargent County, ND",38081,Non-core,,,ND,8,3898,,0.005,0,0,0,0,0,1,26,0,0,0,,0,1,26,0,0,501,12853,7,180,0,43,ModerateBurden,,Moderate,Moderate,0.028,31,795,0,1,0.028,-0.24,0,0,0,41,1052,0,1,,,,,,,,,,,,,,,,,,,,,,,,,,,1942,0.498,1812,0.465,,,27,0.009,1,0.001,-0.03,0.0023,0.0011,32,0.12,19,0.071,1908,0.624,1793,0.587,749,0.848,713,0.807,0.04,0.04,0.23,2.1,0.02,0.03,0.01,0.01,0.02,0.13,Uncertain
"Naranjito Municipio, PR",72105,,"San Juan-Bayamón-Caguas, PR",Metropolitan,PR,2,,,,,0,0,0,0,1,4,0,0,0,,0,1,4,0,0,1559,5700,0,0,0,,,,Low,Low,0.01,126,461,,,-0.023,-0.3,,,0.033,180,658,,,,,,,,,,,,,,,,,,,,,,,,,,,,,13791,0.504,9289,0.34,46,0.024,354,0.016,28,0.005,-0.0226,0.0021,-0.0009,655,0.336,302,0.155,13130,0.585,8986,0.4,3377,0.605,2749,0.492,0.04,0.46,,,,,,,,,
"Heard County, GA",13149,Large fringe metro,"Atlanta-Sandy Springs-Alpharetta, GA",Metropolitan,GA,4,11923,0.002,0.001,0,0,0,0,0,1,8,0,0,0,-1,0,1,8,2,16.8,883,7406,22,185,0,29,LowBurden,,Low,Low,0.036,38,319,0,1,-0.007,-0.22,0,0,0.043,49,411,0,1,,,,,,,,,,,,,,,,,,,,,,,,,,,698,0.059,727,0.061,2,0.002,36,0.004,6,0.003,0,-0.0013,-0.0014,7,0.008,9,0.01,691,0.074,718,0.077,236,0.108,254,0.117,0.13,0.16,0.18,2.6,0.1,0.03,0,0.01,0.72,0.72,Uncertain
"Powhatan County, VA",51145,Large fringe metro,"Richmond, VA",Metropolitan,VA,3,29652,0.023,0.003,0,0,0,0,0,1,3,0,0,-0.5,,0,2,7,0,0,1921,6478,17,57,0,58,LowBurden,,Low,Low,0.005,149,502,1,0.98,-0.007,-0.24,0,-0.02,0.013,196,661,1,1,,,,,,,,,,,,,,,,,,,,,,,,,,,513,0.017,437,0.015,1,0.001,,,,,0,0,0,3,0.002,,,510,0.021,437,0.018,262,0.047,236,0.042,0.06,0.05,0.19,2.5,0.09,0.02,0,0.01,0.01,0.04,Uncertain
"Yell County, AR",5149,Micropolitan,"Russellville, AR",Micropolitan,AR,6,21341,0.25,0.007,0,0,0,0,0,1,5,0,0,-0.83,,0,6,28,0,0,3449,16161,65,305,0,7,LowBurden,,Low,Moderate,0,101,473,0,0.98,-0.011,3.04,0,-0.01,0.011,25,117,0,0.99,1,2,2,3,0.52,0.01,,,0,0,,0,-0.02,0.01,,,0,0,2,66,0,3,1,1,1,1,6488,0.304,5835,0.273,19,0.01,93,0.006,12,0.003,0.0032,-0.003,-0.0013,150,0.081,94,0.051,6336,0.392,5740,0.355,2192,0.568,2191,0.568,0.08,0.16,0.18,2.8,0.02,0.2,0.01,0.01,0.88,0.88,Uncertain
"Towner County, ND",38095,Non-core,,,ND,8,2189,,0.003,0,0,0,0,0,1,46,0,0,,,0,0,0,0,0,326,14893,11,503,0,17,ModerateBurden,,Moderate,Low,0,14,640,0,0.88,0,-0.3,0,-0.12,0,20,914,0,1,1,17,0,0,0.67,0,,,0,0,-0.5,,0.17,-0.07,,,0,0,1,6,0,1,1,1,1,1,826,0.377,789,0.36,,,4,0.002,,,0,0.0006,0,14,0.092,11,0.072,810,0.472,777,0.453,356,0.644,350,0.633,0.11,0.12,0.25,2.1,0,0.03,0.05,0,0.19,0.3,Uncertain
"Rappahannock County, VA",51157,Large fringe metro,"Washington-Arlington-Alexandria, DC-VA-MD-WV",Metropolitan,VA,3,7370,0.001,0.001,0,0,0,0,0,1,14,0,0,,,0,0,0,0,0,344,4668,2,27,0,32,ModerateBurden,,Moderate,Low,0.029,37,502,0,1,0.029,0.28,-1,0,0,29,393,1,1,,,,,,,,,,,,,,,,,,,,,,,,,,,1750,0.237,1455,0.197,4,0.009,23,0.004,5,0.002,-0.0091,-0.0021,0,37,0.084,16,0.036,1711,0.277,1439,0.233,738,0.359,638,0.311,0.13,0.09,0.28,2.5,0.04,0.04,0,0.01,0.02,0.26,Uncertain
"Runnels County, TX",48399,Non-core,,,TX,6,10264,,0,0,0,0,0,0,1,10,0,0,0,,0,1,10,0,0,1297,12636,38,370,0,27,LowBurden,,Moderate,Moderate,0,29,283,1,0.96,0,-0.15,1,-0.01,0,34,331,0,0.97,0,0,0,0,0.33,0,,,0,0,,,-0.01,0,,,0,0,2,24,0,8,1,1,1,1,,,,,,,,,,,,,,,,,,,,,,,,,,0.16,0.14,0.21,2.7,0.02,0.35,0.01,0.01,0.54,0.56,Uncertain
"Wilson County, KS",20205,Non-core,,,KS,7,8525,,0.003,0,0,0,0,0,1,12,0,0,,,0,0,0,0,0,1019,11953,16,188,0,11,ModerateBurden,,Moderate,Low,0,19,223,0,1,0,-0.21,0,0,0,24,282,0,1,0,0,0,0,0.5,0,,,0,0,,,0,0,,,0,0,2,17,0,6,1,1,1,1,2817,0.33,2617,0.307,2,0.003,19,0.003,4,0.002,-0.0014,-0.0003,0,29,0.041,18,0.025,2788,0.43,2599,0.401,1264,0.673,1210,0.644,0.08,0.14,0.22,2.3,0,0.04,0.01,0,0.64,0.57,Uncertain
"Woodson County, KS",20207,Non-core,,,KS,7,3138,,0.001,0,0,0,0,0,1,32,0,0,0,,0,1,32,0,0,220,7011,5,159,0,54,ModerateBurden,,Moderate,Moderate,0,9,287,0,1,0,-0.1,0,0,0,10,319,0,1,,,,,,,,,,,,,,,,,,,,,,,,,,,1038,0.331,936,0.298,,,90,0.037,67,0.085,0,0.0288,0.0772,3,0.012,3,0.012,1035,0.42,933,0.378,512,0.648,476,0.603,0.15,0.22,0.25,2.1,0.01,0.03,0.01,0,0.44,0.71,Uncertain
"Roberts County, TX",48393,Non-core,"Pampa, TX",Micropolitan,TX,6,854,0.038,0,0,0,0,0,0,1,117,0,0,,,0,0,0,0,0,63,7377,1,117,0,152,ModerateBurden,,High,Low,0,1,117,2,1,0,0,2,0,0,1,117,0,1,,,,,,,,,,,,,,,,,,,,,,,,,,,,,,,,,,,,,,,,,,,,,,,,,,,,0.08,0.12,0.23,2.8,0,0.11,0.01,0,0.09,0.33,Uncertain
"Crawford County, GA",13079,Small metro,"Macon-Bibb County, GA",Metropolitan,GA,4,12404,0.054,0.001,0,0,0,0,0,1,8,1,8.1,,0,0,0,0,1,8.1,656,5289,21,169,0,62,LowBurden,,Low,Low,0,30,242,0,0.9,0,-0.19,0,0.05,0,37,298,0,0.85,,,,,,,,,,,,,,,,,,,,,,,,,,,1450,0.117,1330,0.107,7,0.007,23,0.002,5,0.002,0.0011,-0.0026,-0.0029,18,0.019,8,0.008,1432,0.145,1322,0.134,588,0.244,499,0.207,0.14,0.2,0.19,2.6,0.21,0.04,0,0.01,0.68,0.83,Uncertain
"Edwards County, TX",48137,Non-core,,,TX,6,1932,,0,0,0,0,0,0,1,52,0,0,,,0,0,0,0,0,253,13095,6,311,0,96,ModerateBurden,,Substantial,Low,0,4,207,1,1,0,3,0.5,0,0,1,52,0.5,1,,,,,,,,,,,,,,,,,,,,,,,,,,,,,,,,,,,,,,,,,,,,,,,,,,,,0.12,0.07,0.29,3,0.01,0.55,0.01,0,0.44,0.73,Uncertain
"Sedgwick County, CO",8115,Non-core,,,CO,8,2248,,0,0,0,0,0,0,1,44,1,44.5,-0.5,,0,2,89,0,0,236,10498,3,133,0,18,ModerateBurden,,Moderate,Substantial,0.018,40,1779,1,1,-0.015,-0.71,0,0,0.033,138,6139,1,1,0,0,0,0,0.43,0,0,0,0,0,,,0.18,0,-0.14,0,0,0,1,7,1,2,1,1,1,1,629,0.28,431,0.192,,,1,0.001,,,0,-0.0011,0,1,0.006,1,0.006,628,0.347,430,0.238,299,0.49,133,0.218,0.08,0.17,0.27,2.3,0.01,0.16,0.01,0.01,0.69,0.39,Uncertain
"Adair County, IA",19001,Non-core,,,IA,7,7152,,0.002,0,0,0,0,0,1,14,0,0,0,,0,1,14,0,0,873,12206,32,447,0,32,ModerateBurden,,Moderate,Moderate,0,53,741,0,1,-0.04,-0.21,0,0,0.04,67,937,0,1,0,0,0,0,0.68,0,,,0,0,,,0.46,0,,,0,0,1,4,0,1,1,1,1,1,2990,0.418,2658,0.372,5,0.009,17,0.003,4,0.002,-0.1157,-0.0023,0.0012,114,0.216,17,0.032,2876,0.514,2641,0.472,1251,0.759,1156,0.701,0.06,0.09,0.23,2.2,0.01,0.03,0,0.01,0.05,0.27,Uncertain
"Alexander County, IL",17003,Small metro,"Cape Girardeau, MO-IL",Metropolitan,IL,5,5761,0.06,0,0,0,0,0,0,1,17,0,0,,,0,0,0,0,0,471,8176,11,191,0,54,ModerateBurden,,Moderate,Low,0,45,781,1,0.95,0,-0.1,0,-0.04,0,50,868,1,0.98,,,,,,,,,,,,,,,,,,,,,,,,,,,1427,0.248,1081,0.188,2,0.004,16,0.004,1,0.001,0.0022,-0.002,-0.0053,11,0.024,5,0.011,1415,0.316,1076,0.24,689,0.517,547,0.411,0.07,0.3,0.23,2.8,0.31,0.02,0,0,0.96,0.95,Uncertain
"Garfield County, WA",53023,Non-core,,,WA,10,2225,,0,0,0,0,0,0,1,45,0,0,0,,0,1,45,0,0,125,5618,5,225,0,112,ModerateBurden,,Moderate,Moderate,0,19,854,,,0,1.38,,,0,8,360,,,0,0,0,0,0.55,0,,,0,0,,,0.03,0,,,0,0,1,33,0,1,1,1,1,1,744,0.334,481,0.216,1,0.007,7,0.004,,,-0.007,0.0034,0,10,0.07,4,0.028,734,0.418,477,0.271,422,0.748,241,0.427,0.05,0.12,0.25,2.2,0,0.06,0.01,0.03,0.18,0.29,Uncertain
"Oneida County, ID",16071,Non-core,,,ID,10,4531,,0.003,0,0,0,0,0,1,22,0,0,0,,0,1,22,0,0,364,8034,4,88,0,22,ModerateBurden,,Moderate,Moderate,0,3,66,1.5,0.9,0,-0.85,1.5,-0.1,0,20,441,0,1,0,0,0,0,0.1,0,,,0,0,,,-0.03,0,,,0,0,1,25,0,5,1,1,1,1,1418,0.313,1219,0.269,,,20,0.006,7,0.008,,0.0046,0.0076,,,,,1418,0.437,1219,0.375,642,0.693,588,0.635,0.07,0.13,0.2,2.7,0,0.04,0,0.01,0.34,0.29,Uncertain
"Jefferson County, MS",28063,Non-core,,,MS,4,6990,,0.002,0,0,0,0,0,1,14,0,0,0,,0,1,14,0,0,662,9471,28,401,0,22,ModerateBurden,,Moderate,Moderate,0,30,429,0,1,-0.057,0.25,0,0.03,0.057,24,343,0,0.97,0,0,0,0,0.42,0,,,,,,,-0.02,0,,,,,1,12,0,0,1,1,1,1,3254,0.466,2620,0.375,32,0.066,57,0.01,5,0.004,0.0451,0.0053,0,64,0.131,14,0.029,3190,0.587,2606,0.479,984,0.81,859,0.707,0.17,0.5,0.17,2.7,0.85,0.01,0,0,0.96,0.9,Uncertain
"Teton County, ID",16081,Micropolitan,"Jackson, WY-ID",Micropolitan,ID,10,12142,0.341,0.007,0,0,0,0,0,1,8,0,0,,,0,0,0,0,0,1228,10114,4,33,0,59,LowBurden,,Low,Low,0.042,47,387,0,1,0.042,-0.02,0,0,0,48,395,0,1,0,0,0,0,0.01,0,,,0,0,,,0.01,0,,,0,0,1,42,0,5,1,1,1,1,5884,0.485,5150,0.424,1,0.001,50,0.005,5,0.003,0.001,-0.004,-0.0025,10,0.01,5,0.005,5874,0.635,5145,0.556,1265,0.793,1196,0.749,0.09,0.06,0.13,3,0,0.17,0,0,0.13,0.02,Uncertain
"Iron County, WI",55051,Non-core,,,WI,5,5687,,0.001,0,0,0,0,0,1,18,0,0,0,,0,1,18,0,0,702,12344,40,703,0,18,ModerateBurden,,Moderate,Moderate,0.026,35,615,1,1,0.01,-0.49,0,0,0.017,69,1213,1,1,,,,,,,,,,,,,,,,,,,,,,,,,,,2931,0.515,2653,0.467,2,0.006,26,0.005,2,0.001,-0.0118,0.0014,-0.0016,99,0.292,40,0.118,2832,0.586,2613,0.541,1465,0.804,1408,0.772,0.07,0.15,0.32,1.9,0,0.01,0.01,0,0.36,0.39,Uncertain
"Petersburg Borough, AK",2195,Non-core,,,AK,10,3266,,0.004,0,0,0,0,0,1,31,0,0,0,,0,1,31,0,0,174,5328,1,31,0,41,ModerateBurden,,Moderate,Moderate,0,161,4930,0,0.97,-0.011,0.81,-2,0.26,0.011,89,2725,2,0.71,,,,,,,,,,,,,,,,,,,,,,,,,,,2055,0.629,1908,0.584,6,0.031,13,0.005,2,0.003,-0.0729,0.0004,0,81,0.422,37,0.193,1968,0.755,1871,0.718,595,0.888,574,0.857,0.09,0.08,0.21,2.7,0.02,0.06,0.1,0.04,0.66,0.49,Uncertain
"Jasper County, MS",28061,Micropolitan,"Laurel, MS",Micropolitan,MS,4,16383,0.194,0.006,0,0,0,0,0,1,6,0,0,-0.5,,0,2,12,0,0,2216,13526,48,293,0,124,LowBurden,,Low,Moderate,0.032,71,433,1,0.98,0.032,0.13,1,-0.02,0,63,385,0,1,0,0,0,0,0.41,0,,,,,,,0.02,0,,,,,1,16,0,0,1,1,1,1,5342,0.326,4400,0.269,6,0.005,78,0.006,16,0.005,0.0033,0.003,0.0024,38,0.031,8,0.007,5304,0.417,4392,0.345,2308,0.679,2045,0.602,0.13,0.23,0.21,2.5,0.53,0.01,0,0,0.77,0.78,Uncertain
"Mahnomen County, MN",27087,Non-core,,,MN,5,5527,,0.001,0,0,0,0,0,1,18,0,0,-0.67,,0,3,54,0,0,566,10241,9,163,0,36,ModerateBurden,,Moderate,Substantial,0,154,2786,0,1,-0.034,-0.18,0,0.03,0.034,188,3401,0,0.97,0,0,0,0,0.1,0,,,0,0,,,-0.09,0,,,0,0,1,10,0,1,1,1,1,1,2729,0.494,2464,0.446,,,18,0.005,2,,-0.0552,0.0008,0,86,0.17,37,0.073,2640,0.7,2427,0.644,1020,0.999,992,0.999,0.15,0.21,0.17,2.8,0.01,0.04,0.41,0,0.87,0.89,Uncertain
"Butte County, ID",16023,Small metro,"Idaho Falls, ID",Metropolitan,ID,10,2597,0.017,0.001,0,0,0,0,0,1,39,0,0,,,0,0,0,0,0,212,8163,1,39,0,103,ModerateBurden,,Moderate,Low,0,5,193,1,1,0,-0.89,1,0,0,45,1733,0,1,0,0,0,0,0.07,0,,,0,0,,,0,0,,,0,0,1,14,0,8,1,1,1,1,862,0.332,776,0.299,,,7,0.004,1,0.002,,-0.0041,-0.0065,,,,,862,0.438,776,0.395,388,0.632,366,0.596,0.12,0.16,0.24,2.4,0,0.05,0.01,0,0.25,0.07,Uncertain
"Marshall County, MN",27089,Non-core,,,MN,5,9336,,0.002,0,0,0,0,0,1,11,0,0,,,0,0,0,0,0,883,9458,17,182,0,41,ModerateBurden,,Moderate,Low,0.038,88,943,0,1,-0.003,-0.1,0,0,0.041,98,1050,0,1,0,0,0,0,0.17,0,,,0,0,,,-0.05,0,,,0,0,1,12,0,0,1,1,1,1,3585,0.384,3013,0.323,1,0.001,14,0.002,2,0.001,-0.03,-0.0031,-0.0024,101,0.144,63,0.09,3479,0.483,2950,0.41,1529,0.734,1253,0.602,0.05,0.08,0.22,2.3,0,0.05,0.01,0,0.14,0.52,Uncertain
"Calhoun County, IA",19025,Non-core,,,IA,7,9668,,0.003,0,0,0,0,0,1,10,0,0,,,0,0,0,0,0,1389,14367,13,134,0,20,ModerateBurden,,Moderate,Low,0,36,372,0,1,0,-0.39,-1,0.02,0,59,610,1,0.98,0,0,0,0,0.21,0,,,0.14,0,-1,,-0.09,-0.02,,,0.14,0,1,15,0,4,1,1,1,1,4777,0.494,4461,0.461,1,0.001,20,0.003,,,-0.019,-0.0021,-0.0013,49,0.072,19,0.028,4728,0.622,4442,0.584,1936,0.852,1877,0.826,0.03,0.13,0.24,2.1,0.02,0.02,0,0,0.16,0.34,Uncertain
"Forest County, WI",55041,Non-core,,,WI,5,9004,,0.002,0,0,0,0,0,1,11,0,0,-0.5,,0,2,22,0,0,1043,11584,26,289,0,28,ModerateBurden,,Moderate,Moderate,0.014,74,822,1,1,-0.024,-0.27,0,0,0.037,101,1122,1,1,,,,,,,,,,,,,,,,,,,,,,,,,,,4257,0.473,3987,0.443,15,0.025,29,0.004,4,0.002,0.0168,-0.001,-0.001,70,0.118,41,0.069,4187,0.579,3946,0.546,1801,0.867,1757,0.846,0.11,0.16,0.23,2.2,0.01,0.03,0.14,0,0.58,0.6,Uncertain
"Butler County, IA",19023,Non-core,,,IA,7,14439,,0.005,0,0,0,0,0,1,7,0,0,-0.67,,0,3,21,0,0,1659,11490,35,242,0,21,LowBurden,,Low,Moderate,0,78,540,0,1,-0.022,-0.34,0,0,0.022,118,817,0,1,,,,,,,,,,,,,,,,,,,,,,,,,,,6960,0.482,6518,0.451,22,0.018,61,0.005,8,0.002,-0.0192,0.0016,-0.0006,145,0.121,51,0.043,6815,0.607,6467,0.576,2986,0.905,2895,0.877,0.03,0.09,0.23,2.3,0,0.01,0,0.01,0.02,0.43,Uncertain
"McNairy County, TN",47109,Non-core,,,TN,4,25694,,0.004,0,0,0,0,0,1,4,0,0,,,0,0,0,0,0,2856,11115,54,210,0,18,LowBurden,,Low,Low,0,45,175,1,0.94,-0.016,-0.56,0,-0.04,0.016,102,397,1,0.98,,,,,,,,,,,,,,,,,,,,,,,,,,,8915,0.347,7590,0.295,10,0.005,61,0.003,2,0,-0.001,-0.0006,-0.0022,55,0.026,14,0.007,8860,0.44,7576,0.376,4235,0.779,3779,0.695,0.12,0.21,0.21,2.6,0.06,0.02,0,0,0.72,0.89,Uncertain
"Buchanan County, IA",19019,Non-core,,,IA,7,21175,,0.007,0,0,0,0,0,1,5,0,0,-0.86,,0,7,33,0,0,1924,9086,33,156,0,5,LowBurden,,Low,Moderate,0.009,204,963,0,0.98,-0.008,0.34,-1,-0.02,0.017,152,718,1,1,0,0,0,0,0.29,0,,,0,0,,,0.06,0,,,0,0,1,18,0,3,1,1,1,1,9172,0.433,8428,0.398,31,0.016,58,0.004,12,0.003,-0.0045,-0.0026,0.0013,234,0.117,99,0.05,8938,0.57,8329,0.531,3368,0.871,3208,0.83,0.05,0.09,0.18,2.6,0.01,0.02,0,0.01,0.07,0.28,Uncertain
"Atkinson County, GA",13003,Non-core,"Douglas, GA",Micropolitan,GA,4,8165,0.159,0.001,0,0,0,0,0,1,12,0,0,-0.83,,0,6,73,0,0,1034,12664,22,269,0,1,ModerateBurden,,Moderate,Substantial,0,13,159,0,1,0,-0.32,0,0.15,0,19,233,0,0.85,,,,,,,,,,,,,,,,,,,,,,,,,,,377,0.046,382,0.047,3,0.004,36,0.006,6,0.005,0.004,0.0017,0.0025,5,0.007,2,0.003,372,0.062,380,0.063,100,0.085,94,0.079,0.25,0.3,0.14,3,0.16,0.25,0,0,0.96,0.98,Uncertain
"Miner County, SD",46097,Non-core,,,SD,8,2216,,0.003,0,0,0,0,0,1,45,0,0,-0.5,,0,2,90,0,0,307,13854,10,451,0,25,ModerateBurden,,High,Substantial,0.25,3,135,0,1,0.25,-0.25,0,0,0,4,181,0,1,,,,,,,,,,,,,,,,,,,,,,,,,,,908,0.41,865,0.39,2,0.01,4,0.002,,,0.0104,0.0018,-0.0022,6,0.031,,,902,0.536,865,0.514,369,0.794,399,0.858,0.08,0.09,0.21,2.2,0.01,0.03,0,0,0.11,0.21,Uncertain
"Berrien County, GA",13019,Non-core,,,GA,4,19397,,0.002,0,0,0,0,0,1,5,0,0,-0.75,-1,0,4,21,1,5.2,1873,9656,46,237,0,13,LowBurden,,Low,Moderate,0.018,64,330,0,0.98,-0.02,-0.14,0,-0.02,0.038,74,382,0,1,0,0,0,0,0.05,0,,,,,,,-0.01,0,,,,,1,27,0,0,1,1,1,1,2072,0.107,2064,0.106,15,0.009,70,0.005,17,0.005,0.0077,0.0011,0.0015,30,0.018,19,0.011,2041,0.138,2045,0.139,927,0.277,974,0.291,0.22,0.26,0.17,2.6,0.11,0.05,0,0.01,0.85,0.78,Uncertain
"La Crosse County, WI",55063,Small metro,"La Crosse-Onalaska, WI-MN",Metropolitan,WI,5,118016,0.864,0.02,0,1,11392,0.097,0,1,1,1,0.8,,,0,0,0,0,0,13582,11509,89,75,0,28,LowBurden,,Low,Low,0.01,1114,944,1,1,0.001,-0.22,1,0,0.009,1420,1203,0,1,5,1,3,1,0.69,0.02,0.3,0.02,0.08,0.01,0,-0.57,0,0,0.03,0.01,0.02,0.01,2,447,56,83,1,1,1,1,66225,0.561,59385,0.503,199,0.024,509,0.005,50,0.003,-0.0311,-0.0022,-0.0007,3422,0.419,1502,0.184,62798,0.662,57883,0.61,18769,0.942,18030,0.904,0.04,0.13,0.17,2.4,0.02,0.02,0,0.05,0.21,0.04,Uncertain
"Lincoln County, WI",55069,Micropolitan,"Wausau-Weston, WI",Metropolitan,WI,5,27593,0.169,0.005,0,0,0,0,0,1,4,1,3.6,,0,0,0,0,1,3.6,3285,11905,95,344,0,45,LowBurden,,Low,Low,0,361,1308,1,1,-0.007,-0.09,0,0.01,0.007,398,1442,1,0.99,0,0,0,0,0.15,0,,,0,0,,,0.02,0,,,0,0,2,34,0,3,1,1,1,1,12443,0.451,11317,0.41,12,0.006,83,0.004,16,0.003,-0.0143,-0.0043,-0.0013,251,0.133,117,0.062,12192,0.54,11200,0.496,5457,0.892,5228,0.855,0.04,0.09,0.22,2.2,0.01,0.02,0,0.01,0.1,0.24,Uncertain
"Washita County, OK",40149,Non-core,,,OK,6,10916,,0.003,0,0,0,0,0,1,9,0,0,-0.5,-1,0,2,18,1,9.2,1087,9958,23,211,0,30,LowBurden,,Low,High,0,10,92,1,1,-0.118,-0.44,0,0,0.118,18,165,1,1,0,0,0,0,0.24,0,,,0,0,,,0.18,0,,,0,0,1,12,0,2,1,1,1,1,3384,0.31,2739,0.251,6,0.006,22,0.003,2,0.001,-0.0011,-0.0006,-0.0015,54,0.058,29,0.031,3328,0.404,2708,0.329,1420,0.697,1169,0.574,0.11,0.14,0.19,2.6,0.01,0.1,0.03,0,0.4,0.55,Uncertain
"Lake County, SD",46079,Non-core,,,SD,8,12797,,0.014,0,0,1517,0.119,0,1,8,0,0,-0.89,,0,9,70,0,0,1388,10846,20,156,0,5,LowBurden,,Low,Substantial,0,20,156,0,1,-0.042,-0.41,0,0,0.042,34,266,0,1,1,5,0,0,0.47,0.01,0,0,0,0,,,0.06,0,0,0,0,0,1,22,2,3,1,1,1,1,3479,0.272,4062,0.317,23,0.027,34,0.003,2,0.001,0.0242,0.0018,-0.0003,185,0.214,48,0.055,3294,0.322,4014,0.393,622,0.205,1339,0.442,0.07,0.12,0.24,2.5,0.01,0.03,0.01,0.01,0.2,0.27,Uncertain
"Clearwater County, MN",27029,Non-core,,,MN,5,8818,,0.002,0,0,0,0,0,1,11,0,0,-0.83,,0,6,68,0,0,887,10059,16,181,0,29,ModerateBurden,,Moderate,Substantial,0.016,79,896,0,0.98,-0.041,-0.34,0,-0.02,0.057,120,1361,0,1,0,0,2,25,0.59,0,,,,,,1,0.02,0,,,,,1,8,0,0,1,1,1,1,3150,0.357,2788,0.316,6,0.008,11,0.002,3,0.002,-0.0319,-0.0017,-0.0017,86,0.114,38,0.051,3060,0.461,2750,0.414,1426,0.79,1321,0.732,0.09,0.17,0.2,2.5,0.01,0.02,0.09,0,0.79,0.45,Uncertain
"Wetzel County, WV",54103,Non-core,,,WV,3,15065,,0.008,0,0,0,0,0,1,7,0,0,-0.5,,0,2,13,0,0,1378,9147,31,206,0,23,LowBurden,,Low,Moderate,0.01,89,591,1,0.99,-0.028,-0.48,1,0.06,0.038,171,1135,0,0.93,0,0,0,0,0.39,0,0.34,0,0,0,-1,-1,0,-0.07,-0.01,-0.1,0,0,1,25,5,4,1,1,1,1,1442,0.096,989,0.066,6,0.006,43,0.004,7,0.002,-0.0037,-0.0049,-0.0046,60,0.056,22,0.021,1382,0.114,967,0.08,602,0.172,504,0.144,0.06,0.23,0.23,2.6,0,0.01,0,0,0.48,0.33,Uncertain
"Holt County, MO",29087,Non-core,,,MO,7,4403,,0.001,0,0,0,0,0,1,23,0,0,0,,0,1,23,0,0,448,10175,14,318,0,29,ModerateBurden,,Moderate,Moderate,0,21,477,1,1,-0.037,-0.12,1,0,0.037,24,545,0,1,,,,,,,,,,,,,,,,,,,,,,,,,,,1474,0.335,1308,0.297,2,0.006,11,0.003,2,0.002,-0.0031,-0.002,-0.0061,9,0.028,2,0.006,1465,0.417,1306,0.372,730,0.633,657,0.569,0.09,0.13,0.26,2.1,0,0.02,0.01,0,0.2,0.53,Uncertain
"Caribou County, ID",16029,Non-core,,,ID,10,7155,,0.004,0,0,0,0,0,1,14,0,0,0,,0,1,14,0,0,702,9811,12,168,0,7,ModerateBurden,,Moderate,Moderate,0.062,11,154,0,1,0.062,-0.68,-3,0,0,34,475,3,1,0,0,0,0,0.16,0,0,0,0,0,,,0.1,0,0,0,0,0,1,7,2,3,1,1,1,1,1945,0.272,1799,0.251,,,15,0.003,1,0.001,0,-0.0033,-0.0064,1,0.001,,,1944,0.383,1799,0.354,794,0.64,756,0.609,0.08,0.09,0.17,2.6,0,0.06,0.01,0,0.19,0.08,Uncertain
"Iron County, MO",29093,Non-core,,,MO,7,10125,,0.002,0,0,0,0,0,1,10,0,0,-0.5,,0,2,20,0,0,916,9047,7,69,0,19,LowBurden,,Moderate,Moderate,0,65,642,0,1,-0.012,-0.41,-1,0,0.012,110,1086,1,1,0,0,0,0,0.32,0,,,0,0,,,0,0,,,0,0,1,9,0,6,1,1,1,1,2766,0.273,2392,0.236,5,0.006,39,0.005,10,0.005,0.0013,-0.0027,-0.0054,28,0.035,10,0.013,2738,0.341,2382,0.297,1310,0.591,1210,0.546,0.13,0.21,0.22,2.4,0.01,0.02,0.01,0,0.78,0.89,Uncertain
"Mercer County, IL",17131,Medium metro,"Davenport-Moline-Rock Island, IA-IL",Metropolitan,IL,5,15437,0.041,0.001,0,0,0,0,0,1,6,0,0,-0.83,-1,0,6,39,1,6.5,1488,9639,34,220,0,25,LowBurden,,Low,Moderate,0.008,76,492,0,1,-0.013,-0.32,0,0,0.021,112,726,0,1,0,0,0,0,0.39,0,,,,,,,-0.29,0,,,,,1,4,0,0,1,1,1,1,7992,0.518,6223,0.403,17,0.014,51,0.004,8,0.002,-0.0008,-0.0032,0.0003,343,0.281,87,0.071,7637,0.627,6136,0.504,3126,0.929,2579,0.766,0.02,0.11,0.22,2.3,0.01,0.03,0,0,0.11,0.23,Uncertain
"Fillmore County, MN",27045,Small metro,"Rochester, MN",Metropolitan,MN,5,21067,0.095,0.004,0,0,0,0,0,1,5,0,0,0,,0,1,5,0,0,1572,7462,10,47,0,18,LowBurden,,Low,Low,0.005,514,2440,0,0.99,-0.002,-0.3,-1,0,0.007,735,3489,1,1,,,,,,,,,,,,,,,,,,,,,,,,,,,11959,0.568,10487,0.498,7,0.004,51,0.003,12,0.003,-0.0092,-0.0018,0.0002,538,0.309,224,0.129,11392,0.718,10262,0.647,4464,0.999,4084,0.914,0.09,0.11,0.21,2.4,0.01,0.02,0,0.01,0.22,0.44,Uncertain
"Coos County, OR",41011,Micropolitan,"Coos Bay, OR",Micropolitan,OR,10,64487,1,0.015,0,0,0,0,0,1,2,1,1.6,-0.94,0,0,16,25,1,1.6,2148,3331,37,57,0,9,LowBurden,,Low,Moderate,0,396,614,1,0.92,-0.032,-0.37,0,-0.06,0.032,633,982,1,0.98,0,0,0,0,0.69,0.01,0.89,0.07,0.06,0,-1,,-0.05,-0.01,0.03,0.04,0.01,0,3,155,8,20,1,1,1,1,29715,0.461,25693,0.398,113,0.028,448,0.009,79,0.005,-0.0017,-0.0034,-0.0039,720,0.178,284,0.07,28970,0.55,25405,0.482,13147,0.769,11775,0.689,0.08,0.17,0.27,2.3,0,0.07,0.02,0.01,0.74,0.39,Uncertain
"Fremont County, ID",16043,Micropolitan,"Rexburg, ID",Micropolitan,ID,10,13099,0.247,0.007,0,0,0,0,0,1,8,0,0,-0.5,,0,2,15,0,0,1137,8680,14,107,0,53,LowBurden,,Low,Moderate,0,45,344,0,0.8,-0.05,0.02,0,-0.17,0.05,44,336,0,0.98,,,,,,,,,,,,,,,,,,,,,,,,,,,4227,0.323,3720,0.284,,,42,0.004,3,0.001,,-0.0018,-0.0044,,,,,4227,0.428,3720,0.377,1636,0.716,1522,0.666,0.11,0.13,0.17,2.9,0,0.13,0.01,0,0.51,0.58,Uncertain
"McPherson County, SD",46089,Non-core,,,SD,8,2379,,0.003,0,0,0,0,0,1,42,0,0,,,0,0,0,0,0,247,10383,4,168,0,134,ModerateBurden,,Moderate,High,0,3,126,0,1,-0.333,-0.25,-0.5,0,0.333,4,168,0.5,1,0,0,0,0,0,0,,,,,,,-0.11,0,,,,,1,4,0,0,1,1,1,1,174,0.073,206,0.087,,,,,,,-0.0155,-0.0006,0,4,0.021,1,0.005,170,0.095,205,0.115,35,0.052,82,0.122,0.09,0.15,0.28,2.1,0.01,0.02,0,0,0.29,0.21,Uncertain
"North Slope Borough, AK",2185,Non-core,,,AK,10,9832,,0.013,0,0,84,0.009,0,1,10,0,0,0,,0,1,10,0,0,1088,11066,4,41,0,25,ModerateBurden,,Moderate,Moderate,0,436,4434,0,1,0,-0.17,0,0,0,526,5350,0,1,,,,,,,,,,,,,,,,,,,,,,,,,,,2937,0.299,2641,0.269,11,0.014,24,0.003,4,0.005,-0.0402,-0.0017,0.0041,201,0.253,112,0.141,2726,0.379,2528,0.351,438,0.595,411,0.558,0.21,0.09,0.07,3.4,0.02,0.04,0.51,0.05,0.73,0.71,Uncertain
"Eagle County, CO",8037,Micropolitan,"Edwards, CO",Micropolitan,CO,8,55127,1,0.01,0,0,0,0,0,1,2,0,0,-0.92,,0,12,22,0,0,6324,11472,23,42,0,53,LowBurden,,Low,Moderate,0.015,151,274,0,1,0.009,-0.33,0,0.03,0.005,226,410,0,0.96,0,0,0,0,0.21,0,0.14,0,0,0,,,-0.05,0,-0.37,0,0,0,1,56,5,10,1,1,1,1,22904,0.415,21412,0.388,116,0.027,292,0.007,19,0.003,-0.0083,-0.0033,-0.0001,1722,0.395,895,0.205,21111,0.487,20504,0.473,1188,0.174,1974,0.289,0.15,0.07,0.12,3.1,0.01,0.3,0,0.01,0.14,0.03,Uncertain
"Gooding County, ID",16047,Non-core,,,ID,10,15179,,0.008,0,0,0,0,0,1,7,0,0,,,0,0,0,0,0,1318,8683,24,158,0,16,LowBurden,,Low,Low,0,112,738,0,0.98,0,-0.47,-1,-0.01,0,213,1403,1,0.99,0,0,0,0,0.54,0,,,,,,,0.2,0,,,,,1,16,0,0,1,1,1,1,4456,0.294,3879,0.256,,,53,0.005,9,0.003,,-0.0028,-0.0011,,,,,4456,0.401,3879,0.349,1864,0.687,1711,0.631,0.17,0.16,0.18,2.8,0,0.29,0.01,0.01,0.71,0.66,Uncertain
"Florence County, WI",55037,Micropolitan,"Iron Mountain, MI-WI",Micropolitan,WI,5,4295,0.145,0.001,0,0,0,0,0,1,23,0,0,-0.67,,0,3,70,0,0,507,11804,13,303,0,44,ModerateBurden,,Moderate,Substantial,0.028,12,279,1,1,0.028,0,0,0,0,12,279,1,1,,,,,,,,,,,,,,,,,,,,,,,,,,,1681,0.391,1587,0.369,,,9,0.002,2,0.002,-0.0588,-0.0019,-0.0026,24,0.109,11,0.05,1657,0.45,1576,0.428,865,0.744,829,0.713,0.06,0.1,0.27,2.1,0,0.01,0.01,0,0.15,0.14,Uncertain
"Calhoun County, IL",17013,Large fringe metro,"St. Louis, MO-IL",Metropolitan,IL,5,4739,0.002,0,0,0,0,0,0,1,21,0,0,,,0,0,0,0,0,519,10952,2,42,0,39,ModerateBurden,,Moderate,Low,0,20,422,0,1,0,0.11,0,0,0,18,380,0,1,,,,,,,,,,,,,,,,,,,,,,,,,,,2067,0.436,1906,0.402,,,6,0.002,2,0.002,-0.0175,-0.0045,-0.0017,18,0.052,8,0.023,2044,0.54,1897,0.501,861,0.753,804,0.703,0.03,0.13,0.24,2.6,0,0.01,0,0,0.19,0.64,Uncertain
"Valley County, MT",30105,Non-core,,,MT,8,7396,,0.007,0,0,0,0,0,1,14,0,0,-0.8,,0,5,68,0,0,902,12196,18,243,0,28,ModerateBurden,,Moderate,Substantial,0,32,433,2,0.88,-0.089,-0.18,1,0.07,0.089,39,527,1,0.8,0,0,0,0,0.16,0,0,0,0,0,,,0.01,0,0,0,0,0,1,25,2,4,1,1,1,1,2587,0.35,2340,0.316,1,0.002,21,0.004,6,0.003,-0.0068,-0.0012,0.0023,21,0.036,10,0.017,2566,0.448,2330,0.407,1160,0.661,1101,0.627,0.08,0.09,0.24,2.2,0,0.03,0.09,0.01,0.12,0.07,Uncertain
"Meagher County, MT",30059,Non-core,,,MT,8,1862,,0.002,0,0,0,0,0,1,54,0,0,,,0,0,0,0,0,152,8163,7,376,0,37,ModerateBurden,,Substantial,Low,0,5,269,1,1,0,-0.29,1,0,0,7,376,0,1,0,0,0,0,0.4,0,,,0,0,,,0.01,0,,,0,0,1,25,0,2,1,1,1,1,797,0.428,720,0.387,,,3,0.002,,,0,-0.0053,-0.0051,2,0.016,,,795,0.525,720,0.476,360,0.611,338,0.574,0.12,0.15,0.32,2.6,0,0.02,0.01,0,0.05,0.01,Uncertain
"Costilla County, CO",8023,Non-core,,,CO,8,3887,,0.001,0,0,0,0,0,1,26,0,0,-0.89,,0,9,232,0,0,247,6355,3,77,0,6,ModerateBurden,,Moderate,High,0.067,36,926,1,0.98,-0.07,-0.27,0,-0.02,0.136,49,1261,1,1,,,,,,,,,,,,,,,,,,,,,,,,,,,1214,0.312,1114,0.287,7,0.025,25,0.008,4,0.004,0.0072,0.0022,0.001,52,0.188,20,0.072,1161,0.369,1094,0.348,291,0.278,263,0.251,0.12,0.3,0.27,2.2,0.01,0.61,0.01,0.01,0.94,0.81,Uncertain
"Henderson County, IL",17071,Micropolitan,"Burlington, IA-IL",Micropolitan,IL,5,6646,0.146,0.001,0,0,0,0,0,1,15,0,0,-0.67,,0,3,45,0,0,530,7975,14,211,0,66,ModerateBurden,,Moderate,Moderate,0.026,27,406,1,1,-0.004,-0.25,1,0,0.03,36,542,0,1,,,,,,,,,,,,,,,,,,,,,,,,,,,2618,0.394,2188,0.329,,,26,0.005,9,0.005,-0.0025,-0.0037,-0.0012,17,0.042,10,0.025,2599,0.478,2178,0.401,1270,0.753,1087,0.644,0.07,0.08,0.25,2.3,0.01,0.02,0,0,0.07,0.41,Uncertain
"Ste. Genevieve County, MO",29186,Non-core,,,MO,7,17894,,0.003,0,0,0,0,0,1,6,0,0,0,,0,1,6,0,0,1830,10227,17,95,0,11,LowBurden,,Moderate,Low,0.078,114,637,0,1,0.066,-0.3,-1,0,0.012,163,911,1,1,0,0,0,0,0.52,0,,,0,0,,,0.09,0,,,0,0,1,25,0,3,1,1,1,1,6123,0.342,5373,0.3,10,0.007,50,0.004,11,0.003,-0.005,-0.003,-0.0008,62,0.044,19,0.014,6061,0.433,5354,0.383,2567,0.713,2378,0.661,0.06,0.15,0.2,2.5,0.01,0.01,0,0,0.19,0.49,Uncertain
"Lincoln County, MT",30053,Non-core,,,MT,8,19980,,0.019,0,0,0,0,0,1,5,0,0,-0.83,,0,6,30,0,0,1631,8163,17,85,0,3,LowBurden,,Low,Substantial,0.022,68,340,0,1,-0.065,-0.11,-1,0.01,0.086,76,380,1,0.99,0,0,0,0,0.48,0,0,0,,,,,0.06,0,0,0,,,1,25,2,0,1,1,1,1,5617,0.281,4976,0.249,9,0.007,79,0.005,21,0.004,0.0007,0.0026,0.0024,82,0.06,46,0.034,5535,0.337,4930,0.301,3007,0.509,2767,0.469,0.12,0.19,0.3,2.3,0,0.03,0.01,0,0.42,0.32,Uncertain
"Claiborne County, MS",28021,Micropolitan,,,MS,4,8988,,0.003,0,0,3009,0.335,0,1,11,0,0,-0.5,,0,2,22,0,0,1029,11449,30,334,0,30,ModerateBurden,,Moderate,High,0,6,67,0.5,1,-0.25,0.2,0.5,0.12,0.25,5,56,0,0.88,0,0,0,0,0.42,0,,,0,0,,,-0.02,0,,,0,0,1,32,0,3,1,1,1,1,3226,0.359,2598,0.289,17,0.027,70,0.01,11,0.007,-0.0112,0.0025,0.002,76,0.122,22,0.035,3150,0.443,2576,0.363,1131,0.755,1019,0.68,0.16,0.44,0.17,2.8,0.86,0.01,0,0.01,0.99,0.96,Uncertain
"Turner County, SD",46125,Small metro,"Sioux Falls, SD",Metropolitan,SD,8,8384,0.031,0.009,0,0,0,0,0,1,12,0,0,-0.75,-1,0,4,48,1,11.9,1181,14086,57,680,0,3,ModerateBurden,,Moderate,Moderate,0,33,394,0,1,-0.029,0.65,0,0,0.029,20,239,0,1,0,0,0,0,0.29,0,,,,,,,0.13,0,,,,,1,12,0,0,1,1,1,1,1972,0.235,2474,0.295,4,0.006,18,0.003,4,0.002,-0.0071,-0.0002,0.0017,76,0.107,41,0.058,1896,0.299,2433,0.384,423,0.236,927,0.517,0.06,0.11,0.21,2.3,0.01,0.03,0.01,0,0.11,0.45,Uncertain
"Granite County, MT",30039,Non-core,,,MT,8,3379,,0.003,0,0,0,0,0,1,30,0,0,-0.8,,0,5,148,0,0,202,5978,2,59,0,1,ModerateBurden,,Moderate,High,0,9,266,0,1,-0.211,-0.64,0,0,0.211,25,740,0,1,0,0,0,0,0.62,0,,,,,,,-0.05,0,,,,,1,25,0,0,1,1,1,1,1061,0.314,924,0.273,5,0.027,12,0.004,,,0.0216,-0.0021,-0.0037,14,0.076,3,0.016,1047,0.363,921,0.319,499,0.467,468,0.438,0.1,0.08,0.32,2.5,0.01,0.02,0.01,0,0.08,0.01,Uncertain
"Marshall County, IL",17123,Medium metro,"Peoria, IL",Metropolitan,IL,5,11438,0.029,0.001,0,0,0,0,0,1,9,0,0,,-1,0,0,0,1,8.7,1082,9460,19,166,0,22,LowBurden,,Low,Low,0,180,1574,1,0.99,0,0.23,0.5,0,0,146,1276,0.5,0.99,,,,,,,,,,,,,,,,,,,,,,,,,,,5413,0.473,4256,0.372,18,0.022,73,0.008,15,0.006,-0.0061,-0.0053,-0.0022,154,0.189,45,0.055,5253,0.576,4211,0.462,2259,0.837,1884,0.698,0.04,0.11,0.24,2.4,0.01,0.03,0,0,0.05,0.55,Uncertain
"Chester County, TN",47023,Small metro,"Jackson, TN",Metropolitan,TN,4,17297,0.097,0.003,0,0,1364,0.079,0,1,6,0,0,-0.67,,0,3,17,0,0,2173,12563,51,295,0,29,LowBurden,,Moderate,Moderate,0.071,100,578,1,1,0.052,1.22,0,0,0.019,45,260,1,1,,,,,,,,,,,,,,,,,,,,,,,,,,,4458,0.258,3867,0.224,11,0.008,25,0.002,3,0.001,0.0015,-0.0007,0.0003,56,0.041,14,0.01,4402,0.325,3853,0.285,1774,0.594,1612,0.54,0.12,0.19,0.17,2.7,0.09,0.03,0,0.01,0.64,0.65,Uncertain
"Valdez-Cordova Census Area, AK",2261,Non-core,,,AK,10,9202,,0.013,0,0,0,0,0,1,11,0,0,0,,0,1,11,0,0,682,7411,3,33,0,9,ModerateBurden,,Moderate,Moderate,0.012,111,1206,0,1,0.004,-0.27,0,0.02,0.008,153,1663,0,0.98,,,,,,,,,,,,,,,,,,,,,,,,,,,4309,0.468,3932,0.427,14,0.02,25,0.004,,,0.0114,0.0003,-0.006,142,0.203,84,0.12,4156,0.589,3847,0.545,962,0.724,916,0.69,0.16,0.08,0.14,2.9,0.01,0.06,0.13,0.05,0.27,0.11,Uncertain
"Fergus County, MT",30027,Non-core,,,MT,8,11050,,0.01,0,0,0,0,0,1,9,0,0,,,0,0,0,0,0,1121,10145,31,281,0,21,LowBurden,,Low,Low,0.019,44,398,1,0.74,0.019,-0.24,0,-0.25,0,58,525,1,0.98,0,0,0,0,0.26,0,,,0,0,,,-0.05,0,,,0,0,1,25,0,5,1,1,1,1,4113,0.372,3543,0.321,5,0.006,48,0.005,8,0.003,-0.0397,-0.0051,-0.0043,49,0.063,6,0.008,4064,0.463,3537,0.403,2052,0.737,1861,0.668,0.12,0.14,0.25,2.2,0,0.02,0.02,0,0.24,0.06,Uncertain
"Cannon County, TN",47015,Large fringe metro,"Nashville-Davidson--Murfreesboro--Franklin, TN",Metropolitan,TN,4,14678,0.008,0.002,0,0,0,0,0,1,7,0,0,-0.67,-1,0,3,20,1,6.8,1937,13197,32,218,0,32,LowBurden,,Low,Moderate,0,44,300,1,1,-0.046,-0.43,0,0,0.046,77,525,1,1,0,0,0,0,0.21,0,,,,,,,0.04,0,,,,,1,38,0,0,1,1,1,1,3303,0.225,2682,0.183,3,0.003,37,0.003,8,0.003,-0.0057,-0.0014,-0.0004,30,0.029,4,0.004,3273,0.284,2678,0.232,1418,0.521,1240,0.456,0.1,0.16,0.19,2.5,0.02,0.02,0,0,0.37,0.61,Uncertain
"Fallon County, MT",30025,Non-core,,,MT,8,2846,,0.003,0,0,0,0,0,1,35,0,0,,,0,0,0,0,0,287,10084,2,70,0,103,ModerateBurden,,Moderate,Low,0,15,527,0,1,0,2.75,-3,0.11,0,4,141,3,0.89,0,0,0,0,0.46,0,,,,,,,0.23,0,,,,,1,5,0,0,1,1,1,1,713,0.251,648,0.228,,,12,0.006,,,0,0.0015,-0.0021,1,0.004,1,0.004,712,0.344,647,0.313,315,0.651,302,0.624,0.07,0.1,0.17,2.1,0,0.02,0.01,0.01,0.02,0,Uncertain
"Wayne County, MO",29223,Non-core,,,MO,7,12873,,0.002,0,0,0,0,0,1,8,0,0,,,0,0,0,0,0,1038,8063,14,109,0,24,LowBurden,,Low,Low,0,27,210,0,1,0,-0.5,0,0,0,54,419,0,1,,,,,,,,,,,,,,,,,,,,,,,,,,,3551,0.276,2992,0.232,,,52,0.005,14,0.004,-0.0033,0.0004,-0.0006,21,0.023,7,0.008,3530,0.344,2985,0.291,1881,0.601,1667,0.532,0.15,0.24,0.24,2.4,0.01,0.02,0.01,0,0.76,0.87,Uncertain
"Jo Daviess County, IL",17085,Non-core,,,IL,5,21235,,0.002,0,0,0,0,0,1,5,0,0,-0.5,,0,2,9,0,0,1827,8604,24,113,0,47,LowBurden,,Low,Low,0,73,344,0,1,-0.011,-0.26,0,0,0.011,98,462,0,1,0,0,0,0,0.94,0,,,0,0,,,0.47,0,,,0,0,1,13,0,4,1,1,1,1,15074,0.71,12466,0.587,22,0.015,77,0.004,14,,-0.0107,-0.0022,0,344,0.229,152,0.101,14725,0.853,12314,0.714,7123,0.999,6056,0.989,0.05,0.08,0.29,2.2,0.01,0.03,0,0,0.05,0.35,Uncertain
"Hardin County, IL",17069,Non-core,,,IL,5,3821,,0,0,0,0,0,0,1,26,0,0,0,,0,1,26,0,0,390,10207,12,314,0,28,ModerateBurden,,Moderate,Moderate,0.061,46,1204,1,1,0.043,0.28,0,0,0.017,36,942,1,1,0,0,0,0,0.26,0,,,0,0,,,0,0,,,0,0,1,25,0,1,1,1,1,1,1294,0.339,1042,0.273,3,0.012,22,0.007,11,0.011,-0.0078,0.0003,0.0049,16,0.062,3,0.012,1278,0.405,1039,0.33,684,0.67,587,0.575,0.09,0.16,0.27,2.7,0,0.02,0.01,0,0.5,0.78,Uncertain
"Fentress County, TN",47049,Non-core,,,TN,4,18523,,0.003,0,0,0,0,0,1,5,0,0,0,-1,0,1,5,1,5.4,2442,13184,48,259,0,19,LowBurden,,Moderate,Moderate,0.071,33,178,1,1,0.014,-0.4,1,0,0.058,55,297,0,1,,,,,,,,,,,,,,,,,,,,,,,,,,,4491,0.242,3882,0.21,5,0.004,23,0.002,2,0,0.0015,-0.0011,-0.0024,24,0.018,9,0.007,4465,0.303,3873,0.263,2361,0.569,2208,0.532,0.1,0.22,0.22,2.4,0,0.02,0,0,0.64,0.77,Uncertain
"Cumberland County, IL",17035,Micropolitan,"Charleston-Mattoon, IL",Micropolitan,IL,5,10766,0.175,0.001,0,0,0,0,0,1,9,0,0,-0.83,,0,6,56,0,0,1299,12066,19,176,0,3,LowBurden,,Low,Substantial,0.011,104,966,0,1,-0.036,-0.21,0,0,0.047,131,1217,0,1,,,,,,,,,,,,,,,,,,,,,,,,,,,3457,0.321,2597,0.241,7,0.009,43,0.005,9,0.004,-0.0085,-0.007,-0.0032,55,0.067,11,0.013,3400,0.406,2586,0.309,1557,0.708,1217,0.554,0.05,0.14,0.2,2.5,0,0.01,0,0.01,0.16,0.69,Uncertain
"Stanley County, SD",46117,Micropolitan,"Pierre, SD",Micropolitan,SD,8,3098,0.15,0.004,0,0,0,0,0,1,32,0,0,-0.5,,0,2,65,0,0,354,11427,2,65,0,45,ModerateBurden,,High,Substantial,0.273,10,323,0,1,0.273,-0.33,0,0,0,15,484,0,1,,,,,,,,,,,,,,,,,,,,,,,,,,,1571,0.507,1404,0.453,6,0.021,11,0.005,2,0.003,0.0143,-0.0004,0,47,0.168,21,0.075,1524,0.658,1383,0.597,564,0.894,530,0.84,0.06,0.05,0.2,2.4,0.01,0.02,0.07,0,0.11,0.03,Uncertain
"Sullivan County, PA",42113,Non-core,,,PA,3,6066,,0,0,0,0,0,0,1,16,0,0,-0.75,,0,4,66,0,0,435,7171,20,330,0,31,ModerateBurden,,Moderate,Substantial,0.004,200,3297,1,1,-0.015,0.77,0,0.01,0.019,113,1863,1,0.99,,,,,,,,,,,,,,,,,,,,,,,,,,,3667,0.605,2153,0.355,5,0.02,34,0.006,11,,-0.008,-0.0028,0,28,0.112,8,0.032,3639,0.67,2145,0.395,1914,0.999,1056,0.6,0.09,0.13,0.29,2.1,0.04,0.02,0.01,0,0.36,0.72,Uncertain
"Martin County, IN",18101,Non-core,,,IN,5,10255,,0.002,0,0,0,0,0,1,10,0,0,-0.86,,0,7,68,0,0,910,8874,15,146,0,24,LowBurden,,Moderate,Substantial,0.036,80,780,1,0.97,-0.044,0.03,1,-0.01,0.08,78,761,0,0.97,,,,,,,,,,,,,,,,,,,,,,,,,,,3848,0.375,3424,0.334,8,0.01,61,0.008,4,0.002,0.0064,0.001,0,52,0.066,25,0.032,3796,0.476,3399,0.426,1530,0.724,1438,0.68,0.09,0.12,0.21,2.4,0,0.01,0,0,0.24,0.61,Uncertain
"Sweet Grass County, MT",30097,Non-core,,,MT,8,3737,,0.003,0,0,0,0,0,1,27,0,0,-0.5,,0,2,54,0,0,403,10784,7,187,0,26,ModerateBurden,,Moderate,Substantial,0.044,39,1044,1,0.89,0.006,-0.2,0,-0.07,0.038,49,1311,1,0.96,0,0,0,0,0.94,0,,,0,0,,,0.04,0,,,0,0,1,25,0,2,1,1,1,1,1178,0.315,1107,0.296,4,0.013,8,0.003,1,0.001,0.01,-0.001,0.001,8,0.027,4,0.013,1170,0.394,1103,0.371,603,0.588,594,0.58,0.05,0.08,0.27,2.4,0,0.03,0.01,0.01,0.01,0,Uncertain
"Swift County, MN",27151,Non-core,,,MN,5,9266,,0.002,0,0,0,0,0,1,11,0,0,-0.5,,0,2,22,0,0,1067,11515,18,194,0,46,ModerateBurden,,Moderate,Moderate,0.027,121,1306,0,0.99,0.019,-0.75,0,0,0.007,486,5245,0,0.99,0,0,0,0,0.39,0,,,0,0,,,0.08,0,,,0,0,2,17,0,5,1,1,1,1,4443,0.479,3915,0.423,10,0.014,24,0.003,,,-0.0096,-0.003,-0.0029,130,0.178,63,0.086,4309,0.606,3851,0.541,1783,0.858,1690,0.813,0.05,0.13,0.22,2.2,0.01,0.05,0.01,0.01,0.32,0.26,Uncertain
"Ralls County, MO",29173,Micropolitan,"Hannibal, MO",Micropolitan,MO,7,10309,0.265,0.002,0,0,0,0,0,1,10,0,0,-0.5,,0,2,19,0,0,1066,10340,13,126,0,19,LowBurden,,Moderate,Moderate,0,30,291,0,1,-0.054,-0.27,-1,0,0.054,41,398,1,1,,,,,,,,,,,,,,,,,,,,,,,,,,,2246,0.218,2042,0.198,,,15,0.002,1,0,-0.005,-0.0015,-0.0009,26,0.032,18,0.022,2220,0.273,2024,0.249,1086,0.474,1035,0.451,0.09,0.12,0.22,2.5,0.01,0.01,0,0,0.1,0.55,Uncertain
"Traverse County, MN",27155,Non-core,,,MN,5,3259,,0.001,0,0,0,0,0,1,31,0,0,0,,0,1,31,0,0,375,11507,5,153,0,60,ModerateBurden,,Moderate,Moderate,0,16,491,0,1,0,-0.47,0,0,0,30,921,0,1,0,0,0,0,0.16,0,,,0,0,,,-0.07,0,,,0,0,1,15,0,2,1,1,1,1,1624,0.498,1470,0.451,6,0.027,32,0.012,9,0.011,0.0178,0.0027,-0.0012,35,0.156,19,0.084,1585,0.615,1451,0.563,705,0.851,665,0.803,0.03,0.11,0.25,2,0.01,0.04,0.06,0,0.26,0.28,Uncertain
"Wabasha County, MN",27157,Small metro,"Rochester, MN",Metropolitan,MN,5,21627,0.097,0.004,0,0,0,0,0,1,5,0,0,-0.75,,0,4,18,0,0,2077,9604,3,14,0,18,LowBurden,,Low,Moderate,0.003,780,3607,1,1,-0.007,0.87,0,0,0.01,418,1933,1,1,0,0,1,4,0.59,0,,,0,0,,,0.14,0,,,0,0,2,23,0,6,1,1,1,1,13434,0.621,11543,0.534,66,0.041,91,0.005,28,,-0.018,-0.0012,0,561,0.348,265,0.165,12853,0.758,11278,0.665,5295,0.999,4578,0.938,0.05,0.06,0.23,2.4,0.01,0.03,0,0.01,0.06,0.08,Uncertain
"Waseca County, MN",27161,Non-core,,,MN,5,18612,,0.003,0,0,0,0,0,1,5,0,0,-0.83,,0,6,32,0,0,2377,12771,23,124,0,46,LowBurden,,Low,Moderate,0.003,447,2402,0,1,-0.017,0.15,0,0,0.02,388,2085,0,1,0,0,1,10,0.71,0,,,0,0,,,0.05,0,,,0,0,1,10,0,2,1,1,1,1,8566,0.46,7601,0.408,14,0.009,73,0.005,14,0.004,-0.0276,-0.0038,0,323,0.203,135,0.085,8222,0.575,7463,0.522,2779,0.803,2816,0.814,0.03,0.09,0.19,2.4,0.02,0.06,0.01,0.01,0.25,0.24,Uncertain
"San Juan County, WA",53055,Non-core,,,WA,10,17582,,0.002,0,0,0,0,0,1,6,0,0,-0.5,,0,2,11,0,0,186,1058,0,0,0,6,LowBurden,,Low,Moderate,0,67,381,,,-0.052,-0.44,,,0.052,120,683,,,0,0,0,0,0.17,0,,,0,0,,,0.13,0,,,0,0,1,10,0,1,1,1,1,1,12730,0.724,11377,0.647,9,0.011,131,0.009,10,0.002,0.0082,-0.0005,-0.0006,575,0.671,107,0.125,12155,0.792,11270,0.734,4996,0.808,4948,0.8,0.07,0.11,0.35,2,0.01,0.07,0.01,0.01,0.09,0.11,Uncertain
"Hancock County, TN",47067,Non-core,,,TN,4,6620,,0.001,0,0,0,0,0,1,15,0,0,0,,0,1,15,0,0,603,9109,12,181,0,31,ModerateBurden,,Moderate,Moderate,0,15,227,1,1,0,0,0,0,0,15,227,1,1,0,0,0,0,0.16,0,,,0.12,0,,,0.04,0,,,0.12,0,1,10,0,2,1,1,1,1,1588,0.24,1396,0.211,,,10,0.002,1,0.001,-0.0041,0.0002,-0.0007,14,0.029,3,0.006,1574,0.301,1393,0.266,665,0.462,614,0.427,0.12,0.26,0.22,2.3,0.01,0.01,0,0,0.77,0.88,Uncertain
"Crawford County, WI",55023,Non-core,,,WI,5,16131,,0.003,0,0,0,0,0,1,6,0,0,-0.67,,0,3,19,0,0,1796,11134,19,118,0,20,LowBurden,,Low,Moderate,0.017,255,1581,1,1,0.005,0.23,0,0,0.011,208,1289,1,1,0,0,0,0,0.29,0,,,0,0,-1,,-0.05,0,,,0,0,1,32,0,2,1,1,1,1,7616,0.472,6967,0.432,7,0.006,51,0.004,4,0.001,-0.0158,-0.0009,-0.0018,260,0.205,96,0.076,7356,0.57,6871,0.533,3211,0.83,3122,0.807,0.07,0.13,0.24,2.3,0.02,0.02,0,0.01,0.4,0.53,Uncertain
"Wilkin County, MN",27167,Micropolitan,"Wahpeton, ND-MN",Micropolitan,MN,5,6207,0.277,0.001,0,0,0,0,0,1,16,0,0,-0.75,,0,4,64,0,0,831,13388,12,193,0,60,ModerateBurden,,Moderate,Substantial,0,160,2578,0,1,-0.016,-0.47,0,0.01,0.016,301,4849,0,0.99,0,0,0,0,0.22,0,0,0,0,0,,,-0.06,0,0,0,0,0,1,25,3,5,1,1,1,1,1715,0.276,1400,0.226,4,0.008,11,0.002,,,-0.0103,0,-0.0008,43,0.088,18,0.037,1667,0.347,1381,0.287,772,0.633,628,0.515,0.03,0.09,0.2,2.2,0,0.03,0.02,0,0.19,0.12,Uncertain
"Clay County, AR",5021,Non-core,,,AR,6,14551,,0.005,0,0,0,0,0,1,7,0,0,-0.91,,0,11,76,0,0,1792,12315,52,357,0,4,LowBurden,,Low,Substantial,0,82,564,0,1,-0.056,1.22,0,0,0.056,37,254,0,1,0,0,3,12,0.69,0,,,0,0,,,0.19,0,,,0,0,1,25,0,8,1,1,1,1,4904,0.337,4327,0.297,12,0.011,41,0.004,6,0.002,-0.0028,-0.0019,-0.0016,79,0.073,34,0.032,4822,0.421,4293,0.374,2218,0.697,2031,0.638,0.07,0.23,0.22,2.3,0.01,0.02,0,0,0.65,0.86,Uncertain
"Gallatin County, IL",17059,Non-core,,,IL,5,4828,,0,0,0,0,0,0,1,21,0,0,0,,0,1,21,0,0,463,9590,4,83,0,68,ModerateBurden,,Substantial,Moderate,0.083,31,642,0,1,0.056,0,0,0,0.028,31,642,0,1,,,,,,,,,,,,,,,,,,,,,,,,,,,2074,0.43,1693,0.351,4,0.011,18,0.005,2,0.002,-0.0196,-0.0023,-0.0042,40,0.112,9,0.025,2032,0.526,1684,0.436,931,0.79,780,0.662,0.04,0.2,0.24,2.2,0.01,0.02,0,0,0.45,0.8,Uncertain
"Ohio County, IN",18115,Large fringe metro,"Cincinnati, OH-KY-IN",Metropolitan,IN,5,5875,0.003,0.001,0,0,0,0,0,1,17,0,0,,,0,0,0,0,0,578,9838,11,187,0,10,ModerateBurden,,Moderate,Low,0,54,919,2.5,0.96,0,-0.14,0.5,0.12,0,63,1072,2,0.84,,,,,,,,,,,,,,,,,,,,,,,,,,,3404,0.579,3043,0.518,9,0.022,25,0.005,4,,0.02,-0.0025,0,39,0.097,22,0.055,3364,0.713,3020,0.64,1540,0.999,1445,0.999,0.06,0.06,0.22,2.3,0.01,0.02,0,0,0.03,0.21,Uncertain
"Kingsbury County, SD",46077,Non-core,,,SD,8,4939,,0.006,0,0,0,0,0,1,20,0,0,0,,0,1,20,0,0,819,16582,18,364,0,54,ModerateBurden,,Moderate,Moderate,0,17,344,0,1,0,-0.11,0,0,0,19,385,0,1,0,0,0,0,0.14,0,,,,,,,0.05,0,,,,,1,6,0,0,1,1,1,1,2213,0.448,2382,0.482,3,0.008,12,0.003,4,0.003,-0.0056,-0.0032,0,35,0.097,12,0.033,2178,0.576,2370,0.627,813,0.701,1085,0.935,0.03,0.09,0.23,2.1,0,0.03,0.01,0.01,0.02,0.14,Uncertain
"Cook County, MN",27031,Non-core,,,MN,5,5463,,0.001,0,0,0,0,0,1,18,0,0,-0.5,,0,2,37,0,0,171,3130,0,0,0,16,ModerateBurden,,Moderate,Moderate,0.025,396,7249,1,0.98,0.013,0.08,0,0,0.012,365,6681,1,0.98,0,0,0,0,0.2,0,,,0,0,,,0.04,0,,,0,0,1,16,0,3,1,1,1,1,3904,0.715,3493,0.639,28,0.1,17,0.004,4,0.002,0.0857,-0.0011,0,87,0.311,42,0.15,3816,0.823,3451,0.744,1485,0.928,1447,0.904,0.05,0.13,0.29,1.9,0.01,0.02,0.08,0.01,0.2,0.25,Uncertain
"Wayne County, MS",28153,Non-core,,,MS,4,20183,,0.007,0,0,0,0,0,1,5,0,0,-0.75,,0,4,20,0,0,2643,13095,42,208,0,6,LowBurden,,Low,Moderate,0,35,173,1,1,-0.05,-0.17,0,0,0.05,42,208,1,1,1,2,0,0,0.27,0,0.07,0,0,0,,,-0.1,0,-0.37,0,0,0,1,57,6,7,1,1,1,1,4780,0.237,3966,0.197,10,0.006,80,0.005,17,0.005,0.0024,0.0031,0.0025,31,0.019,8,0.005,4749,0.311,3958,0.259,2049,0.576,1819,0.512,0.1,0.22,0.18,2.6,0.39,0.02,0,0,0.9,0.56,Uncertain
"Clay County, TX",48077,Small metro,"Wichita Falls, TX",Metropolitan,TX,6,10471,0.069,0,0,0,0,0,0,1,10,0,0,0,,0,1,10,0,0,1036,9894,16,153,0,27,LowBurden,,High,Moderate,0.125,13,124,1,1,0.083,-0.57,0,0,0.042,30,287,1,1,0,0,0,0,0.11,0,,,0,0,,,0.05,0,,,0,0,1,20,0,2,1,1,1,1,,,,,,,,,,,,,,,,,,,,,,,,,,0.14,0.14,0.24,2.6,0.01,0.07,0.01,0,0.32,0.62,Uncertain
"Brule County, SD",46015,Non-core,,,SD,8,5297,,0.006,0,0,0,0,0,1,19,0,0,,,0,0,0,0,0,718,13555,10,189,0,26,ModerateBurden,,Moderate,High,0.062,25,472,0,1,-0.125,-0.14,0,0,0.188,29,547,0,1,0,0,1,4,0.22,0,,,0,0,,,0.03,0,,,0,0,1,25,0,3,1,1,1,1,1249,0.236,1542,0.291,3,0.006,17,0.004,,,-0.0235,-0.0066,0,56,0.119,21,0.045,1193,0.303,1521,0.387,174,0.167,485,0.465,0.1,0.18,0.2,2.2,0.01,0.03,0.09,0,0.57,0.22,Uncertain
"Hampton County, SC",45049,Non-core,,,SC,4,19222,,0.004,0,0,0,0,0,1,5,1,5.2,,,0,0,0,0,0,1930,10041,52,271,0,17,LowBurden,,Low,Low,0,100,520,1,0.99,-0.008,-0.39,0,0.08,0.008,165,858,1,0.91,5,16,0,0,0.24,0.04,0.12,0,0,0,0.67,,-0.08,0,0,0,-0.08,0,1,32,6,7,1,1,1,1,8533,0.444,7343,0.382,13,0.009,94,0.006,22,0.006,-0.0014,-0.0017,0.0014,141,0.096,79,0.054,8385,0.554,7261,0.479,3371,0.934,3032,0.84,0.1,0.19,0.19,2.7,0.52,0.04,0,0.01,0.8,0.82,Uncertain
"Coleman County, TX",48083,Non-core,,,TX,6,8175,,0,0,0,0,0,0,1,12,0,0,0,,0,1,12,0,0,752,9199,33,404,0,29,ModerateBurden,,Moderate,Moderate,0,5,61,0,1,0,-0.72,0,0,0,18,220,0,1,0,0,0,0,0.24,0,,,0,0,,,0.05,0,,,0,0,1,24,0,5,1,1,1,1,,,,,,,,,,,,,,,,,,,,,,,,,,0.23,0.19,0.26,2.4,0.03,0.18,0.01,0.01,0.42,0.78,Uncertain
"Walthall County, MS",28147,Non-core,,,MS,4,14286,,0.005,0,0,0,0,0,1,7,0,0,-0.67,-1,0,3,21,1,7,1350,9450,46,322,0,32,LowBurden,,Low,Substantial,0,16,112,1,1,-0.08,-0.5,0,0,0.08,32,224,1,1,0,0,0,0,0.28,0,,,,,,,-0.01,0,,,,,1,25,0,0,1,1,1,1,3610,0.253,3039,0.213,8,0.007,39,0.004,9,0.003,0.0069,0.0013,0.0014,27,0.023,10,0.009,3583,0.323,3029,0.273,1580,0.555,1406,0.494,0.18,0.28,0.2,2.6,0.43,0.02,0,0,0.86,0.86,Uncertain
"Charles Mix County, SD",46023,Non-core,,,SD,8,9292,,0.011,0,0,0,0,0,1,11,0,0,-0.67,,0,3,32,0,0,1383,14884,22,237,0,40,ModerateBurden,,Moderate,Moderate,0,80,861,0,1,-0.043,-0.34,0,0,0.043,122,1313,0,1,1,3,0,0,0.18,0,,,0,0,0,,0.05,0,,,0,0,2,34,0,3,1,1,1,1,3834,0.413,3296,0.355,7,0.008,13,0.002,1,0.001,0.0048,-0.0015,-0.0012,104,0.124,49,0.059,3728,0.572,3246,0.498,1082,0.627,1201,0.695,0.19,0.2,0.19,2.9,0.01,0.04,0.3,0,0.74,0.65,Uncertain
"Taylor County, GA",13269,Non-core,,,GA,4,8020,,0.001,0,0,0,0,0,1,12,0,0,,,0,0,0,0,0,802,10000,25,312,0,49,ModerateBurden,,Moderate,Low,0,26,324,0,0.93,-0.038,0.04,0,0.04,0.038,25,312,0,0.88,,,,,,,,,,,,,,,,,,,,,,,,,,,1646,0.205,1480,0.185,7,0.012,31,0.005,3,0.002,-0.0053,0.0008,0.0012,26,0.046,8,0.014,1620,0.252,1472,0.229,601,0.358,605,0.361,0.19,0.26,0.21,2.3,0.37,0.03,0,0.01,0.92,0.99,Uncertain
"Jackson County, OK",40065,Micropolitan,"Altus, OK",Micropolitan,OK,6,24530,1,0.006,0,0,0,0,0,1,4,0,0,-0.92,,0,12,49,0,0,3130,12760,56,228,0,1,LowBurden,,Low,Moderate,0.018,48,196,1,0.91,-0.014,-0.09,0,-0.04,0.032,53,216,1,0.95,0,0,0,0,0.69,0,0.71,0,0.05,0,,,0.16,0,-0.11,-0.04,0.04,0,1,40,4,13,1,1,1,1,9562,0.39,7954,0.324,11,0.006,85,0.005,14,0.004,-0.0011,0.0005,0.0016,161,0.087,57,0.031,9400,0.51,7897,0.428,2972,0.795,2623,0.702,0.13,0.18,0.15,2.5,0.07,0.25,0.02,0.01,0.82,0.62,Uncertain
"Brookings County, SD",46011,Micropolitan,"Brookings, SD",Micropolitan,SD,8,35077,1,0.04,0,1,8727,0.249,0,1,3,0,0,-0.89,,0,9,26,0,0,4231,12062,37,105,0,46,LowBurden,,Low,Moderate,0.006,145,413,0,1,-0.016,-0.34,0,0.01,0.023,221,630,0,0.99,7,13,0,0,0.19,0,0.14,0,0,0,0.75,,0.07,0,-0.07,0,0,0,1,55,2,4,1,1,1,1,10205,0.291,11287,0.322,22,0.01,65,0.002,7,0.002,-0.0092,-0.0015,-0.0007,576,0.252,179,0.078,9629,0.346,11108,0.399,906,0.207,2761,0.631,0.06,0.15,0.12,2.4,0.01,0.03,0.01,0.03,0.16,0.03,Uncertain
"Jefferson County, OK",40067,Non-core,,,OK,6,6002,,0.002,0,0,0,0,0,1,17,0,0,,-1,0,0,0,3,50,704,11729,16,267,0,30,ModerateBurden,,Moderate,Low,0,13,217,0,1,0,-0.19,-0.5,0,0,16,267,0.5,1,0,0,0,0,0.74,0,,,0,0,,,-0.14,0,,,0,0,1,6,0,1,1,1,1,1,1998,0.333,1707,0.284,2,0.004,16,0.004,4,0.003,0.002,-0.0026,-0.0031,13,0.026,6,0.012,1985,0.436,1701,0.374,939,0.729,817,0.634,0.19,0.23,0.21,2.6,0.01,0.11,0.06,0.01,0.87,0.79,Uncertain
"Crawford County, MI",26039,Non-core,,,MI,5,14029,,0.001,0,0,0,0,0,1,7,0,0,-0.75,,0,4,29,0,0,992,7071,14,100,0,49,LowBurden,,Low,Moderate,0.035,90,642,0,0.96,0.013,-0.4,0,0.01,0.022,149,1062,0,0.95,3,6,0,0,0.37,0.02,0.67,0.02,0.04,0.01,-0.5,,-0.12,-0.05,-0.02,-0.07,0.04,0.01,1,47,6,10,1,1,1,1,5797,0.413,5221,0.372,2,0.002,52,0.005,7,0.002,0.0022,-0.0036,-0.0014,75,0.082,69,0.075,5721,0.498,5152,0.448,2348,0.649,2183,0.603,0.05,0.15,0.26,2.2,0.01,0.02,0.01,0.01,0.37,0.3,Uncertain
"Prowers County, CO",8099,Non-core,,,CO,8,12172,,0.002,0,0,0,0,0,1,8,0,0,-0.83,,0,6,49,0,0,1266,10401,22,181,0,14,LowBurden,,Low,Moderate,0.016,258,2120,2,1,-0.002,-0.21,0,0.02,0.018,325,2670,2,0.98,0,0,0,0,0.61,0.04,,,0,0,-1,,0.1,0.02,,,0,0,1,12,0,7,1,1,1,1,2336,0.192,2263,0.186,28,0.027,81,0.009,6,0.003,0.0058,0.0004,0,106,0.103,49,0.047,2226,0.246,2214,0.245,436,0.198,618,0.281,0.11,0.19,0.18,2.4,0.01,0.39,0.01,0.01,0.94,0.73,Uncertain
"Wayne County, IL",17191,Non-core,,,IL,5,16215,,0.001,0,0,0,0,0,1,6,0,0,,,0,0,0,0,0,1802,11113,53,327,0,10,LowBurden,,Low,Low,0.021,141,870,0,1,-0.002,-0.33,0,0,0.023,212,1307,0,1,0,0,1,4,0.24,0,0.07,0,0,0,-1,0,0.03,-0.05,-0.04,0,0,0,1,25,4,5,1,1,1,1,5370,0.331,4495,0.277,4,0.003,58,0.005,7,0.002,-0.0088,-0.0001,-0.0011,64,0.051,23,0.018,5297,0.422,4472,0.356,2495,0.692,2167,0.601,0.08,0.14,0.22,2.3,0.01,0.02,0,0.01,0.43,0.44,Uncertain
"Pope County, IL",17151,Non-core,,,IL,5,4177,,0,0,0,0,0,0,1,24,0,0,0,,0,1,24,0,0,327,7829,4,96,0,18,ModerateBurden,,Moderate,Moderate,0,40,958,1,1,0,0.05,0,0,0,38,910,1,1,,,,,,,,,,,,,,,,,,,,,,,,,,,1116,0.267,897,0.215,2,0.009,11,0.003,,,0,-0.0005,-0.0008,17,0.076,9,0.04,1099,0.299,887,0.241,561,0.474,486,0.411,0.04,0.13,0.28,2.4,0.05,0.02,0.01,0,0.45,0.77,Uncertain
"Piatt County, IL",17147,Small metro,"Champaign-Urbana, IL",Metropolitan,IL,5,16344,0.072,0.001,0,0,0,0,0,1,6,0,0,-0.83,,0,6,37,0,0,1521,9306,14,86,0,19,LowBurden,,Low,Moderate,0.005,199,1218,0,1,0.005,-0.24,0,0,0,262,1603,0,1,0,0,0,0,0.32,0,,,0,0,,,-0.01,0,,,0,0,1,16,0,2,1,1,1,1,7446,0.456,6164,0.377,40,0.031,89,0.007,17,0.005,0.0046,-0.0026,-0.0012,340,0.262,165,0.127,7093,0.557,5999,0.471,2658,0.82,2402,0.741,0.04,0.06,0.2,2.4,0.01,0.02,0,0,0,0.18,Uncertain
"Collingsworth County, TX",48087,Non-core,,,TX,6,2920,,0,0,0,0,0,0,1,34,0,0,,,0,0,0,0,0,330,11301,9,308,0,21,ModerateBurden,,Moderate,Low,0,15,514,1.5,1,0,2.75,1.5,0,0,4,137,0,1,0,0,0,0,0,0,,,0,0,,,-0.01,0,,,0,0,1,35,0,4,1,1,1,1,,,,,,,,,,,,,,,,,,,,,,,,,,0.23,0.16,0.19,2.8,0.05,0.34,0.02,0,0.89,0.97,Uncertain
"Bon Homme County, SD",46009,Non-core,,,SD,8,6901,,0.008,0,0,0,0,0,1,14,1,14.5,-0.5,,0,2,29,0,0,1554,22518,28,406,0,38,ModerateBurden,,Moderate,Moderate,0.053,23,333,0,1,0.053,-0.34,0,0,0,35,507,0,1,0,0,2,10,0.33,0,0,0,0,0,,1,0,-0.01,0,0,0,0,2,21,0,3,1,1,1,1,2775,0.402,2747,0.398,2,0.004,20,0.004,2,0.001,0,0.0016,0.0014,53,0.111,22,0.046,2722,0.489,2725,0.49,868,0.605,1022,0.713,0.05,0.11,0.21,2.2,0.01,0.03,0.08,0,0.24,0.1,Uncertain
"Dewey County, SD",46041,Non-core,,,SD,8,5892,,0.007,0,0,0,0,0,1,17,1,17,,,0,0,0,0,0,1475,25034,29,492,0,27,ModerateBurden,,Moderate,Low,0,39,662,0,1,0,-0.05,0,0,0,41,696,0,1,0,0,0,0,0.38,0,,,0,0,,,0.18,0,,,0,0,1,8,0,6,1,1,1,1,2933,0.498,2578,0.438,9,0.015,16,0.004,4,,0.0016,-0.0011,0,152,0.246,101,0.163,2781,0.76,2477,0.677,609,0.999,576,0.983,0.29,0.3,0.1,3.4,0.01,0.05,0.7,0,0.88,0.95,Uncertain
"Marion County, SC",45067,Non-core,,,SC,4,30657,,0.006,0,0,0,0,0,1,3,0,0,-0.67,,0,3,10,0,0,3538,11541,107,349,0,31,LowBurden,,Low,Moderate,0.034,204,665,1,1,0.022,-0.37,0,0.04,0.012,326,1063,1,0.96,1,3,3,9,0.76,0.02,0.38,0,0,0,,0.5,-0.03,0.01,-0.23,0,0,0,1,34,8,5,1,1,1,1,10661,0.348,9249,0.302,42,0.017,123,0.005,24,0.004,0.0041,-0.0019,-0.0008,181,0.075,75,0.031,10477,0.441,9174,0.386,4415,0.695,4080,0.642,0.13,0.24,0.21,2.7,0.56,0.03,0.01,0.01,0.93,0.72,Uncertain
"Howard County, IA",19089,Non-core,,,IA,7,9158,,0.003,0,0,0,0,0,1,11,0,0,,,0,0,0,0,0,1048,11444,22,240,0,32,ModerateBurden,,Moderate,Low,0.013,77,841,0,0.97,0.013,-0.08,0,-0.03,0,84,917,0,1,0,0,0,0,0.52,0,,,0,0,,,0.12,0,,,0,0,1,18,0,14,1,1,1,1,3779,0.413,3548,0.387,7,0.009,24,0.003,2,0.001,-0.0319,-0.0016,-0.001,69,0.085,20,0.025,3710,0.54,3528,0.513,1612,0.844,1553,0.813,0.04,0.12,0.21,2.3,0.01,0.02,0,0,0.16,0.17,Uncertain
"Perry County, MS",28111,Small metro,"Hattiesburg, MS",Metropolitan,MS,4,11973,0.071,0.004,0,0,0,0,0,1,8,0,0,0,,0,1,8,0,0,1266,10574,38,317,0,25,LowBurden,,Low,Low,0,26,217,1,1,0,-0.19,0,0,0,32,267,1,1,0,0,0,0,0.24,0,,,,,,,0.01,0,,,,,1,22,0,0,1,1,1,1,2928,0.245,2566,0.214,7,0.007,22,0.002,5,0.002,0.0064,0.0012,0.0018,25,0.027,7,0.007,2903,0.311,2559,0.275,1335,0.597,1203,0.538,0.15,0.19,0.19,2.6,0.19,0.02,0,0,0.71,0.86,Uncertain
"Dickens County, TX",48125,Non-core,,,TX,6,2211,,0,0,0,0,0,0,1,45,0,0,,,0,0,0,0,0,187,8458,10,452,0,48,ModerateBurden,,Moderate,Low,0,5,226,0,1,0,4,0,0,0,1,45,0,1,,,,,,,,,,,,,,,,,,,,,,,,,,,,,,,,,,,,,,,,,,,,,,,,,,,,0.19,0.17,0.24,2.5,0.05,0.3,0.01,0.01,0.88,0.98,Uncertain
"Poquoson city, VA",51735,Large fringe metro,"Virginia Beach-Norfolk-Newport News, VA-NC",Metropolitan,VA,3,12271,0.007,0.001,0,0,0,0,0,1,8,0,0,-0.92,,0,12,98,0,0,891,7261,16,130,0,0,LowBurden,,Low,Substantial,0,44,359,1,1,-0.033,-0.27,0,0.03,0.033,60,489,1,0.97,,,,,,,,,,,,,,,,,,,,,,,,,,,,,,,,,,,,,,,,,,,,,,,,,,,,0.03,0.04,0.2,2.6,0.01,0.03,0,0.02,0.01,0.08,Uncertain
"Pulaski County, GA",13235,Small metro,,,GA,4,11137,,0.001,0,0,0,0,0,1,9,0,0,0,-1,0,1,9,1,9,931,8360,45,404,0,24,LowBurden,,Moderate,Low,0.059,13,117,0,1,0.059,-0.19,0,0.21,0,16,144,0,0.79,2,9,0,0,0.48,0.03,0.38,0,0.02,0,0,-1,-0.19,0.03,-0.14,0,-0.02,0,1,22,6,6,1,1,1,1,868,0.078,582,0.052,11,0.014,47,0.005,4,0.002,0.0105,0.0022,-0.0008,23,0.03,8,0.01,845,0.093,574,0.063,216,0.085,182,0.071,0.15,0.26,0.23,2.6,0.32,0.04,0,0.01,0.85,0.85,Uncertain
"Alger County, MI",26003,Non-core,,,MI,5,9108,,0.001,0,0,0,0,0,1,11,1,11,0,,0,1,11,0,0,516,5665,7,77,0,45,ModerateBurden,,Moderate,Moderate,0,35,384,0,1,0,-0.91,-1,0.02,0,378,4150,1,0.98,0,0,0,0,0.29,0,,,,,,,0.05,0,,,,,1,17,0,0,1,1,1,1,5083,0.558,4532,0.498,19,0.037,26,0.003,3,0.001,-0.0484,-0.0106,-0.0033,104,0.202,40,0.078,4979,0.643,4492,0.58,1954,0.817,1840,0.769,0.07,0.12,0.26,2.6,0.07,0.02,0.04,0,0.45,0.68,Uncertain
"McCormick County, SC",45065,Non-core,,,SC,4,9463,,0.002,0,0,0,0,0,1,11,0,0,-0.67,,0,3,32,0,0,1031,10895,28,296,0,113,ModerateBurden,,Moderate,Moderate,0.029,68,719,1,0.99,-0.004,-0.29,0,0.01,0.033,96,1014,1,0.98,,,,,,,,,,,,,,,,,,,,,,,,,,,4878,0.515,4419,0.467,14,0.033,30,0.004,7,0.002,0.0332,-0.0027,-0.0015,32,0.076,12,0.028,4842,0.577,4407,0.525,2917,0.865,2729,0.81,0.08,0.19,0.36,2.1,0.44,0.01,0,0.01,0.74,0.82,Uncertain
"Beadle County, SD",46005,Micropolitan,"Huron, SD",Micropolitan,SD,8,18453,0.902,0.021,0,0,0,0,0,1,5,0,0,-0.75,,0,4,22,0,0,2965,16068,40,217,0,27,LowBurden,,Low,Substantial,0.019,56,303,0,1,-0.079,-0.37,0,0,0.098,89,482,0,1,1,3,0,0,0.36,0.01,0.02,0,0,0,,,0.02,0.01,-0.05,0,0,0,1,37,6,6,1,1,1,1,4449,0.241,5602,0.304,31,0.02,56,0.004,4,0.001,0,0.0002,-0.0015,160,0.104,40,0.026,4289,0.319,5562,0.413,672,0.205,1877,0.572,0.07,0.18,0.18,2.3,0.01,0.11,0.01,0.1,0.65,0.25,Uncertain
"Dallam County, TX",48111,Non-core,,,TX,6,7287,,0,0,0,0,0,0,1,14,0,0,,-1,0,0,0,1,13.7,988,13558,26,357,0,18,ModerateBurden,,Moderate,Low,0,8,110,0,1,0,-0.94,-1,0.1,0,142,1949,1,0.9,0,0,0,0,0.65,0,,,0,0,,,0,0,,,0,0,1,14,0,7,1,1,1,1,,,,,,,,,,,,,,,,,,,,,,,,,,0.25,0.14,0.12,3,0.02,0.48,0.01,0.01,0.55,0.9,Uncertain
"Cottle County, TX",48101,Non-core,,,TX,6,1398,,0,0,0,0,0,0,1,72,0,0,,,0,0,0,0,0,191,13662,7,501,0,84,ModerateBurden,,Substantial,Low,0,1,72,2,1,0,0,2,0,0,1,72,0,1,,,,,,,,,,,,,,,,,,,,,,,,,,,,,,,,,,,,,,,,,,,,,,,,,,,,0.14,0.31,0.24,2.4,0.1,0.24,0,0,0.94,0.97,Uncertain
"Hot Springs County, WY",56017,Non-core,,,WY,8,4413,,0.008,0,0,0,0,0,1,23,0,0,0,,0,1,23,0,0,370,8384,3,68,0,133,ModerateBurden,,Moderate,Moderate,0,27,612,1,1,0,0.35,-0.5,0,0,20,453,1.5,1,0,0,0,0,0.43,0,,,0,0,,,0.24,0,,,0,0,1,19,0,5,1,1,1,1,1634,0.37,1527,0.346,4,0.012,18,0.005,2,0.002,0.012,0.0017,-0.0016,17,0.051,3,0.009,1617,0.461,1524,0.435,845,0.692,816,0.668,0.11,0.14,0.28,2.1,0.01,0.04,0.02,0.01,0.12,0.09,Uncertain
"Seminole County, GA",13253,Non-core,,,GA,4,8090,,0.001,0,0,0,0,0,1,12,0,0,0,,0,1,12,0,0,952,11768,19,235,0,55,ModerateBurden,,Moderate,Moderate,0,23,284,0,0.95,-0.037,-0.28,0,0.06,0.037,32,396,0,0.89,0,0,0,0,0.41,0,,,0,0,,,0.05,0,,,0,0,1,65,0,2,1,1,1,1,346,0.043,338,0.042,10,0.016,41,0.006,5,0.003,0.0147,0.0002,-0.0011,13,0.021,2,0.003,333,0.052,336,0.052,96,0.051,98,0.052,0.16,0.24,0.23,2.5,0.33,0.04,0,0.01,0.83,0.9,Uncertain
"Lee County, SC",45061,Non-core,,,SC,4,16828,,0.003,0,0,0,0,0,1,6,0,0,-0.5,,0,2,12,0,0,1927,11451,64,380,0,36,LowBurden,,Low,Moderate,0.005,275,1634,1,0.98,0.001,0,0,-0.01,0.003,276,1640,1,0.99,,,,,,,,,,,,,,,,,,,,,,,,,,,5116,0.304,4364,0.259,10,0.008,94,0.007,19,0.006,-0.0041,0.0014,0.0012,72,0.059,31,0.025,5041,0.373,4333,0.321,2241,0.677,1989,0.601,0.1,0.25,0.2,2.5,0.63,0.03,0,0,0.92,0.95,Uncertain
"Staunton city, VA",51790,Small metro,"Staunton, VA",Metropolitan,VA,3,24932,0.203,0.003,0,0,1371,0.055,0,1,4,0,0,,,0,0,0,0,0,2525,10128,71,285,0,28,LowBurden,,Low,Low,0.018,100,401,1,0.98,-0.005,-0.44,0,0,0.023,179,718,1,0.98,,,,,,,,,,,,,,,,,,,,,,,,,,,454,0.018,355,0.014,2,0.001,11,0.001,1,0,0.0013,0.0001,0,11,0.007,7,0.005,443,0.022,348,0.017,168,0.031,130,0.024,0.1,0.14,0.21,2.2,0.11,0.03,0,0.01,0.44,0.6,Uncertain
"Kiowa County, OK",40075,Non-core,,,OK,6,8708,,0.002,0,0,0,0,0,1,11,0,0,,-1,0,0,0,1,11.5,819,9405,26,299,0,13,ModerateBurden,,Moderate,Low,0,34,390,0,1,-0.031,1,-1,0,0.031,17,195,1,1,0,0,0,0,0.45,0,,,0,0,,,0.32,0,,,0,0,1,19,0,4,1,1,1,1,3666,0.421,3081,0.354,7,0.01,17,0.003,1,0.001,-0.0059,-0.0014,-0.0035,68,0.1,17,0.025,3598,0.544,3064,0.463,1571,0.918,1344,0.785,0.14,0.22,0.2,2.3,0.04,0.12,0.06,0,0.65,0.59,Uncertain
"Tyler County, WV",54095,Non-core,,,WV,3,8591,,0.005,0,0,0,0,0,1,12,2,23.3,-0.75,,0,4,47,0,0,738,8590,12,140,0,17,ModerateBurden,,Moderate,Substantial,0,70,815,1,0.97,-0.081,-0.24,1,0.01,0.081,92,1071,0,0.96,0,0,0,0,0.08,0,,,,,,,-0.15,0,,,,,1,12,0,0,1,1,1,1,1458,0.17,1225,0.143,5,0.008,19,0.003,7,0.003,0.0017,-0.0022,0.001,53,0.089,20,0.033,1403,0.202,1205,0.174,642,0.319,592,0.294,0.08,0.16,0.23,2.7,0,0.01,0,0.01,0.22,0.3,Uncertain
"Pitkin County, CO",8097,Micropolitan,"Glenwood Springs, CO",Micropolitan,CO,8,17767,0.228,0.003,0,0,0,0,0,1,6,0,0,-0.86,,0,7,39,0,0,2601,14640,4,23,0,0,LowBurden,,Low,Moderate,0,117,659,1,0.93,-0.026,-0.42,0,-0.07,0.026,200,1126,1,1,0,0,0,0,0.15,0,0.18,0,0,0,,,-0.02,0,0.18,0,0,0,1,20,4,5,1,1,1,1,7512,0.423,5074,0.286,32,0.032,209,0.014,20,0.006,-0.001,0.0055,0.0036,476,0.474,182,0.181,7013,0.463,4885,0.322,420,0.116,681,0.189,0.13,0.07,0.2,2.5,0.01,0.11,0,0.02,0.07,0.01,Uncertain
"Jerauld County, SD",46073,Non-core,"Huron, SD",Micropolitan,SD,8,2013,0.098,0.002,0,0,0,0,0,1,50,0,0,-0.5,,0,2,99,0,0,281,13959,16,795,0,147,ModerateBurden,,Substantial,High,0,4,199,0,1,-0.143,-0.43,0,0,0.143,7,348,0,1,0,0,0,0,0.48,0,,,,,,,0.17,0,,,,,1,6,0,0,1,1,1,1,408,0.203,693,0.344,2,0.013,2,0.001,,,0.0133,-0.0006,-0.0018,4,0.027,,,404,0.263,693,0.45,72,0.131,322,0.588,0.06,0.08,0.27,2.2,0,0.05,0.01,0,0.05,0.07,Uncertain
"Carter County, MO",29035,Non-core,,,MO,7,5982,,0.001,0,0,0,0,0,1,17,0,0,,,0,0,0,0,0,544,9094,11,184,0,77,ModerateBurden,,Moderate,Low,0,17,284,1,1,0,-0.37,1,0,0,27,451,0,1,,,,,,,,,,,,,,,,,,,,,,,,,,,1405,0.235,1174,0.196,2,0.004,6,0.001,,,0.0021,-0.0022,-0.0032,10,0.021,4,0.008,1395,0.303,1170,0.254,684,0.547,615,0.492,0.17,0.17,0.21,2.6,0.01,0.03,0.01,0,0.75,0.8,Uncertain
"Hinsdale County, CO",8053,Non-core,,,CO,8,820,,0,0,0,0,0,0,1,122,0,0,,,0,0,0,0,0,19,2317,0,0,0,0,ModerateBurden,,High,Low,0,1,122,1,1,0,0,1,0,0,1,122,0,1,,,,,,,,,,,,,,,,,,,,,,,,,,,221,0.27,210,0.256,,,1,0.001,,,-0.1282,-0.0029,0,10,0.256,5,0.128,211,0.303,205,0.294,50,0.194,64,0.248,0.1,0.13,0.31,2.3,0.01,0.06,0.01,0.01,0.06,0.05,Uncertain
"Nowata County, OK",40105,Non-core,,,OK,6,10076,,0.003,0,0,0,0,0,1,10,0,0,0,-1,0,1,10,1,9.9,1151,11423,20,198,0,43,LowBurden,,Substantial,Moderate,0.083,15,149,1,0.91,0.025,0.07,1,-0.09,0.059,14,139,0,1,0,0,0,0,0.33,0,,,,,,,-0.1,0,,,,,1,14,0,0,1,1,1,1,3180,0.316,2389,0.237,7,0.009,24,0.003,1,0.001,0.0066,-0.0009,-0.0025,31,0.041,12,0.016,3149,0.402,2377,0.304,1321,0.663,1052,0.528,0.18,0.17,0.2,2.5,0.02,0.03,0.19,0,0.59,0.65,Uncertain
"Armstrong County, TX",48011,Medium metro,"Amarillo, TX",Metropolitan,TX,6,1887,0.007,0,0,0,0,0,0,1,53,0,0,,,0,0,0,0,0,205,10864,6,318,0,13,ModerateBurden,,Substantial,Low,0,3,159,1,1,0,-0.67,0,0,0,9,477,1,1,,,,,,,,,,,,,,,,,,,,,,,,,,,,,,,,,,,,,,,,,,,,,,,,,,,,0.08,0.07,0.25,2.6,0.01,0.09,0.01,0,0.16,0.4,Uncertain
"Hanson County, SD",46061,Micropolitan,"Mitchell, SD",Micropolitan,SD,8,3453,0.149,0.004,0,0,0,0,0,1,29,0,0,,,0,0,0,0,0,389,11266,4,116,0,61,ModerateBurden,,Moderate,Low,0,6,174,0,1,0,-0.54,-1,0,0,13,376,1,1,,,,,,,,,,,,,,,,,,,,,,,,,,,786,0.228,854,0.247,6,0.016,13,0.005,,,0.0107,0.0033,-0.0019,26,0.07,14,0.037,760,0.315,840,0.349,252,0.47,362,0.675,0.06,0.07,0.16,3.2,0.01,0.01,0.01,0,0,0.01,Uncertain
"Worth County, GA",13321,Small metro,"Albany, GA",Metropolitan,GA,4,20247,0.138,0.002,0,0,0,0,0,1,5,0,0,-0.5,-1,0,2,10,1,4.9,1799,8885,68,336,0,33,LowBurden,,Low,Moderate,0.034,73,361,0,0.95,-0.019,-0.3,0,-0.01,0.053,104,514,0,0.96,0,0,0,0,0,0,,,0,0,,,0,0,,,0,0,1,25,0,2,1,1,1,1,1601,0.079,1575,0.078,12,0.008,81,0.005,17,0.004,-0.0032,0.0002,0.0002,59,0.038,22,0.014,1542,0.098,1553,0.098,554,0.138,540,0.134,0.18,0.21,0.2,2.6,0.28,0.02,0,0.01,0.74,0.9,Uncertain
"Haakon County, SD",46055,Non-core,,,SD,8,1899,,0.002,0,0,0,0,0,1,53,0,0,0,,0,1,53,0,0,266,14007,10,527,0,87,ModerateBurden,,Substantial,Substantial,0,9,474,1,1,0,0.8,0,0,0,5,263,1,1,0,0,0,0,0.43,0,,,,,,,-0.08,0,,,,,1,18,0,0,1,1,1,1,281,0.148,426,0.224,1,0.006,6,0.004,,,0,0.0021,-0.0021,8,0.052,2,0.013,273,0.188,424,0.291,74,0.154,222,0.462,0.09,0.13,0.25,2.2,0,0.02,0.03,0,0.36,0.33,Uncertain
"Vernon County, WI",55123,Non-core,,,WI,5,30822,,0.005,0,0,0,0,0,1,3,0,0,-0.86,,0,7,23,0,0,2019,6551,42,136,0,10,LowBurden,,Low,Moderate,0,94,305,0,1,0,-0.38,0,0,0,152,493,0,1,1,3,1,3,0.36,0,,,0,0,0,0,0.02,0,,,0,0,2,38,0,10,1,1,1,1,13982,0.454,12595,0.409,45,0.016,116,0.005,15,0.002,-0.0359,-0.0016,-0.0018,597,0.214,219,0.079,13385,0.587,12376,0.543,5309,0.863,5091,0.828,0.15,0.17,0.2,2.5,0,0.02,0,0,0.38,0.29,Uncertain
"Archer County, TX",48009,Small metro,"Wichita Falls, TX",Metropolitan,TX,6,8553,0.057,0,0,0,0,0,0,1,12,0,0,-0.5,,0,2,23,0,0,812,9494,12,140,0,17,ModerateBurden,,Moderate,Moderate,0,11,129,0.5,1,0,-0.48,-0.5,0,0,21,246,1,1,,,,,,,,,,,,,,,,,,,,,,,,,,,,,,,,,,,,,,,,,,,,,,,,,,,,0.11,0.09,0.2,2.6,0.01,0.08,0.01,0,0.09,0.37,Uncertain
"Brewster County, TX",48043,Non-core,,,TX,6,9203,,0,0,0,1439,0.156,0,1,11,0,0,0,,0,1,11,0,0,936,10171,16,174,0,19,ModerateBurden,,Moderate,Substantial,0,9,98,1,1,-0.083,0.8,1,0.1,0.083,5,54,0,0.9,0,0,0,0,0.2,0,0,0,0,0,,,-0.06,0,0,0,0,0,1,30,2,14,1,1,1,1,,,,,,,,,,,,,,,,,,,,,,,,,,0.17,0.12,0.24,2.3,0.01,0.45,0.01,0.01,0.66,0.63,Uncertain
"Ford County, KS",20057,Micropolitan,"Dodge City, KS",Micropolitan,KS,7,33619,1,0.012,0,0,0,0,0,1,3,0,0,-0.5,-1,0,2,6,1,3,5768,17157,76,226,0,20,LowBurden,,Low,Low,0.016,144,428,0,0.91,0.011,-0.61,0,-0.08,0.005,366,1089,0,1,0,0,0,0,0.6,0,0.32,0,0,0,,,0.05,0,-0.14,0,0,0,1,22,8,9,1,1,1,1,10590,0.315,8521,0.253,5,0.002,100,0.004,6,0.002,-0.0107,-0.0022,-0.0021,212,0.066,53,0.017,10378,0.44,8468,0.359,2919,0.766,2661,0.699,0.14,0.14,0.11,3,0.02,0.56,0,0.01,0.86,0.66,Uncertain
"Gregory County, SD",46053,Non-core,,,SD,8,4185,,0.005,0,0,0,0,0,1,24,0,0,-0.75,,0,4,96,0,0,586,14002,30,717,0,1,ModerateBurden,,Moderate,High,0.077,20,478,0,1,-0.123,-0.49,0,0,0.2,39,932,0,1,0,0,0,0,0.3,0,,,0,0,,,-0.04,0,,,0,0,2,29,0,3,1,1,1,1,1139,0.272,1338,0.32,4,0.012,6,0.002,2,0.002,0.0058,-0.0006,0.0019,35,0.101,17,0.049,1104,0.346,1321,0.414,381,0.353,684,0.635,0.11,0.14,0.26,2.2,0,0.02,0.07,0.01,0.28,0.35,Uncertain
"Jones County, SD",46075,Non-core,,,SD,8,903,,0.001,0,0,0,0,0,1,111,0,0,,,0,0,0,0,0,94,10410,0,0,0,67,ModerateBurden,,High,Low,0,1,111,0,1,0,,0,0,0,0,0,0,1,,,,,,,,,,,,,,,,,,,,,,,,,,,354,0.392,352,0.39,1,0.017,7,0.01,2,0.009,0.0172,0.0056,0.0093,6,0.103,4,0.069,348,0.492,348,0.492,155,0.721,175,0.814,0.13,0.11,0.24,1.8,0,0.03,0.05,0,0.01,0.02,Uncertain
"Faulk County, SD",46049,Non-core,,,SD,8,2299,,0.003,0,0,0,0,0,1,43,0,0,,,0,0,0,0,0,373,16224,13,565,0,111,ModerateBurden,,Moderate,Low,0,6,261,0,1,0,,0,0,0,0,0,0,1,0,0,0,0,0.18,0,,,,,,,0.05,0,,,,,1,12,0,0,1,1,1,1,805,0.35,868,0.378,1,0.006,6,0.004,2,0.004,-0.0056,-0.0035,-0.0018,8,0.045,5,0.028,797,0.467,863,0.505,291,0.536,387,0.713,0.1,0.13,0.24,2.2,0.01,0.01,0,0,0.08,0.07,Uncertain
"Seminole County, OK",40133,Non-core,,,OK,6,24258,,0.006,0,0,0,0,0,1,4,0,0,,-1,0,0,0,8,33,2879,11868,78,322,0,46,LowBurden,,Moderate,Low,0.065,80,330,0,1,0.042,-0.08,0,0,0.023,87,359,0,1,0,0,0,0,0.24,0,,,0,0,,,-0.12,0,,,0,0,1,17,0,8,1,1,1,1,9145,0.377,7715,0.318,15,0.007,73,0.004,9,0.002,-0.0043,-0.002,-0.0007,135,0.064,54,0.026,9010,0.492,7661,0.418,3407,0.765,3029,0.68,0.2,0.21,0.18,2.6,0.04,0.05,0.19,0,0.93,0.89,Uncertain
"Ouray County, CO",8091,Non-core,"Montrose, CO",Micropolitan,CO,8,4952,0.104,0.001,0,0,0,0,0,1,20,0,0,-0.75,,0,4,81,0,0,289,5836,3,61,0,31,ModerateBurden,,Moderate,Substantial,0,16,323,1,1,0,-0.2,0,0,0,20,404,1,1,,,,,,,,,,,,,,,,,,,,,,,,,,,1670,0.337,1890,0.382,,,15,0.004,3,0.002,-0.0066,-0.0005,0.0015,119,0.393,60,0.198,1542,0.367,1829,0.436,222,0.164,492,0.364,0.1,0.1,0.27,2.2,0,0.07,0.01,0.01,0.02,0.01,Uncertain
"Wheeler County, GA",13309,Non-core,,,GA,4,7855,,0.001,0,0,0,0,0,1,13,0,0,-0.67,,0,3,38,0,0,633,8059,24,306,0,33,ModerateBurden,,Moderate,High,0,14,178,0,1,-0.154,0.56,0,0.08,0.154,9,115,0,0.92,,,,,,,,,,,,,,,,,,,,,,,,,,,317,0.04,293,0.037,,,13,0.002,,,,0.0003,-0.0017,1,0.002,2,0.004,316,0.048,291,0.045,109,0.094,108,0.093,0.17,0.27,0.15,3.4,0.37,0.05,0,0,0.81,0.89,Uncertain
"Bandera County, TX",48019,Large fringe metro,"San Antonio-New Braunfels, TX",Metropolitan,TX,6,23112,0.009,0.001,0,0,0,0,0,1,4,0,0,-0.5,-1,0,2,9,1,4.3,1428,6179,28,121,0,13,LowBurden,,Moderate,Low,0.05,94,407,0,1,0.04,-0.1,0,0.02,0.01,104,450,0,0.98,,,,,,,,,,,,,,,,,,,,,,,,,,,,,,,,,,,,,,,,,,,,,,,,,,,,0.18,0.15,0.28,2.6,0.01,0.2,0.01,0.01,0.51,0.56,Uncertain
"Perry County, IL",17145,Non-core,,,IL,5,20916,,0.002,0,0,0,0,0,1,5,0,0,-0.83,,0,6,29,0,0,3194,15271,60,287,0,14,LowBurden,,Low,Moderate,0,1844,8816,1,1,-0.005,0,0,0,0.005,1835,8773,1,1,1,3,0,0,0.67,0.01,,,0,0,,,-0.14,0.01,,,0,0,2,33,0,14,1,1,1,1,7311,0.35,5592,0.267,15,0.01,68,0.004,10,0.002,-0.0093,-0.0018,-0.0037,121,0.081,35,0.023,7181,0.426,5557,0.329,3224,0.805,2609,0.651,0.04,0.16,0.19,2.2,0.09,0.03,0,0.01,0.65,0.87,Uncertain
"Choctaw County, AL",1023,Non-core,,,AL,4,12589,,0.003,0,0,0,0,0,1,8,0,0,,,0,0,0,0,0,614,4877,25,199,0,28,LowBurden,,Low,Low,0,14,111,1,1,0,-0.52,0,0,0,29,230,1,1,1,4,0,0,0.16,0.02,,,0,0,,,0.04,0.02,,,0,0,1,28,0,2,1,1,1,1,5787,0.46,4406,0.35,2,0.002,41,0.004,10,0.003,0.0022,0.0013,-0.0003,29,0.032,9,0.01,5757,0.569,4397,0.435,2736,0.922,2142,0.721,0.11,0.22,0.24,2.4,0.42,0.01,0,0,0.87,0.97,Uncertain
"Columbia County, WA",53013,Small metro,,,WA,10,3985,,0.001,0,0,0,0,0,1,25,0,0,,-1,0,0,0,1,25.1,126,3162,5,125,0,7,ModerateBurden,,Moderate,Low,0,48,1205,,,0,-0.37,,,0,76,1907,,,0,0,0,0,0.44,0,,,0,0,,,-0.02,0,,,0,0,1,13,0,4,1,1,1,1,1468,0.368,1245,0.312,,,23,0.007,5,0.004,-0.0157,-0.0015,-0.0018,40,0.157,6,0.024,1428,0.437,1239,0.379,741,0.653,626,0.552,0.05,0.12,0.28,2.2,0.01,0.08,0.01,0.01,0.31,0.25,Uncertain
"Presque Isle County, MI",26141,Non-core,,,MI,5,12592,,0.001,0,0,0,0,0,1,8,0,0,-0.8,,0,5,40,0,0,1053,8362,34,270,0,45,LowBurden,,Low,Substantial,0.018,132,1048,0,1,-0.064,-0.11,-1,0.02,0.082,149,1183,1,0.98,,,,,,,,,,,,,,,,,,,,,,,,,,,6567,0.522,6121,0.486,1,0.001,34,0.003,6,0.001,0.0014,-0.0014,-0.0012,22,0.03,22,0.03,6545,0.615,6099,0.573,3313,0.809,3161,0.772,0.08,0.15,0.33,2.2,0.01,0.02,0.01,0.01,0.28,0.69,Uncertain
"Ellsworth County, KS",20053,Non-core,,,KS,7,6102,,0.002,0,0,0,0,0,0,0,0,0,,,0,0,0,0,0,1220,19993,25,410,0,112,LowBurden,,High,Low,0.375,16,262,0,0.88,0.337,-0.11,0,-0.12,0.038,18,295,0,1,0,0,0,0,0.31,0,,,0,0,,,-0.04,0,,,0,0,1,18,0,2,1,1,1,1,2706,0.443,2330,0.382,5,0.013,12,0.002,2,0.002,-0.0025,-0.0018,0,58,0.147,17,0.043,2648,0.531,2313,0.464,955,0.735,910,0.701,0.05,0.11,0.21,2.2,0.05,0.06,0.01,0.01,0.4,0.55,Uncertain
"King George County, VA",51099,Non-core,,,VA,3,26836,,0.003,0,0,0,0,0,0,0,0,0,-1,,0,9,34,0,0,1735,6465,20,75,0,18,LowBurden,,Low,Moderate,0.035,116,432,1,1,-0.004,0.32,0,0,0.04,88,328,1,1,,,,,,,,,,,,,,,,,,,,,,,,,,,3750,0.14,3200,0.119,5,0.002,38,0.002,2,0.001,0.0004,-0.0038,-0.0006,54,0.023,35,0.015,3696,0.183,3165,0.156,527,0.146,450,0.125,0.06,0.06,0.13,2.8,0.16,0.06,0.01,0.02,0.02,0.19,Uncertain
"Lancaster County, VA",51103,Non-core,,,VA,3,10603,,0.001,0,0,0,0,0,0,0,0,0,-1,-1,0,1,9,1,9.4,716,6753,17,160,0,49,LowBurden,,Low,Low,0,51,481,1,0.96,0,-0.16,0,-0.02,0,61,575,1,0.98,0,0,0,0,0.23,0,,,0,0,,,0,0,,,0,0,1,72,0,11,1,1,1,1,3569,0.337,3213,0.303,15,0.025,20,0.002,2,0.001,0.0115,-0.0017,-0.0018,60,0.098,23,0.038,3509,0.391,3190,0.356,2000,0.514,1835,0.472,0.11,0.09,0.37,2.1,0.28,0.03,0,0.01,0.16,0.48,Uncertain
"Candler County, GA",13043,Non-core,,,GA,4,10803,,0.001,0,0,0,0,0,0,0,0,0,,,0,0,0,0,0,968,8960,67,620,0,11,LowBurden,,Low,Low,0,16,148,0,0.83,0,-0.11,0,0.06,0,18,167,0,0.77,0,0,0,0,0.39,0,,,0,0,,,0.12,0,,,0,0,1,40,0,4,1,1,1,1,1028,0.095,962,0.089,12,0.013,45,0.006,7,0.003,0.0052,0.0011,0.001,24,0.025,8,0.008,1004,0.124,954,0.118,329,0.164,316,0.157,0.21,0.33,0.19,2.7,0.24,0.12,0,0.01,0.98,0.98,Uncertain
"Unallocated, WV",54000,,,,WV,3,,,,,,,,0,0,,0,,,,0,0,,0,,0,,0,,0,,,,,,0.099,86,,,,-0.007,-0.42,,,0.106,148,,,,,,,,,,,,,,,,,,,,,,,,,,,,,,306776,,283260,,420,,1529,,315,,,,,8823,,4614,,297642,,278525,,117567,,111485,,,,,,,,,,,,
"Unallocated, KS",20000,,,,KS,7,,,,,,,,0,0,,0,,,,0,0,,0,,0,,0,,0,,,,,,0.115,51,,,,0.104,-0.52,,,0.011,107,,,,,,,,,,,,,,,,,,,,,,,,,,,,,,105624,,77704,,180,,885,,96,,,,,1882,,1011,,103709,,76689,,31268,,22403,,,,,,,,,,,,
"Massac County, IL",17127,Micropolitan,"Paducah, KY-IL",Micropolitan,IL,5,13772,0.143,0.001,0,0,0,0,0,0,0,0,0,-1,,0,6,44,0,0,1357,9853,40,290,0,16,LowBurden,,Low,Moderate,0,133,966,1,0.99,-0.014,0.15,0,0.01,0.014,116,842,1,0.99,4,16,0,0,0.22,0.02,,,0,0,1,,0.02,0.01,,,0,0,1,25,0,5,1,1,1,1,4512,0.328,3310,0.24,22,0.02,52,0.005,9,0.003,0.0176,-0.0011,-0.0031,103,0.096,33,0.031,4406,0.408,3275,0.303,2063,0.7,1617,0.549,0.04,0.18,0.21,2.4,0.06,0.03,0,0.01,0.75,0.72,Uncertain
"Patillas Municipio, PR",72109,,"Guayama, PR",Metropolitan,PR,2,,,,,0,0,0,0,0,0,0,0,-1,,0,1,6,0,0,359,2215,0,0,0,,,,Low,Low,0,117,722,,,0,-0.26,,,0,159,981,,,,,,,,,,,,,,,,,,,,,,,,,,,,,5583,0.344,4218,0.26,19,0.016,121,0.009,21,0.006,-0.0017,-0.0023,-0.0037,111,0.096,50,0.043,5470,0.411,4167,0.313,1494,0.395,1153,0.305,0.04,0.53,,,,,,,,,
"Lee County, VA",51105,Non-core,,,VA,3,23423,,0.003,0,0,0,0,0,0,0,1,4.3,-1,,0,3,13,0,0,2433,10387,49,209,0,52,LowBurden,,Low,Moderate,0.033,64,273,1,1,-0.032,-0.52,0,0.05,0.065,134,572,1,0.95,,,,,,,,,,,,,,,,,,,,,,,,,,,8738,0.373,7152,0.305,17,0.011,70,0.004,11,0.002,-0.0223,-0.0025,-0.0031,159,0.101,61,0.039,8557,0.448,7087,0.371,3217,0.617,2796,0.537,0.13,0.24,0.22,2.5,0.03,0.02,0,0,0.81,0.85,Uncertain
"Barber County, KS",20007,Non-core,,,KS,7,4427,,0.002,0,0,0,0,0,0,0,0,0,,,0,0,0,0,0,374,8448,6,136,0,144,LowBurden,,Low,Low,0,7,158,0,1,0,-0.53,0,0,0,15,339,0,1,0,0,0,0,0.44,0,,,0,0,,,-0.12,0,,,0,0,2,33,0,4,1,1,1,1,1680,0.379,1545,0.349,1,0.003,14,0.004,2,0.002,-0.0029,-0.0029,-0.0029,9,0.026,5,0.015,1671,0.491,1540,0.453,811,0.794,759,0.743,0.12,0.16,0.23,2.4,0.01,0.05,0.01,0,0.28,0.46,Uncertain
"Elk County, KS",20049,Non-core,,,KS,7,2530,,0.001,0,0,0,0,0,0,0,0,0,-1,,0,1,40,0,0,180,7115,5,198,0,92,LowBurden,,Low,High,0,1,40,0,1,-0.333,-0.8,0,0,0.333,5,198,0,1,,,,,,,,,,,,,,,,,,,,,,,,,,,648,0.256,591,0.234,2,0.01,1,0.001,,,0.0098,-0.0015,-0.0014,6,0.029,2,0.01,642,0.329,589,0.302,363,0.496,352,0.481,0.1,0.15,0.29,2.3,0,0.05,0.02,0.01,0.39,0.72,Uncertain
"Wayne County, IA",19185,Non-core,,,IA,7,6441,,0.002,0,0,0,0,0,0,0,0,0,,,0,0,0,0,0,543,8430,23,357,0,21,LowBurden,,Low,Low,0.022,45,699,0,1,0.022,-0.29,0,0,0,63,978,0,1,0,0,0,0,0.3,0,0.07,0,0,0,,,-0.02,0,0.07,0,0,0,1,25,2,4,1,1,1,1,2229,0.346,1980,0.307,1,0.002,9,0.002,1,0.001,-0.0073,-0.0021,-0.0021,30,0.055,1,0.002,2199,0.455,1979,0.409,1053,0.726,946,0.652,0.12,0.15,0.23,2.4,0,0.02,0,0.01,0.46,0.52,Uncertain
"Vieques Municipio, PR",72147,,,,PR,2,,,,,0,0,0,0,0,0,0,0,,,0,0,0,0,0,121,1443,0,0,0,,,,Low,Low,0,46,549,,,0,0.48,,,0,31,370,,,,,,,,,,,,,,,,,,,,,,,,,,,,,4941,0.589,4543,0.542,2,0.003,12,0.002,,,0.0034,0.0007,0,39,0.065,6,0.01,4902,0.712,4537,0.659,1396,0.737,1291,0.681,0.11,0.41,,,,,,,,,
"Chase County, KS",20017,Non-core,"Emporia, KS",Micropolitan,KS,7,2648,0.074,0.001,0,0,0,0,0,0,0,0,0,,,0,0,0,0,0,274,10347,3,113,0,21,LowBurden,,Low,Low,0,7,264,0.5,1,0,-0.53,-0.5,0,0,15,566,1,1,,,,,,,,,,,,,,,,,,,,,,,,,,,944,0.356,880,0.332,2,0.011,7,0.003,2,0.003,0,-0.0014,0.0015,18,0.099,9,0.049,926,0.436,871,0.41,396,0.576,387,0.563,0.09,0.13,0.26,2.5,0.01,0.05,0.01,0,0.41,0.68,Uncertain
"White County, IL",17193,Non-core,,,IL,5,13537,,0.001,0,0,0,0,0,0,0,0,0,-1,,0,2,15,0,0,1702,12573,26,192,0,24,LowBurden,,Low,Moderate,0,166,1226,1,0.98,0,0.07,0,-0.03,0,155,1145,1,1,,,,,,,,,,,,,,,,,,,,,,,,,,,5261,0.389,4265,0.315,18,0.018,48,0.005,6,0.002,0.0049,-0.0024,-0.0059,85,0.083,26,0.026,5170,0.491,4239,0.402,2452,0.848,2042,0.706,0.06,0.13,0.21,2.2,0.01,0.02,0,0.01,0.54,0.74,Uncertain
"Glascock County, GA",13125,Non-core,,,GA,4,2971,,0,0,0,0,0,0,0,0,0,0,,,0,0,0,0,0,267,8987,19,640,0,97,LowBurden,,Low,Low,0,5,168,0,1,0,-0.29,0,0,0,7,236,0,1,,,,,,,,,,,,,,,,,,,,,,,,,,,215,0.072,187,0.063,3,0.012,9,0.004,1,0.002,,-0.0021,-0.0018,4,0.016,2,0.008,211,0.091,185,0.079,86,0.158,82,0.151,0.08,0.18,0.18,2.6,0.08,0.02,0.01,0,0.69,0.81,Uncertain
"San Sebastián Municipio, PR",72131,,"Aguadilla-Isabela, PR",Metropolitan,PR,2,,,,,0,0,0,0,0,0,0,0,-1,,0,6,17,0,0,1310,3687,0,0,0,,,,Low,Moderate,0,185,521,,,-0.07,-0.31,,,0.07,269,757,,,,,,,,,,,,,,,,,,,,,,,,,,,,,20668,0.582,16505,0.465,113,0.045,370,0.013,41,0.005,-0.0569,-0.0115,-0.0029,996,0.394,284,0.112,19665,0.674,16220,0.556,6674,0.779,6004,0.701,0.07,0.54,,,,,,,,,
"Dooly County, GA",13093,Non-core,,,GA,4,13390,,0.001,0,0,0,0,0,0,0,0,0,,,0,0,0,0,0,1085,8103,46,344,0,12,LowBurden,,Low,Substantial,0,18,134,0,1,-0.083,-0.33,0,0.08,0.083,27,202,0,0.92,,,,,,,,,,,,,,,,,,,,,,,,,,,1414,0.106,1203,0.09,15,0.017,42,0.004,7,0.002,0.014,0.0004,0.0011,50,0.058,28,0.033,1363,0.122,1175,0.105,527,0.187,457,0.162,0.16,0.25,0.21,2.6,0.49,0.07,0,0.01,0.95,0.99,Uncertain
"Unallocated, IN",18000,,,,IN,5,,,,,,,,0,0,,1,,,,0,0,,0,,0,,418,,0,,,,,,0.033,718,,,,-0.008,-0.4,,,0.041,1202,,,,,,,,,,,,,,,,,,,,,,,,,,,,,,39730,,36316,,145,,939,,141,,,,,922,,322,,38788,,35988,,8291,,8213,,,,,,,,,,,,
"Washington County, IL",17189,Non-core,,,IL,5,13887,,0.001,0,0,0,0,0,0,0,0,0,,,0,0,0,0,0,1647,11860,25,180,0,17,LowBurden,,Low,Low,0,122,879,0,0.99,-0.007,-0.13,-1,0,0.007,141,1015,1,0.99,0,0,0,0,0.06,0,,,0,0,,,-0.05,0,,,0,0,1,22,0,9,1,1,1,1,6235,0.449,5207,0.375,22,0.021,72,0.007,11,0.004,-0.0028,-0.0031,-0.0003,156,0.145,72,0.067,6074,0.555,5135,0.469,2377,0.826,2089,0.726,0.04,0.08,0.21,2.3,0.01,0.01,0,0,0.07,0.49,Uncertain
"Yauco Municipio, PR",72153,,"Yauco, PR",Metropolitan,PR,2,,,,,0,0,0,0,0,0,0,0,-1,,0,4,12,0,0,832,2478,0,0,0,,,,Moderate,Moderate,0.066,159,474,,,0.05,-0.37,,,0.016,251,748,,,1,1,0,0,0.51,0.01,0.39,0,0.21,0,,,0.03,0.01,-0.11,0,-0.04,0,1,72,11,10,1,1,1,1,18393,0.548,13771,0.41,154,0.064,442,0.016,75,0.01,-0.0063,-0.0213,-0.0096,826,0.346,308,0.129,17557,0.637,13462,0.489,5355,0.686,4337,0.556,0.05,0.48,,,,,,,,,
"Clark County, KS",20025,Non-core,,,KS,7,1994,,0.001,0,0,0,0,0,0,0,0,0,,,0,0,0,0,0,251,12588,7,351,0,89,LowBurden,,Low,Low,0,8,401,1,1,0,-0.43,0,0,0,14,702,1,1,2,5,0,0,0.42,0.01,,,0,0,,,0.03,0.01,,,0,0,2,39,0,2,1,1,1,1,769,0.386,708,0.355,,,2,0.001,,,0,-0.0047,-0.0023,20,0.111,10,0.056,749,0.499,698,0.465,336,0.785,319,0.745,0.08,0.11,0.21,2.2,0,0.11,0.01,0.01,0.31,0.59,Uncertain
"Comanche County, KS",20033,Non-core,,,KS,7,1700,,0.001,0,0,0,0,0,0,0,0,0,,,0,0,0,0,0,169,9941,9,529,0,67,LowBurden,,Low,Low,0,4,235,0.5,1,0,-0.6,0.5,0,0,10,588,0,1,0,0,0,0,0.12,0,,,0,0,,,0,0,,,0,0,1,12,0,2,1,1,1,1,637,0.375,582,0.342,1,0.008,3,0.002,1,0.002,0.0079,-0.0023,0.0023,3,0.024,2,0.016,634,0.489,580,0.447,328,0.756,307,0.707,0.09,0.06,0.26,2.3,0,0.08,0,0,0.08,0.24,Uncertain
"Highland County, VA",51091,Non-core,,,VA,3,2190,,0,0,0,0,0,0,0,0,0,0,,,0,0,0,0,0,109,4977,1,46,0,61,LowBurden,,Low,High,0,8,365,0,1,-0.125,0.33,-0.5,0.12,0.125,6,274,0.5,0.88,,,,,,,,,,,,,,,,,,,,,,,,,,,1091,0.498,1006,0.459,7,0.08,15,0.008,7,0.009,0.0795,0,0.0039,17,0.193,5,0.057,1072,0.565,1001,0.527,558,0.717,536,0.689,0.09,0.12,0.36,2,0.01,0.01,0,0.01,0.06,0.26,Uncertain
"Putnam County, IL",17155,Micropolitan,"Ottawa, IL",Micropolitan,IL,5,5739,0.039,0,0,0,0,0,0,0,0,0,0,-1,,0,1,17,0,0,486,8468,3,52,0,26,LowBurden,,Low,Moderate,0,50,871,0,1,-0.014,-0.15,-1,0,0.014,59,1028,1,1,,,,,,,,,,,,,,,,,,,,,,,,,,,2828,0.493,2174,0.379,4,0.009,37,0.008,7,0.005,-0.0282,0.0009,0.0045,83,0.195,25,0.059,2740,0.596,2149,0.468,1066,0.802,948,0.713,0.03,0.09,0.23,2.4,0.01,0.06,0,0.01,0.03,0.2,Uncertain
"Rincón Municipio, PR",72117,,"Aguadilla-Isabela, PR",Metropolitan,PR,2,,,,,0,0,0,0,0,0,0,0,-1,,0,7,51,0,0,538,3940,0,0,0,,,,Low,Substantial,0.024,99,725,,,-0.055,-0.4,,,0.078,165,1208,,,,,,,,,,,,,,,,,,,,,,,,,,,,,6402,0.469,5204,0.381,43,0.044,641,0.057,95,0.027,-0.0545,0.0083,-0.0049,217,0.223,72,0.074,6181,0.552,5131,0.458,1863,0.535,1650,0.474,0.04,0.42,,,,,,,,,
"Calhoun County, GA",13037,Non-core,,,GA,4,6189,,0.001,0,0,0,0,0,0,0,0,0,,,0,0,0,0,0,582,9404,15,242,0,59,LowBurden,,Low,Low,0,22,355,0,0.95,0,-0.57,0,0.04,0,51,824,0,0.91,,,,,,,,,,,,,,,,,,,,,,,,,,,590,0.095,518,0.084,8,0.02,23,0.004,3,0.003,0.0198,0.0006,0.002,9,0.022,1,0.002,581,0.113,517,0.101,206,0.201,179,0.175,0.19,0.3,0.17,2.4,0.6,0.05,0,0.01,0.98,0.97,Uncertain
"Villalba Municipio, PR",72149,,"Ponce, PR",Metropolitan,PR,2,,,,,0,0,0,0,0,0,0,0,-1,,0,1,5,0,0,747,3495,0,0,0,,,,Low,Low,0.034,130,608,,,0.017,-0.29,,,0.017,182,852,,,,,,,,,,,,,,,,,,,,,,,,,,,,,15015,0.703,12872,0.602,124,0.081,153,0.009,16,0.004,0.0191,-0.0002,0.001,1082,0.711,607,0.399,13925,0.794,12262,0.699,3600,0.905,3357,0.843,0.05,0.48,,,,,,,,,
"Edwards County, KS",20047,Non-core,,,KS,7,2798,,0.001,0,0,0,0,0,0,0,0,0,,,0,0,0,0,0,267,9543,12,429,0,100,LowBurden,,Low,Low,0,11,393,0,1,0,0,-1,0.08,0,11,393,1,0.92,0,0,0,0,0.26,0,,,0,0,,,-0.17,0,,,0,0,1,12,0,1,1,1,1,1,1040,0.372,954,0.341,,,9,0.004,1,0.002,-0.0295,-0.0033,-0.0083,8,0.034,,,1032,0.481,954,0.445,465,0.767,445,0.734,0.07,0.08,0.22,2.2,0.01,0.21,0.01,0,0.37,0.49,Uncertain
"Atchison County, KS",20005,Micropolitan,"Atchison, KS",Micropolitan,KS,7,16073,1,0.006,0,0,1974,0.123,0,0,0,0,0,,,0,0,0,0,0,1624,10104,14,87,0,29,LowBurden,,Low,Low,0,63,392,1,0.98,-0.013,-0.63,0,-0.01,0.013,169,1051,1,0.99,0,0,0,0,0.33,0,0,0,0,0,,,-0.17,0,-0.07,0,0,0,1,25,4,3,1,1,1,1,5214,0.324,4617,0.287,5,0.004,47,0.004,7,0.002,-0.0238,-0.0015,-0.0011,69,0.051,16,0.012,5145,0.414,4601,0.371,2121,0.75,2019,0.714,0.07,0.18,0.18,2.5,0.05,0.03,0.01,0.01,0.49,0.3,Uncertain
"Norton city, VA",51720,Micropolitan,"Big Stone Gap, VA",Micropolitan,VA,3,3981,0.096,0,0,0,0,0,0,0,0,0,0,,,0,0,0,0,0,290,7285,7,176,0,29,LowBurden,,Low,Moderate,0,27,678,0,1,-0.069,-0.27,0,0.03,0.069,37,929,0,0.97,,,,,,,,,,,,,,,,,,,,,,,,,,,,,,,,,,,,,,,,,,,,,,,,,,,,0.1,0.29,0.19,2.2,0.06,0.04,0,0.02,0.91,0.74,Uncertain
"Taylor County, IA",19173,Non-core,,,IA,7,6121,,0.002,0,0,0,0,0,0,0,0,0,-1,,0,1,16,0,0,664,10848,12,196,0,14,LowBurden,,Low,Moderate,0,20,327,0,1,-0.045,-0.5,0,0,0.045,40,653,0,1,,,,,,,,,,,,,,,,,,,,,,,,,,,2388,0.39,2240,0.366,2,0.004,14,0.003,2,0.001,0,-0.0017,0,26,0.056,14,0.03,2362,0.504,2226,0.475,1122,0.806,1095,0.787,0.07,0.1,0.23,2.3,0,0.08,0,0,0.28,0.6,Uncertain
"Guánica Municipio, PR",72055,,"Yauco, PR",Metropolitan,PR,2,,,,,0,0,0,0,0,0,0,0,-1,,0,1,7,0,0,229,1489,0,0,0,,,,Low,Substantial,0.023,96,624,,,-0.057,0.41,,,0.08,68,442,,,,,,,,,,,,,,,,,,,,,,,,,,,,,7397,0.481,5403,0.351,71,0.065,167,0.013,22,0.006,-0.0329,-0.0022,-0.0036,406,0.371,110,0.1,6986,0.553,5292,0.419,2413,0.628,1980,0.515,0.04,0.64,,,,,,,,,
"Falls Church city, VA",51610,Large fringe metro,"Washington-Arlington-Alexandria, DC-VA-MD-WV",Metropolitan,VA,3,14617,0.002,0.002,0,0,0,0,0,0,0,0,0,,,0,0,0,0,0,431,2949,8,55,0,56,LowBurden,,Low,Low,0,148,1013,1,0.98,0,-0.31,0,-0.02,0,214,1464,1,1,,,,,,,,,,,,,,,,,,,,,,,,,,,917,0.063,780,0.053,,,10,0.001,1,0,-0.0031,-0.0006,0,22,0.017,8,0.006,894,0.081,772,0.07,149,0.073,130,0.063,0.03,0.03,0.14,2.7,0.04,0.11,0,0.1,0.14,0.07,Uncertain
"Fairfax city, VA",51600,Large fringe metro,"Washington-Arlington-Alexandria, DC-VA-MD-WV",Metropolitan,VA,3,24019,0.004,0.003,0,0,0,0,0,0,0,1,4.2,-1,,0,6,25,0,0,567,2361,20,83,0,2,LowBurden,,Low,Moderate,0,0,0,1,1,0,-1,1,0,0,5,21,0,1,,,,,,,,,,,,,,,,,,,,,,,,,,,1459,0.061,1338,0.056,5,0.003,20,0.001,1,0,0,0,0.0003,26,0.016,13,0.008,1431,0.079,1325,0.073,308,0.088,281,0.08,0.08,0.09,0.15,2.7,0.06,0.18,0,0.18,0.24,0.13,Uncertain
"Treutlen County, GA",13283,Non-core,"Dublin, GA",Micropolitan,GA,4,6901,0.108,0.001,0,0,0,0,0,0,0,2,29,-1,0,0,2,29,2,29,852,12346,31,449,0,12,LowBurden,,Low,Moderate,0,21,304,0,1,-0.036,-0.05,0,0.07,0.036,22,319,0,0.93,,,,,,,,,,,,,,,,,,,,,,,,,,,393,0.057,318,0.046,1,0.002,21,0.004,4,0.003,,0.0011,0.0023,2,0.004,1,0.002,391,0.073,317,0.059,121,0.094,124,0.096,0.2,0.21,0.19,2.4,0.32,0.03,0,0,0.95,0.97,Uncertain
"Miller County, GA",13201,Non-core,,,GA,4,5718,,0.001,0,0,0,0,0,0,0,0,0,,,0,0,0,0,0,853,14918,13,227,0,31,LowBurden,,Low,Low,0,22,385,0,0.94,0,-0.46,0,-0.06,0,41,717,0,1,0,0,0,0,0.62,0,,,0.32,0,,,-0.12,0,,,0.03,0,1,25,0,30,1,1,1,1,481,0.084,434,0.076,5,0.011,39,0.009,9,0.007,0.0021,0.0014,0.0039,11,0.023,2,0.004,470,0.107,432,0.098,143,0.111,125,0.097,0.15,0.23,0.23,2.5,0.28,0.03,0,0.01,0.78,0.85,Uncertain
"Marion County, GA",13197,Medium metro,"Columbus, GA-AL",Metropolitan,GA,4,8359,0.026,0.001,0,0,0,0,0,0,0,1,12,,-0.5,0,0,0,2,23.9,567,6783,22,263,0,41,LowBurden,,Low,Low,0,20,239,0,0.91,0,0.18,0,-0.01,0,17,203,0,0.92,,,,,,,,,,,,,,,,,,,,,,,,,,,670,0.08,533,0.064,9,0.014,32,0.005,2,0.001,0.0048,-0.0032,-0.0011,19,0.03,6,0.01,651,0.098,527,0.079,184,0.106,186,0.107,0.14,0.21,0.21,2.5,0.3,0.08,0.01,0.01,0.85,0.83,Uncertain
"Williamsburg city, VA",51830,Large fringe metro,"Virginia Beach-Norfolk-Newport News, VA-NC",Metropolitan,VA,3,14954,0.008,0.002,0,1,7986,0.534,0,0,0,0,0,-1,,0,3,20,0,0,771,5156,13,87,0,59,LowBurden,,Low,High,0,16,107,0.5,1,-0.158,-0.43,0.5,0,0.158,28,187,0,1,,,,,,,,,,,,,,,,,,,,,,,,,,,506,0.034,406,0.027,1,0.002,5,0,,,0.002,0.0002,0,5,0.01,1,0.002,500,0.038,405,0.03,144,0.055,129,0.049,0.06,0.23,0.18,2.3,0.15,0.07,0,0.06,0.38,0.14,Uncertain
"Webster County, GA",13307,Non-core,,,GA,4,2607,,0,0,0,0,0,0,0,0,0,0,,,0,0,0,0,0,146,5600,4,153,0,108,LowBurden,,Low,Low,0,3,115,0,0.86,0,0,0,-0.14,0,3,115,0,1,,,,,,,,,,,,,,,,,,,,,,,,,,,265,0.102,239,0.092,1,0.005,10,0.005,1,0.002,0.005,0.0024,0.0016,3,0.015,1,0.005,262,0.123,238,0.112,101,0.163,94,0.152,0.12,0.25,0.24,2.4,0.42,0.05,0,0.01,0.79,0.96,Uncertain
"Colonial Heights city, VA",51570,Large fringe metro,"Richmond, VA",Metropolitan,VA,3,17370,0.013,0.002,0,0,0,0,0,0,0,0,0,-1,,0,6,35,0,0,1717,9885,61,351,0,44,LowBurden,,Low,Moderate,0.005,199,1146,1,0.98,-0.03,-0.13,0,0.01,0.035,228,1313,1,0.97,,,,,,,,,,,,,,,,,,,,,,,,,,,115,0.007,107,0.006,,,,,,,,0,0,,,,,115,0.009,107,0.008,22,0.006,17,0.005,0.08,0.14,0.2,2.5,0.16,0.07,0.01,0.04,0.57,0.67,Uncertain
"Fremont County, IA",19071,Non-core,,,IA,7,6960,,0.002,0,0,0,0,0,0,0,0,0,-1,,0,1,14,0,0,626,8994,9,129,0,51,LowBurden,,Low,Moderate,0,11,158,1,1,-0.059,-0.31,0,0,0.059,16,230,1,1,0,0,0,0,0.06,0,,,0,0,,,-0.04,0,,,0,0,1,25,0,2,1,1,1,1,2900,0.417,2675,0.384,4,0.007,22,0.004,5,0.003,0.0019,-0.0017,0.0012,40,0.075,24,0.045,2860,0.527,2651,0.489,1327,0.815,1271,0.78,0.05,0.09,0.23,2.3,0.01,0.03,0,0,0.06,0.29,Uncertain
"McDuffie County, GA",13189,Medium metro,"Augusta-Richmond County, GA-SC",Metropolitan,GA,4,21312,0.035,0.002,0,0,0,0,0,0,0,0,0,-1,,0,2,9,0,0,2521,11829,50,235,0,28,LowBurden,,Low,Low,0,84,394,0,0.94,-0.032,-0.21,0,-0.03,0.032,107,502,0,0.98,0,0,0,0,0.6,0.03,,,0,0,-1,,0.12,-0.01,,,0,0,1,22,0,2,1,1,1,1,2086,0.098,1826,0.086,30,0.017,120,0.007,12,0.003,0.0106,-0.0016,-0.0039,56,0.031,21,0.012,2029,0.127,1805,0.113,764,0.198,715,0.186,0.13,0.25,0.18,2.6,0.41,0.03,0,0,0.94,0.94,Uncertain
"Trempealeau County, WI",55121,Non-core,,,WI,5,29649,,0.005,0,0,0,0,0,0,0,1,3.4,-1,0,0,4,13,1,3.4,3664,12358,47,159,0,32,LowBurden,,Low,Moderate,0,161,543,0,1,-0.005,-0.21,0,0,0.005,205,691,0,1,2,7,2,7,0.75,0.03,,,0,0,,1.07,0.18,0.03,,,0,0,2,27,0,9,1,1,1,1,15173,0.512,13715,0.463,41,0.016,153,0.007,11,,-0.0425,-0.0027,0,544,0.218,196,0.079,14629,0.659,13519,0.609,5514,0.999,5368,0.982,0.08,0.09,0.18,2.4,0,0.09,0,0.01,0.28,0.14,Uncertain
"Comerío Municipio, PR",72045,,"San Juan-Bayamón-Caguas, PR",Metropolitan,PR,2,,,,,0,0,0,0,0,0,0,0,-1,,0,1,5,0,0,711,3813,0,0,0,,,,Low,Low,0.029,69,370,,,0.01,-0.44,,,0.019,123,660,,,,,,,,,,,,,,,,,,,,,,,,,,,,,9657,0.518,5916,0.317,92,0.069,640,0.042,70,0.02,-0.1462,0.0188,0.0101,616,0.464,163,0.123,9038,0.591,5753,0.376,2335,0.655,1133,0.318,0.04,0.6,,,,,,,,,
"Lumpkin County, GA",13187,Non-core,,,GA,4,33610,,0.003,0,1,13419,0.399,0,0,0,0,0,-1,,0,9,27,0,0,2999,8923,76,226,0,38,LowBurden,,Low,Moderate,0.008,127,378,0,0.99,-0.006,-0.15,0,0.03,0.013,149,443,0,0.97,3,8,3,8,0.41,0.01,,,0,0,0,0,-0.04,0.01,,,0,0,1,40,0,2,1,1,1,1,1075,0.032,1302,0.039,37,0.018,143,0.005,39,0.007,0.0053,0.0004,0.0035,70,0.034,32,0.015,1005,0.036,1270,0.046,268,0.045,361,0.06,0.12,0.17,0.18,2.6,0.01,0.05,0.01,0.01,0.43,0.43,Uncertain
"Kalawao County, HI",15005,Small metro,,,HI,9,86,,0,0,0,0,0,0,0,0,0,0,,,0,0,0,0,0,0,0,0,0,0,0,LowBurden,,Low,Low,,0,0,,,,,,,,0,0,,,,,,,,,,,,,,,,,,,,,,,,,,,,,,,,,,,,,,,,,,,,,,,,,,,,,,0.03,0.11,0.45,1.3,0,0.01,0,0.08,0.32,0.33,Uncertain
"Unallocated, ID",16000,,,,ID,10,,,,,,,,0,0,,0,,,,0,0,,0,,0,,0,,0,,,,,,0.026,73,,,,-0.002,-0.15,,,0.029,86,,,,,,,,,,,,,,,,,,,,,,,,,,,,,,13548,,13312,,22,,244,,43,,,,,145,,46,,13396,,13266,,3523,,4169,,,,,,,,,,,,
"Delaware County, IA",19055,Non-core,,,IA,7,17011,,0.005,0,0,0,0,0,0,0,0,0,-1,,0,1,6,0,0,2108,12392,41,241,0,53,LowBurden,,Low,Low,0,95,558,0,1,-0.027,-0.15,0,0,0.027,112,658,0,1,1,4,0,0,0.41,0.03,0,0,0,0,,,-0.02,0.03,-0.21,0,0,0,1,25,2,10,1,1,1,1,7378,0.434,6964,0.409,9,0.006,44,0.003,10,0.003,0.0007,-0.0019,-0.0003,72,0.05,28,0.019,7306,0.562,6936,0.534,2872,0.853,2802,0.832,0.03,0.09,0.2,2.4,0.01,0.02,0,0,0.03,0.15,Uncertain
"Lucas County, IA",19117,Non-core,,,IA,7,8600,,0.003,0,0,0,0,0,0,0,0,0,-1,,0,3,35,0,0,779,9058,23,267,0,29,LowBurden,,Low,Moderate,0,48,558,0,1,0,-0.34,0,0,0,73,849,0,1,0,0,0,0,0.32,0,,,0,0,,,0.02,0,,,0,0,1,14,0,10,1,1,1,1,3214,0.374,2960,0.344,2,0.003,26,0.004,6,0.003,-0.0107,0,0.0021,70,0.107,12,0.018,3144,0.473,2948,0.444,1334,0.694,1296,0.674,0.04,0.12,0.22,2.3,0,0.02,0,0,0.28,0.38,Uncertain
"Franklin city, VA",51620,Non-core,"Virginia Beach-Norfolk-Newport News, VA-NC",Metropolitan,VA,3,7967,0.005,0.001,0,0,0,0,0,0,0,0,0,-1,,0,2,25,0,0,1134,14234,32,402,0,46,LowBurden,,Low,Moderate,0.021,112,1406,1,0.97,-0.003,-0.27,0,-0.02,0.024,154,1933,1,0.99,0,0,1,3,0.63,0,0.19,0,0.1,0,,0.06,0.07,0,0.07,0,0.04,0,1,31,8,7,1,1,1,1,,,,,,,,,,,,,,,,,,,,,,,,,,0.09,0.16,0.19,2.3,0.57,0.03,0,0.01,0.72,0.64,Uncertain
"Unallocated, WY",56000,,,,WY,8,,,,,,,,0,0,,1,,,,0,0,,0,,0,,1,,0,,,,,,0.028,180,,,,0.017,-0.28,,,0.012,249,,,,,,,,,,,,,,,,,,,,,,,,,,,,,,7588,,7193,,13,,249,,55,,,,,156,,59,,7431,,7134,,2119,,2125,,,,,,,,,,,,
"Keokuk County, IA",19107,Non-core,,,IA,7,10246,,0.003,0,0,0,0,0,0,0,0,0,,,0,0,0,0,0,962,9389,31,303,0,16,LowBurden,,Low,Low,0,49,478,1,1,-0.018,-0.22,1,0.07,0.018,63,615,0,0.93,0,0,0,0,0.28,0,,,,,,,-0.09,0,,,,,1,14,0,0,1,1,1,1,3942,0.385,3644,0.356,2,0.002,25,0.003,2,0.001,-0.0036,-0.0028,0,49,0.06,20,0.024,3893,0.494,3624,0.46,1741,0.771,1682,0.745,0.04,0.1,0.22,2.3,0.01,0.02,0,0,0.04,0.18,Uncertain
"Manassas city, VA",51683,Large fringe metro,"Washington-Arlington-Alexandria, DC-VA-MD-WV",Metropolitan,VA,3,41085,0.007,0.005,0,0,0,0,0,0,0,0,0,-1,,0,5,12,0,0,4311,10493,47,114,0,53,LowBurden,,Low,Moderate,0.008,354,862,1,0.96,-0.022,-0.07,0,-0.02,0.031,380,925,1,0.98,3,2,0,0,0.59,0.02,0.33,0.05,0.12,0.02,-0.67,-1,0.01,-0.01,-0.08,0,-0.02,-0.01,1,138,22,40,1,1,1,1,1008,0.025,870,0.021,6,0.002,35,0.001,3,0.001,0.0015,-0.0002,0.0002,33,0.01,18,0.005,975,0.032,852,0.028,194,0.044,179,0.04,0.16,0.09,0.11,3.2,0.14,0.38,0,0.06,0.44,0.18,Uncertain
"Ida County, IA",19093,Non-core,,,IA,7,6860,,0.002,0,0,0,0,0,0,0,0,0,-1,,0,6,87,0,0,914,13324,35,510,0,1,LowBurden,,Low,High,0.03,29,423,0,1,-0.073,0,0,0,0.103,29,423,0,1,0,0,0,0,0.23,0,,,0,0,,-1,-0.12,0,,,0,0,1,12,0,1,1,1,1,1,2726,0.397,2561,0.373,,,22,0.004,2,0.001,-0.0157,-0.0019,-0.0013,26,0.045,11,0.019,2700,0.522,2550,0.493,1163,0.77,1104,0.731,0.03,0.1,0.22,2.3,0,0.03,0,0.01,0.09,0.5,Uncertain
"Quitman County, GA",13239,Non-core,"Eufaula, AL-GA",Micropolitan,GA,4,2299,0.085,0,0,0,0,0,0,0,0,0,0,,,0,0,0,0,0,168,7308,2,87,0,93,LowBurden,,Low,Low,0,6,261,0,0.8,0,,-1,0.13,0,0,0,1,0.67,,,,,,,,,,,,,,,,,,,,,,,,,,,206,0.09,162,0.07,,,3,0.002,2,0.003,0,-0.0048,-0.0014,1,0.007,,,205,0.11,162,0.087,124,0.176,108,0.153,0.22,0.23,0.31,2.4,0.48,0.02,0,0,0.94,1,Uncertain
"Iowa County, IA",19095,Non-core,,,IA,7,16184,,0.005,0,0,0,0,0,0,0,0,0,-1,,0,4,25,0,0,1497,9250,24,148,0,34,LowBurden,,Low,Moderate,0,88,544,0,1,-0.038,-0.17,0,0,0.038,106,655,0,1,0,0,0,0,0.52,0,,,0,0,,,-0.1,0,,,0,0,1,12,0,4,1,1,1,1,8385,0.518,7666,0.474,45,0.035,51,0.004,10,0.003,0.0124,-0.0041,-0.0013,274,0.212,103,0.08,8111,0.653,7563,0.609,2846,0.91,2750,0.88,0.06,0.08,0.19,2.3,0.01,0.03,0,0.01,0.03,0.23,Uncertain
"Pierce County, GA",13229,Micropolitan,"Waycross, GA",Micropolitan,GA,4,19465,0.353,0.002,0,0,0,0,0,0,0,1,5.1,-1,,0,3,15,0,0,2493,12808,56,288,0,34,LowBurden,,Low,Moderate,0.015,89,457,0,0.99,-0.028,-0.46,0,0.07,0.043,166,853,0,0.91,,,,,,,,,,,,,,,,,,,,,,,,,,,3700,0.19,3176,0.163,21,0.013,82,0.006,17,0.005,0.0096,0.0014,0.0003,40,0.024,15,0.009,3660,0.249,3161,0.215,1703,0.502,1536,0.452,0.16,0.22,0.17,2.7,0.09,0.05,0,0.01,0.66,0.75,Uncertain
"Schley County, GA",13249,Micropolitan,"Americus, GA",Micropolitan,GA,4,5257,0.151,0,0,0,0,0,0,0,0,1,19,,,0,0,0,0,0,350,6658,5,95,0,53,LowBurden,,Low,Low,0,7,133,0,0.93,0,-0.42,0,0.18,0,12,228,0,0.75,,,,,,,,,,,,,,,,,,,,,,,,,,,325,0.062,461,0.088,2,0.004,14,0.003,1,0.001,0.0038,0.0005,0.0011,11,0.021,7,0.013,314,0.078,454,0.113,67,0.071,91,0.097,0.17,0.21,0.18,2.8,0.2,0.06,0,0.01,0.82,0.69,Uncertain
"Talbot County, GA",13263,Non-core,"Columbus, GA-AL",Metropolitan,GA,4,6195,0.019,0.001,0,0,0,0,0,0,0,0,0,-1,,0,4,65,0,0,493,7958,18,291,0,6,LowBurden,,Low,Substantial,0,20,323,0,0.9,-0.045,-0.33,0,-0.05,0.045,30,484,0,0.95,,,,,,,,,,,,,,,,,,,,,,,,,,,1319,0.213,1149,0.185,4,0.011,35,0.007,4,0.003,0.0057,-0.0002,-0.0006,24,0.069,18,0.052,1295,0.25,1131,0.218,574,0.364,530,0.336,0.16,0.19,0.25,2.3,0.54,0.03,0.01,0,0.86,0.96,Uncertain
"Jones County, IA",19105,Medium metro,"Cedar Rapids, IA",Metropolitan,IA,7,20681,0.076,0.007,0,0,0,0,0,0,0,0,0,-1,,0,8,39,0,0,3008,14545,57,276,0,21,LowBurden,,Low,Moderate,0.007,126,609,0,0.99,-0.072,-0.34,0,-0.01,0.079,192,928,0,1,0,0,0,0,0.39,0.04,,,0.14,0,-1,,0.12,0.03,,,-0.04,0,1,22,0,4,1,1,1,1,10186,0.493,9392,0.454,28,0.017,48,0.003,2,0,-0.0012,-0.0039,-0.0023,315,0.194,104,0.064,9871,0.605,9288,0.569,3680,0.841,3580,0.818,0.04,0.1,0.21,2.4,0.03,0.02,0,0.01,0.19,0.34,Uncertain
"Jefferson County, IA",19101,Micropolitan,"Fairfield, IA",Micropolitan,IA,7,18295,1,0.006,0,0,910,0.05,0,0,0,0,0,-1,,0,2,11,0,0,1333,7286,35,191,0,15,LowBurden,,Low,Moderate,0.011,186,1017,0,0.98,-0.016,0.01,-1,0.14,0.027,184,1006,1,0.84,1,4,1,4,0.64,0.01,0.14,0,0,0,0,-0.5,-0.03,-0.01,0.14,0,0,0,1,25,2,5,1,1,1,1,7287,0.398,6552,0.358,9,0.009,64,0.004,15,0.003,-0.0124,-0.0028,0.0012,160,0.165,79,0.082,7127,0.461,6473,0.418,3046,0.702,2867,0.661,0.05,0.14,0.24,2.5,0.02,0.03,0,0.11,0.49,0.72,Uncertain
"Taliaferro County, GA",13265,Non-core,,,GA,4,1537,,0,0,0,0,0,0,0,0,0,0,-1,,0,1,65,0,0,124,8068,3,195,0,81,LowBurden,,Low,Substantial,0,6,390,0,1,0,0.5,0,0.11,0,4,260,0,0.89,,,,,,,,,,,,,,,,,,,,,,,,,,,168,0.109,130,0.085,,,8,0.006,1,0.002,-0.026,0.0023,0.0023,4,0.052,1,0.013,164,0.128,129,0.101,75,0.174,65,0.151,0.13,0.28,0.28,2.7,0.54,0.04,0,0.01,0.91,0.99,Uncertain
"Greene County, IA",19073,Non-core,,,IA,7,8888,,0.003,0,0,0,0,0,0,0,1,11.3,-1,,0,2,23,0,0,780,8776,11,124,0,57,LowBurden,,Low,Moderate,0,33,371,0,0.93,-0.036,-0.5,-1,-0.07,0.036,66,743,1,1,0,0,0,0,0.12,0,,,0.06,0,,,0,0,,,0,0,1,15,0,5,1,1,1,1,4248,0.478,3780,0.425,3,0.004,26,0.004,3,0.001,-0.0171,-0.005,0,137,0.195,41,0.058,4111,0.6,3739,0.546,1795,0.896,1653,0.825,0.04,0.09,0.23,2.3,0,0.03,0,0.01,0.2,0.06,Uncertain
"Hopewell city, VA",51670,Large fringe metro,"Richmond, VA",Metropolitan,VA,3,22529,0.017,0.003,0,0,0,0,0,0,0,0,0,-1,-1,0,19,84,2,8.9,2625,11652,77,342,0,47,LowBurden,,Low,Substantial,0.003,311,1380,1,0.99,-0.077,-0.14,0,0.01,0.081,361,1602,1,0.98,1,1,3,2,0.72,0.01,0.78,0.08,0.11,0.03,,0.5,-0.06,-0.01,-0.16,-0.01,-0.03,0,1,124,11,34,1,1,1,1,,,,,,,,,,,,,,,,,,,,,,,,,,0.1,0.21,0.16,2.4,0.42,0.08,0.01,0.01,0.94,0.83,Uncertain
"Clinch County, GA",13065,Non-core,,,GA,4,6618,,0.001,0,0,0,0,0,0,0,0,0,-1,-1,0,1,15,1,15.1,986,14899,27,408,0,23,LowBurden,,Low,Moderate,0,27,408,0,0.83,-0.034,0,0,-0.1,0.034,27,408,0,0.93,0,0,0,0,0.77,0,,,0.26,0,,,0.05,0,,,0.01,0,1,18,0,19,1,1,1,1,1615,0.244,1324,0.2,10,0.018,36,0.007,8,0.007,0.018,0.0034,0.0054,14,0.025,6,0.011,1601,0.323,1318,0.266,642,0.578,561,0.505,0.21,0.39,0.17,2.5,0.27,0.06,0.01,0,0.98,0.99,Uncertain
"Adams County, ID",16003,Non-core,,,ID,10,4294,,0.002,0,0,0,0,0,0,0,0,0,,,0,0,0,0,0,341,7941,4,93,0,35,LowBurden,,Low,Low,0,21,489,0,1,0,-0.09,0,0,0,23,536,0,1,,,,,,,,,,,,,,,,,,,,,,,,,,,1477,0.344,1321,0.308,,,10,0.003,2,0.002,,-0.0006,-0.0016,,,,,1477,0.416,1321,0.372,825,0.643,756,0.589,0.17,0.11,0.3,2.4,0,0.04,0.01,0.01,0.29,0.27,Uncertain
"Madison County, VA",51113,Non-core,"Washington-Arlington-Alexandria, DC-VA-MD-WV",Metropolitan,VA,3,13261,0.002,0.002,0,0,0,0,0,0,0,0,0,,,0,0,0,0,0,594,4479,16,121,0,45,LowBurden,,Low,Low,0,77,581,1,1,-0.034,-0.16,0,0.01,0.034,92,694,1,0.99,,,,,,,,,,,,,,,,,,,,,,,,,,,5404,0.408,4664,0.352,23,0.023,61,0.006,9,0.003,0.0051,-0.0007,-0.0007,234,0.237,110,0.111,5162,0.487,4554,0.43,1973,0.65,1796,0.592,0.13,0.08,0.23,2.5,0.09,0.03,0,0.01,0.16,0.45,Uncertain
"Bear Lake County, ID",16007,Non-core,,,ID,10,6125,,0.003,0,0,0,0,0,0,0,0,0,-1,,0,2,33,0,0,391,6384,2,33,0,6,LowBurden,,Low,Moderate,0,30,490,1,1,0,0.36,1,0,0,22,359,0,1,0,0,0,0,0.39,0,1,0,0,0,-1,,-0.1,-0.03,0.21,0,0,0,1,18,2,8,1,1,1,1,2138,0.349,1943,0.317,,,8,0.002,3,0.002,0,-0.0042,-0.0024,1,0.002,1,0.002,2137,0.477,1942,0.434,1091,0.862,1008,0.797,0.06,0.17,0.21,2.5,0,0.04,0.01,0,0.21,0.1,Uncertain
"Palo Alto County, IA",19147,Non-core,,,IA,7,8886,,0.003,0,0,0,0,0,0,0,0,0,-1,,0,1,11,0,0,1135,12773,23,259,0,14,LowBurden,,Low,Moderate,0,35,394,0,1,-0.043,-0.36,0,0,0.043,55,619,0,1,0,0,0,0,0.22,0,,,0,0,,,-0.14,0,,,0,0,1,30,0,7,1,1,1,1,3757,0.423,3504,0.394,1,0.001,24,0.004,5,0.003,-0.0096,-0.0019,-0.0051,64,0.087,36,0.049,3693,0.541,3468,0.508,1596,0.812,1534,0.781,0.05,0.07,0.22,2.3,0.02,0.03,0,0.01,0.17,0.19,Uncertain
"Warren County, IN",18171,Non-core,"Lafayette-West Lafayette, IN",Metropolitan,IN,5,8265,0.035,0.001,0,0,0,0,0,0,0,0,0,-1,,0,2,24,0,0,830,10042,15,181,0,20,LowBurden,,Low,Substantial,0,48,581,1,1,-0.08,0.07,0,0,0.08,45,544,1,1,0,0,0,0,0.45,0,,,0,0,-1,,0.08,-0.04,,,0,0,1,17,0,3,1,1,1,1,2974,0.36,2610,0.316,4,0.006,30,0.005,4,0.002,-0.0079,-0.0026,-0.0047,96,0.153,35,0.056,2878,0.448,2575,0.401,1191,0.7,1136,0.668,0.04,0.1,0.21,2.4,0,0.02,0,0.01,0.08,0.22,Uncertain
"Union County, IN",18161,Large fringe metro,"Cincinnati, OH-KY-IN",Metropolitan,IN,5,7054,0.003,0.001,0,0,0,0,0,0,0,0,0,-1,,0,5,71,0,0,727,10306,10,142,0,5,LowBurden,,Low,High,0,39,553,1,0.91,-0.182,-0.43,0,-0.04,0.182,69,978,1,0.95,,,,,,,,,,,,,,,,,,,,,,,,,,,2504,0.355,2257,0.32,10,0.018,25,0.004,4,0.003,0.0092,-0.0007,0,60,0.11,27,0.049,2444,0.437,2230,0.399,1098,0.79,1051,0.756,0.09,0.09,0.2,2.5,0.01,0.02,0,0,0.17,0.41,Uncertain
"Pocahontas County, IA",19151,Non-core,,,IA,7,6619,,0.002,0,0,0,0,0,0,0,0,0,,,0,0,0,0,0,858,12963,22,332,0,34,LowBurden,,Low,Low,0,15,227,0,1,0,-0.61,0,0,0,38,574,0,1,0,0,0,0,0.26,0,,,0,0,,,0,0,,,0,0,1,12,0,3,1,1,1,1,2871,0.434,2647,0.4,3,0.006,21,0.004,2,0.001,0,-0.0018,-0.0013,26,0.05,13,0.025,2845,0.554,2634,0.513,1324,0.854,1256,0.81,0.05,0.12,0.23,2.1,0.01,0.04,0,0.01,0.15,0.33,Uncertain
"Hamilton County, IL",17065,Non-core,,,IL,5,8116,,0.001,0,0,0,0,0,0,0,0,0,-1,,0,1,12,0,0,839,10338,15,185,0,14,LowBurden,,Low,Moderate,0,73,899,0,1,0,-0.15,-1,0.01,0,86,1060,1,0.99,0,0,0,0,0.3,0,,,0,0,,,-0.07,0,,,0,0,1,25,0,2,1,1,1,1,2401,0.296,2003,0.247,,,17,0.003,2,0.001,-0.0059,-0.003,-0.0011,15,0.022,9,0.013,2378,0.375,1990,0.314,1148,0.632,990,0.545,0.06,0.09,0.22,2.4,0.01,0.02,0,0,0.15,0.52,Uncertain
"Ringgold County, IA",19159,Non-core,,,IA,7,4894,,0.002,0,0,0,0,0,0,0,0,0,,,0,0,0,0,0,559,11422,24,490,0,22,LowBurden,,Low,Low,0,13,266,0,1,0,-0.59,0,0,0,32,654,0,1,0,0,6,38,0.17,0,,,0,0,,,0.02,0,,,0,0,1,16,0,2,1,1,1,1,2095,0.428,1958,0.4,4,0.009,10,0.003,2,0.002,0,-0.0019,-0.0008,39,0.091,5,0.012,2056,0.544,1953,0.517,969,0.798,942,0.776,0.06,0.1,0.25,2.4,0.01,0.03,0,0,0.13,0.33,Uncertain
"Sac County, IA",19161,Non-core,,,IA,7,9721,,0.003,0,0,0,0,0,0,0,1,10.3,-1,,0,2,21,0,0,1308,13455,20,206,0,40,LowBurden,,Low,Moderate,0,33,339,0,1,-0.021,-0.76,0,0,0.021,136,1399,0,1,0,0,0,0,0.21,0,,,0,0,,,0.04,0,,,0,0,1,15,0,3,1,1,1,1,4189,0.431,3975,0.409,2,0.003,16,0.002,2,0.001,-0.0051,-0.0021,-0.0004,47,0.06,24,0.031,4141,0.551,3950,0.526,1862,0.802,1806,0.778,0.05,0.11,0.24,2.2,0,0.04,0,0,0.07,0.28,Uncertain
"Shelby County, IA",19165,Non-core,,,IA,7,11454,,0.004,0,0,0,0,0,0,0,0,0,,,0,0,0,0,0,1311,11446,37,323,0,45,LowBurden,,Low,Low,0,25,218,0,1,-0.03,-0.51,0,0,0.03,51,445,0,1,0,0,0,0,0.37,0,0,0,0,0,,,0,0,-0.14,0,0,0,1,25,1,3,1,1,1,1,5641,0.492,5328,0.465,17,0.018,21,0.002,2,0.001,0.0052,-0.0019,-0.0011,128,0.133,67,0.07,5513,0.621,5261,0.592,2248,0.85,2208,0.835,0.05,0.09,0.23,2.3,0.01,0.03,0,0.01,0.13,0.49,Uncertain
"Northumberland County, VA",51133,Non-core,,,VA,3,12095,,0.001,0,0,0,0,0,0,0,0,0,,,0,0,0,0,0,745,6160,20,165,0,43,LowBurden,,Low,Low,0.008,68,562,1,0.98,0.008,-0.39,0,-0.03,0,112,926,1,1,,,,,,,,,,,,,,,,,,,,,,,,,,,2747,0.227,2473,0.204,10,0.016,22,0.002,4,0.001,0.0032,-0.0015,-0.0009,39,0.062,13,0.021,2706,0.262,2460,0.238,1525,0.336,1458,0.321,0.11,0.14,0.38,2.2,0.25,0.04,0,0,0.12,0.5,Uncertain
"Northampton County, VA",51131,Non-core,,,VA,3,11710,,0.001,0,0,0,0,0,0,0,0,0,,,0,0,0,0,0,807,6892,36,307,0,29,LowBurden,,Low,Low,0,75,640,1,0.98,-0.024,-0.04,0,0.01,0.024,78,666,1,0.98,,,,,,,,,,,,,,,,,,,,,,,,,,,5481,0.468,4839,0.413,42,0.054,73,0.008,15,0.005,0.032,0,0.0025,156,0.199,55,0.07,5316,0.565,4782,0.508,2259,0.714,2130,0.673,0.13,0.19,0.27,2.3,0.33,0.09,0,0.01,0.68,0.8,Uncertain
"Unallocated, WI",55000,,,,WI,5,,,,,,,,0,0,,0,,,,0,0,,0,,0,,0,,0,,,,,,0.014,551,,,,0.003,-0.3,,,0.01,788,,,,,,,,,,,,,,,,,,,,,,,,,,,,,,93732,,78680,,153,,1436,,237,,,,,2096,,859,,91497,,77810,,19735,,18100,,,,,,,,,,,,
"Nelson County, VA",51125,Small metro,"Charlottesville, VA",Metropolitan,VA,3,14930,0.068,0.002,0,0,0,0,0,0,0,0,0,,,0,0,0,0,0,893,5981,13,87,0,22,LowBurden,,Low,Low,0.017,101,676,0,0.99,0.006,0.06,0,0,0.011,95,636,0,0.99,,,,,,,,,,,,,,,,,,,,,,,,,,,3473,0.233,3001,0.201,8,0.008,30,0.002,5,0.001,-0.0041,-0.0021,-0.0026,69,0.07,38,0.039,3396,0.277,2963,0.242,1676,0.399,1517,0.361,0.11,0.12,0.28,2.3,0.11,0.04,0,0.01,0.3,0.68,Uncertain
"Jersey County, IL",17083,Large fringe metro,"St. Louis, MO-IL",Metropolitan,IL,5,21773,0.008,0.002,0,0,430,0.02,0,0,0,2,9.2,-1,,0,6,28,0,0,2709,12442,52,239,0,34,LowBurden,,Low,Moderate,0.017,109,501,0,1,0.002,-0.29,0,0,0.015,153,703,0,1,6,19,0,0,0.34,0.02,0.32,0.18,0,0,5,,0.07,0.02,0.11,0.14,0,0,1,31,4,9,1,1,1,1,9714,0.446,8204,0.377,13,0.008,94,0.005,16,0.004,-0.009,-0.0051,-0.0021,274,0.165,135,0.081,9425,0.544,8067,0.466,3769,0.873,3320,0.769,0.05,0.09,0.2,2.4,0.01,0.01,0,0.01,0.1,0.19,Uncertain
"Montgomery County, VA",51121,Small metro,"Blacksburg-Christiansburg, VA",Metropolitan,VA,3,98535,0.588,0.012,0,1,31972,0.324,0,0,0,0,0,-1,,0,15,15,0,0,9412,9552,96,97,0,89,LowBurden,,Low,Moderate,0.01,578,587,1,0.99,-0.028,-0.2,0,0.01,0.038,721,732,1,0.98,10,4,54,23,0.7,0.04,0.89,0.07,0.08,0.02,9,0.35,0.04,0,0.04,-0.04,0.01,0.02,2,231,22,27,1,1,1,1,25697,0.261,21144,0.215,110,0.022,216,0.003,16,0.001,-0.0052,-0.0015,-0.0005,1185,0.237,591,0.118,24447,0.293,20537,0.246,4991,0.383,4343,0.333,0.06,0.24,0.13,2.5,0.04,0.03,0,0.06,0.3,0.3,Uncertain
"Middlesex County, VA",51119,Non-core,,,VA,3,10582,,0.001,0,0,0,0,0,0,0,0,0,-1,,0,4,38,0,0,573,5415,20,189,0,45,LowBurden,,Low,Moderate,0,62,586,1,0.96,-0.053,-0.13,1,-0.04,0.053,71,671,0,1,,,,,,,,,,,,,,,,,,,,,,,,,,,5115,0.483,4542,0.429,11,0.019,78,0.009,16,0.005,-0.0034,0.0026,0.0018,97,0.166,47,0.08,5017,0.564,4495,0.506,2507,0.74,2343,0.692,0.09,0.08,0.32,2.3,0.16,0.03,0,0,0.2,0.5,Uncertain
"Baker County, GA",13007,Small metro,,,GA,4,3038,,0,0,0,0,0,0,0,0,0,0,,,0,0,0,0,0,230,7571,9,296,0,95,LowBurden,,Low,Low,0,14,461,0,0.73,0,0.08,0,0.23,0,13,428,0,0.5,,,,,,,,,,,,,,,,,,,,,,,,,,,764,0.251,649,0.214,2,0.01,10,0.004,3,0.004,0.0099,-0.0008,0.0028,9,0.045,3,0.015,755,0.309,646,0.264,292,0.406,276,0.384,0.14,0.21,0.24,2.3,0.43,0.06,0,0.01,0.74,0.96,Uncertain
"Mathews County, VA",51115,Large fringe metro,"Virginia Beach-Norfolk-Newport News, VA-NC",Metropolitan,VA,3,8834,0.005,0.001,0,0,0,0,0,0,0,0,0,-1,,0,1,11,0,0,599,6781,12,136,0,48,LowBurden,,Low,Moderate,0,23,260,1,0.95,0,-0.36,1,-0.05,0,36,408,0,1,,,,,,,,,,,,,,,,,,,,,,,,,,,3973,0.45,3563,0.403,12,0.024,39,0.005,6,0.002,0,0.0001,0.0011,65,0.131,26,0.053,3902,0.523,3536,0.474,1972,0.708,1875,0.673,0.1,0.11,0.32,2.2,0.08,0.03,0,0.01,0.02,0.2,Uncertain
"Humboldt County, IA",19091,Non-core,,,IA,7,9558,,0.003,0,0,0,0,0,0,0,0,0,,,0,0,0,0,0,1194,12492,26,272,0,14,LowBurden,,Low,Low,0,38,398,0,1,0,-0.49,0,0,0,74,774,0,1,0,0,0,0,0.35,0,,,0.19,0,,,-0.22,0,,,0,0,1,11,0,3,1,1,1,1,3928,0.411,3629,0.38,3,0.004,30,0.004,3,0.001,-0.0025,-0.0027,-0.0014,63,0.078,33,0.041,3865,0.528,3596,0.491,1585,0.749,1517,0.717,0.04,0.12,0.22,2.2,0.01,0.05,0,0,0.14,0.26,Uncertain
"Adams County, IA",19003,Non-core,,,IA,7,3602,,0.001,0,0,0,0,0,0,0,0,0,-1,,0,3,83,0,0,344,9550,4,111,0,7,LowBurden,,Low,High,0,18,500,0,1,-0.2,-0.14,0,0,0.2,21,583,0,1,0,0,0,0,0.2,0,,,0,0,,,0.08,0,,,0,0,1,14,0,4,1,1,1,1,1597,0.443,1478,0.41,1,0.004,11,0.004,1,0.001,0,-0.0025,-0.0059,26,0.1,11,0.042,1571,0.552,1467,0.515,654,0.768,637,0.748,0.06,0.11,0.24,2.2,0,0.01,0,0.01,0.04,0.08,Uncertain
"Scott County, VA",51169,Medium metro,"Kingsport-Bristol, TN-VA",Metropolitan,VA,3,21566,0.07,0.003,0,0,0,0,0,0,0,0,0,-1,-1,0,5,23,1,4.6,1857,8611,59,274,0,49,LowBurden,,Low,Moderate,0.04,96,445,0,1,-0.022,-0.27,0,0.03,0.062,131,607,0,0.97,,,,,,,,,,,,,,,,,,,,,,,,,,,6853,0.318,5784,0.268,9,0.006,74,0.004,27,0.005,-0.0021,-0.0021,-0.0011,116,0.082,74,0.053,6735,0.38,5709,0.322,2966,0.552,2603,0.485,0.11,0.19,0.25,2.4,0.01,0.01,0,0,0.68,0.7,Uncertain
"Clark County, ID",16033,Non-core,,,ID,10,845,,0,0,0,0,0,0,0,0,0,0,,,0,0,0,0,0,59,6982,0,0,0,199,LowBurden,,Low,Low,,1,118,,,,-0.5,,,0,2,237,2,0.5,,,,,,,,,,,,,,,,,,,,,,,,,,,246,0.291,208,0.246,,,4,0.006,,,,0.003,0,,,,,246,0.373,208,0.316,70,0.427,65,0.396,0.27,0.2,0.19,3.5,0.01,0.44,0.01,0.01,0.89,0.98,Uncertain
"Price County, WI",55099,Non-core,,,WI,5,13351,,0.002,0,0,0,0,0,0,0,0,0,-1,,0,3,22,0,0,1346,10082,7,52,0,39,LowBurden,,Low,Moderate,0,121,906,2,1,-0.009,0.2,0,0,0.009,101,756,2,1,0,0,0,0,0.44,0,,,0,0,-1,,0.12,-0.02,,,0,0,1,13,0,5,1,1,1,1,6514,0.488,5986,0.448,12,0.013,47,0.004,6,0.002,-0.0205,-0.0067,-0.0062,146,0.157,59,0.064,6368,0.581,5927,0.541,3028,0.857,2901,0.821,0.06,0.12,0.26,2,0.01,0.02,0.01,0.01,0.16,0.09,Uncertain
"Pepin County, WI",55091,Non-core,,,WI,5,7287,,0.001,0,0,0,0,0,0,0,0,0,-1,,0,1,14,0,0,890,12214,7,96,0,33,LowBurden,,Low,Moderate,0,34,467,1,1,0,0.1,1,0,0,31,425,0,1,0,0,0,0,0.07,0,,,0,0,,,0,0,,,0,0,1,25,0,1,1,1,1,1,3009,0.413,2775,0.381,6,0.012,6,0.001,,,0.0019,-0.0049,-0.0023,130,0.252,53,0.103,2879,0.499,2722,0.472,1295,0.756,1267,0.739,0.09,0.13,0.24,2.3,0,0.02,0,0,0.1,0.14,Uncertain
"Mitchell County, IA",19131,Non-core,,,IA,7,10586,,0.003,0,0,0,0,0,0,0,0,0,,,0,0,0,0,0,1265,11950,42,397,0,16,LowBurden,,Low,Low,0,81,765,0,1,-0.025,0.09,0,0,0.025,74,699,0,1,1,4,0,0,0.26,0.01,,,0.07,0,,,-0.01,0.01,,,-0.07,0,1,23,0,2,1,1,1,1,4220,0.399,3965,0.375,17,0.019,32,0.004,4,0.002,0.0189,0.0025,0.0009,77,0.086,27,0.03,4143,0.513,3938,0.488,1760,0.777,1708,0.754,0.08,0.09,0.21,2.4,0.01,0.02,0,0,0.09,0.29,Uncertain
"Johnson County, GA",13167,Micropolitan,"Dublin, GA",Micropolitan,GA,4,9643,0.15,0.001,0,0,0,0,0,0,0,0,0,-1,-1,0,2,21,1,10.4,1121,11625,50,519,0,34,LowBurden,,Low,Moderate,0,20,207,0,1,-0.04,-0.17,0,0.04,0.04,24,249,0,0.96,,,,,,,,,,,,,,,,,,,,,,,,,,,740,0.077,505,0.052,4,0.006,37,0.005,7,0.004,0.0046,-0.0008,0.0028,6,0.009,3,0.005,734,0.094,502,0.064,233,0.13,152,0.085,0.15,0.23,0.19,2.8,0.34,0.03,0,0,0.91,0.97,Uncertain
"Camas County, ID",16025,Micropolitan,"Hailey, ID",Micropolitan,ID,10,1106,0.046,0.001,0,0,0,0,0,0,0,0,0,,,0,0,0,0,0,72,6510,0,0,0,124,LowBurden,,Low,Low,0,11,995,1,1,0,0.22,0,0,0,9,814,1,1,,,,,,,,,,,,,,,,,,,,,,,,,,,342,0.309,324,0.293,,,3,0.003,,,,0.0012,0,,,,,342,0.397,324,0.376,150,0.556,144,0.533,0.13,0.23,0.24,2.5,0,0.06,0.01,0,0.13,0.07,Uncertain
"Oneida County, WI",55085,Non-core,,,WI,5,35595,,0.006,0,0,0,0,0,0,0,0,0,-1,,0,3,8,0,0,3812,10709,77,216,0,39,LowBurden,,Low,Low,0,298,837,1,1,-0.017,-0.39,0,0,0.017,491,1379,1,1,4,4,1,1,0.63,0.01,0.48,0.04,0.01,0,,,0.03,0,-0.01,-0.02,0.01,0,3,92,16,18,1,1,1,1,19312,0.543,17841,0.501,38,0.018,145,0.005,31,0.003,-0.0024,-0.0027,-0.0013,362,0.172,169,0.08,18949,0.642,17672,0.599,8760,0.922,8455,0.89,0.05,0.09,0.27,2.3,0.01,0.02,0.01,0.01,0.01,0.01,Uncertain
"Clay County, GA",13061,Non-core,,,GA,4,2834,,0,0,0,0,0,0,0,0,0,0,,,0,0,0,0,0,237,8363,3,106,0,62,LowBurden,,Low,Low,0,7,247,0,0.78,0,1.33,0,-0.22,0,3,106,0,1,,,,,,,,,,,,,,,,,,,,,,,,,,,573,0.202,445,0.157,3,0.015,25,0.011,9,0.012,0,0.0044,0.0026,7,0.036,1,0.005,566,0.247,444,0.194,308,0.397,264,0.341,0.24,0.41,0.27,2.4,0.6,0.02,0,0.01,0.93,1,Uncertain
"Menominee County, WI",55078,Micropolitan,"Shawano, WI",Micropolitan,WI,5,4556,0.1,0.001,0,0,0,0,0,0,0,0,0,-1,,0,2,44,0,0,814,17867,11,241,0,24,LowBurden,,Low,Moderate,0,84,1844,0,1,-0.026,0.11,0,0,0.026,76,1668,0,1,,,,,,,,,,,,,,,,,,,,,,,,,,,2307,0.506,2036,0.447,8,0.017,6,0.002,,,-0.0945,-0.0102,-0.0031,170,0.357,36,0.076,2135,0.702,2000,0.658,593,0.931,588,0.923,0.24,0.33,0.14,3.1,0.01,0.07,0.76,0.02,0.77,0.92,Uncertain
"Shenandoah County, VA",51171,Non-core,,,VA,3,43616,,0.005,0,0,0,0,0,0,0,1,2.3,,0,0,0,0,1,2.3,4339,9948,134,307,0,38,LowBurden,,Low,Low,0.008,288,660,1,0.99,-0.036,-0.31,0,0,0.044,416,954,1,0.99,0,0,4,16,0.7,0,,,0,0,,0,-0.16,-0.01,,,0,0,1,25,0,5,1,1,1,1,12996,0.298,10867,0.249,37,0.012,163,0.005,32,0.003,-0.0025,-0.0014,-0.0002,365,0.114,150,0.047,12615,0.366,10716,0.311,5413,0.559,4729,0.488,0.09,0.11,0.22,2.5,0.03,0.07,0,0.01,0.36,0.6,Uncertain
"Jenkins County, GA",13165,Non-core,,,GA,4,8676,,0.001,0,0,0,0,0,0,0,0,0,-1,,0,2,23,0,0,857,9878,44,507,0,31,LowBurden,,Low,Substantial,0,19,219,0,0.85,-0.095,-0.14,0,0.08,0.095,22,254,0,0.76,0,0,0,0,0,0,,,0,0,-1,,0,0,,,0,0,1,13,0,2,1,1,1,1,1129,0.13,1053,0.121,6,0.01,27,0.004,1,0.001,0.0049,-0.001,-0.0013,10,0.016,3,0.005,1117,0.161,1049,0.151,484,0.321,477,0.317,0.17,0.29,0.17,2.6,0.41,0.06,0,0.01,0.83,0.98,Uncertain
"Lares Municipio, PR",72081,,"Aguadilla-Isabela, PR",Metropolitan,PR,2,,,,,0,0,0,0,0,0,0,0,-1,,0,4,16,0,0,778,3205,0,0,0,,,,Low,Moderate,0,197,812,,,-0.024,-0.2,,,0.024,247,1017,,,0,0,0,0,0,0,,,0,0,,,-0.01,0,,,0,0,1,14,0,2,1,1,1,1,15962,0.658,11575,0.477,145,0.084,385,0.019,46,0.009,-0.1302,-0.0105,-0.0042,859,0.497,154,0.089,15099,0.758,11420,0.573,4390,0.839,3605,0.689,0.06,0.55,,,,,,,,,
"Lemhi County, ID",16059,Non-core,,,ID,10,8027,,0.004,0,0,0,0,0,0,0,0,0,-1,,0,1,12,0,0,532,6628,9,112,0,14,LowBurden,,Low,Moderate,0,41,511,0,0.98,-0.025,0,0,0,0.025,41,511,0,0.98,0,0,0,0,0.25,0,,,0,0,,,0.13,0,,,0,0,1,18,0,25,1,1,1,1,3000,0.374,2711,0.338,,,12,0.002,1,0,,-0.0037,-0.0049,,,,,3000,0.459,2711,0.415,1618,0.658,1516,0.617,0.13,0.13,0.31,2.1,0,0.04,0.01,0,0.3,0.22,Uncertain
"Chickasaw County, IA",19037,Non-core,,,IA,7,11933,,0.004,0,0,0,0,0,0,0,0,0,,,0,0,0,0,0,1244,10425,16,134,0,24,LowBurden,,Low,Low,0.018,60,503,0,0.98,0.018,-0.2,0,0.02,0,75,629,0,0.96,0,0,0,0,0.42,0,,,0,0,,,0.21,0,,,0,0,1,11,0,3,1,1,1,1,5278,0.442,4937,0.414,5,0.005,30,0.003,3,0.001,-0.0062,-0.0011,0.0004,65,0.067,27,0.028,5213,0.57,4910,0.537,2127,0.842,2044,0.81,0.05,0.07,0.21,2.3,0.01,0.03,0,0,0.06,0.47,Uncertain
"Lincoln County, ID",16063,Micropolitan,,,ID,10,5366,,0.003,0,0,0,0,0,0,0,0,0,,,0,0,0,0,0,511,9523,11,205,0,14,LowBurden,,Low,Low,0,47,876,0,1,0,-0.22,-1,0,0,60,1118,1,1,,,,,,,,,,,,,,,,,,,,,,,,,,,1500,0.28,1321,0.246,,,18,0.005,5,0.007,,-0.0041,0.0053,,,,,1500,0.385,1321,0.339,549,0.723,504,0.664,0.22,0.13,0.14,3.1,0,0.31,0.01,0,0.56,0.86,Uncertain
"Power County, ID",16077,Non-core,"Pocatello, ID",Metropolitan,ID,10,7681,0.08,0.004,0,0,0,0,0,0,0,0,0,-1,,0,1,13,0,0,657,8554,9,117,0,65,LowBurden,,Low,Moderate,0,25,325,0,1,0,0.19,0,0,0,21,273,0,1,0,0,0,0,0.23,0,,,,,,,-0.04,0,,,,,1,10,0,0,1,1,1,1,2887,0.376,2643,0.344,,,18,0.003,2,0.002,0,0,0,1,0.001,,,2886,0.541,2643,0.496,946,0.786,915,0.761,0.15,0.1,0.16,3,0,0.35,0.02,0,0.52,0.44,Uncertain
"Unallocated, IL",17000,,,,IL,5,,,,,,,,0,0,,13,,-1,-0.28,0,1,,18,,2,,2409,,0,,,,,,0.006,865,,,,0.003,-0.05,,,0.003,907,,,,,,,,,,,,,,,,,,,,,,,,,,,,,,188242,,129155,,352,,2133,,270,,,,,3948,,922,,184110,,128214,,40592,,30025,,,,,,,,,,,,
"Buckingham County, VA",51029,Small metro,,,VA,3,17148,,0.002,0,0,0,0,0,0,0,1,5.8,-1,,0,7,41,0,0,2140,12480,31,181,0,28,LowBurden,,Low,Moderate,0.01,136,793,1,0.96,-0.024,0.05,0,-0.04,0.034,130,758,1,1,,,,,,,,,,,,,,,,,,,,,,,,,,,1569,0.091,1274,0.074,3,0.003,22,0.002,4,0.001,-0.0188,-0.0003,0,54,0.051,9,0.008,1511,0.107,1265,0.09,647,0.187,563,0.163,0.12,0.17,0.2,2.6,0.33,0.02,0,0,0.79,0.93,Uncertain
"Dillingham Census Area, AK",2070,Non-core,,,AK,10,4916,,0.007,0,0,0,0,0,0,0,0,0,,,0,0,0,0,0,230,4679,2,41,0,44,LowBurden,,Low,Low,0,83,1688,0,1,0,-0.13,0,0,0,95,1932,0,1,0,0,0,0,0.06,0,,,0,0,,,0.01,0,,,0,0,1,12,0,4,1,1,1,1,1998,0.406,1743,0.355,4,0.009,7,0.002,,,-0.0304,-0.0053,-0.0061,163,0.382,77,0.18,1824,0.541,1660,0.492,347,0.702,324,0.656,0.22,0.17,0.1,3.2,0.01,0.04,0.71,0.01,0.87,0.67,Uncertain
"Brunswick County, VA",51025,Non-core,,,VA,3,16231,,0.002,0,0,0,0,0,0,0,1,6.2,-1,,0,3,18,0,0,1327,8176,24,148,0,26,LowBurden,,Low,Moderate,0.01,144,887,1,1,0.004,-0.15,0,0,0.007,170,1047,1,1,,,,,,,,,,,,,,,,,,,,,,,,,,,5391,0.332,3957,0.244,15,0.016,70,0.005,6,0.002,-0.0041,-0.0073,-0.0008,69,0.071,23,0.024,5320,0.392,3934,0.29,1763,0.499,1612,0.456,0.08,0.21,0.22,2.4,0.54,0.02,0,0.01,0.9,0.96,Uncertain
"Furnas County, NE",31065,Non-core,,,NE,7,4676,,0.002,0,0,0,0,0,0,0,0,0,,,0,0,0,0,0,508,10864,5,107,0,122,LowBurden,,Low,Low,0,11,235,0,1,0,0.1,-0.5,0,0,10,214,0.5,1,0,0,0,0,0.19,0,,,0,0,,,-0.06,0,,,0,0,1,20,0,2,1,1,1,1,1030,0.22,1407,0.301,5,0.013,26,0.007,5,0.004,0.0025,0.003,0.0017,21,0.053,6,0.015,1009,0.277,1401,0.385,390,0.329,754,0.636,0.07,0.11,0.25,2.2,0,0.05,0.01,0,0.18,0.19,Uncertain
"Franklin County, NE",31061,Non-core,,,NE,7,2979,,0.002,0,0,0,0,0,0,0,0,0,,,0,0,0,0,0,242,8124,4,134,0,125,LowBurden,,High,Low,0.667,5,168,1,1,0.667,0.67,0,0,0,3,101,1,1,0,0,0,0,0.3,0,0,0,,,,,-0.03,0,0,0,,,1,14,2,0,1,1,1,1,648,0.218,828,0.278,2,0.011,3,0.001,1,0.001,-0.0106,-0.0013,0,18,0.095,4,0.021,630,0.264,824,0.346,227,0.269,395,0.469,0.05,0.14,0.28,2.2,0,0.02,0,0,0.08,0.17,Uncertain
"Pushmataha County, OK",40127,Non-core,,,OK,6,11096,,0.003,0,0,0,0,0,0,0,0,0,,-1,0,0,0,2,18,1010,9102,22,198,0,142,LowBurden,,High,Low,0.125,5,45,0,1,0.125,-0.38,0,0,0,8,72,0,1,0,0,0,0,0.54,0,,,0,0,,,0.01,0,,,0,0,1,14,0,2,1,1,1,1,2738,0.247,2504,0.226,3,0.004,28,0.003,8,0.003,0.0012,0.0017,0.0015,17,0.02,7,0.008,2721,0.314,2497,0.288,1358,0.518,1298,0.495,0.18,0.18,0.24,2.5,0.01,0.04,0.18,0,0.79,0.81,Uncertain
"Roger Mills County, OK",40129,Non-core,,,OK,6,3583,,0.001,0,0,0,0,0,0,0,0,0,-1,,0,1,28,0,0,390,10885,12,335,0,135,LowBurden,,Low,Moderate,0,2,56,0.5,1,0,-0.33,-0.5,0,0,3,84,1,1,0,0,0,0,0.32,0,,,,,,,-0.04,0,,,,,1,15,0,0,1,1,1,1,980,0.274,861,0.24,,,7,0.003,2,0.003,-0.009,-0.0004,0.0025,5,0.015,1,0.003,975,0.36,860,0.317,421,0.535,425,0.54,0.15,0.2,0.22,2.7,0.01,0.07,0.05,0.01,0.4,0.47,Uncertain
"Fillmore County, NE",31059,Non-core,,,NE,7,5462,,0.003,0,0,0,0,0,0,0,0,0,,,0,0,0,0,0,507,9282,8,146,0,25,LowBurden,,Low,Low,0.043,13,238,0,1,0.043,-0.5,0,0,0,26,476,0,1,0,0,0,0,0.4,0,,,0,0,,,-0.13,0,,,0,0,1,12,0,2,1,1,1,1,1985,0.363,1924,0.352,20,0.05,20,0.005,,,0.0248,0.0005,-0.0008,36,0.089,2,0.005,1948,0.445,1922,0.439,804,0.636,1015,0.803,0.08,0.1,0.23,2.1,0.01,0.04,0.01,0.01,0.06,0.06,Uncertain
"Dundy County, NE",31057,Non-core,,,NE,7,1693,,0.001,0,0,0,0,0,0,0,0,0,,,0,0,0,0,0,185,10927,4,236,0,23,LowBurden,,Low,High,0,8,473,0.5,1,-0.25,1,0.5,0,0.25,4,236,0,1,0,0,0,0,0.24,0,,,0,0,-1,,0.04,-0.01,,,0,0,1,12,0,3,1,1,1,1,485,0.286,449,0.265,,,3,0.002,1,0.002,0,0.0007,0.0023,2,0.018,,,483,0.348,449,0.324,241,0.544,227,0.512,0.19,0.1,0.26,2.3,0,0.07,0.01,0,0.3,0.22,Uncertain
"Douglas County, NE",31055,Medium metro,"Omaha-Council Bluffs, NE-IA",Metropolitan,NE,7,571327,0.602,0.295,0.002,2,20106,0.035,0,0,0,0,0,-1,,0,13,2,0,0,71755,12559,718,126,0,50,LowBurden,,Low,Low,0.025,4146,726,1,0.94,-0.008,-0.02,0,-0.03,0.033,4241,742,1,0.97,12,1,16,1,0.72,0.01,0.69,0.02,0.24,0.01,0.09,-0.24,-0.03,0,-0.03,-0.01,-0.02,-0.01,13,1791,287,382,1,0.92,1,1,281285,0.492,254271,0.445,1314,0.028,2276,0.005,194,0.003,-0.0128,-0.0029,-0.0006,15569,0.331,7921,0.168,265685,0.624,246340,0.579,64094,0.835,63135,0.822,0.1,0.13,0.13,2.5,0.11,0.13,0,0.04,0.47,0.17,Uncertain
"Tillman County, OK",40141,Non-core,,,OK,6,7250,,0.002,0,0,0,0,0,0,0,0,0,,,0,0,0,0,0,803,11076,17,234,0,49,LowBurden,,Low,Low,0,13,179,1,0.88,0,0.44,0,-0.12,0,9,124,1,1,,,,,,,,,,,,,,,,,,,,,,,,,,,2646,0.365,2215,0.306,3,0.005,9,0.002,,,-0.0017,-0.002,-0.0034,41,0.068,21,0.035,2605,0.467,2194,0.394,1130,0.77,974,0.664,0.16,0.22,0.2,2.4,0.07,0.28,0.03,0,0.87,0.95,Uncertain
"Dodge County, NE",31053,Micropolitan,"Fremont, NE",Micropolitan,NE,7,36565,1,0.019,0,0,1248,0.034,0,0,0,0,0,,,0,0,0,0,0,4964,13576,62,170,0,57,LowBurden,,Low,Low,0.013,141,386,1,0.98,-0.014,-0.05,0,-0.01,0.027,148,405,1,0.99,0,0,0,0,0.6,0,0.46,0,0.09,0,-1,,0.01,0,0,0,0.06,0,1,34,8,14,1,1,1,1,12539,0.343,13734,0.376,57,0.019,124,0.004,10,0.001,-0.0181,-0.0026,-0.0021,569,0.19,204,0.068,11967,0.432,13530,0.488,2868,0.404,4815,0.678,0.1,0.14,0.19,2.3,0.01,0.14,0.01,0.01,0.57,0.37,Uncertain
"Dixon County, NE",31051,Small metro,"Sioux City, IA-NE-SD",Metropolitan,NE,7,5636,0.039,0.003,0,0,0,0,0,0,0,0,0,,,0,0,0,0,0,611,10841,9,160,0,23,LowBurden,,Low,Low,0.048,24,426,0,0.93,0.048,0.5,-1,-0.07,0,16,284,1,1,,,,,,,,,,,,,,,,,,,,,,,,,,,1571,0.279,1812,0.322,6,0.012,24,0.006,4,0.003,0.0082,-0.0014,0.0009,21,0.043,10,0.02,1548,0.369,1802,0.43,380,0.326,654,0.56,0.06,0.12,0.21,2.4,0,0.15,0.01,0,0.38,0.34,Uncertain
"Deuel County, NE",31049,Non-core,,,NE,7,1794,,0.001,0,0,0,0,0,0,0,0,0,,,0,0,0,0,0,107,5964,1,56,0,85,LowBurden,,High,Low,0.25,3,167,1,1,0.25,-0.5,0,0,0,6,334,1,1,,,,,,,,,,,,,,,,,,,,,,,,,,,331,0.185,375,0.209,,,3,0.002,3,0.007,-0.0068,-0.0021,0.0071,5,0.034,,,326,0.232,375,0.267,152,0.362,211,0.502,0.15,0.1,0.23,2.3,0,0.08,0.01,0,0.16,0.29,Uncertain
"Dawson County, NE",31047,Micropolitan,"Lexington, NE",Micropolitan,NE,7,23595,0.922,0.012,0,0,0,0,0,0,0,0,0,,,0,0,0,0,0,2888,12240,31,131,0,60,LowBurden,,Low,Low,0.023,78,331,0,1,0.013,-0.25,-1,0,0.01,104,441,1,1,0,0,0,0,0.31,0,0,0,0,0,,,-0.01,0,0,0,0,0,3,52,1,12,1,1,1,1,6663,0.282,6557,0.278,31,0.014,74,0.004,5,0.001,-0.0092,-0.0023,-0.0022,340,0.156,167,0.077,6322,0.367,6390,0.371,1483,0.366,2019,0.499,0.11,0.13,0.17,2.6,0.07,0.34,0,0.01,0.79,0.49,Uncertain
"Unallocated, OR",41000,,,,OR,10,,,,,,,,0,0,,0,,,,0,0,,0,,0,,0,,0,,,,,,0,40,,,,0,-0.61,,,0,102,,,,,,,,,,,,,,,,,,,,,,,,,,,,,,57009,,45924,,69,,1252,,166,,,,,818,,262,,56166,,45660,,12370,,13179,,,,,,,,,,,,
"Dawes County, NE",31045,Non-core,,,NE,7,8589,,0.004,0,0,1598,0.186,0,0,0,0,0,,,0,0,0,0,0,749,8720,12,140,0,33,LowBurden,,High,Low,0.231,11,128,0,1,0.231,-0.42,0,0,0,19,221,0,1,0,0,0,0,0.38,0.01,0.14,0,0,0,,,0.08,0.01,0.14,0,0,0,1,23,2,1,1,1,1,1,1554,0.181,2265,0.264,10,0.019,12,0.002,1,0.001,-0.0404,-0.0068,-0.0024,58,0.112,3,0.006,1495,0.211,2261,0.319,301,0.184,838,0.512,0.11,0.14,0.19,2.2,0.02,0.06,0.03,0.02,0.17,0.02,Uncertain
"Dakota County, NE",31043,Small metro,"Sioux City, IA-NE-SD",Metropolitan,NE,7,20026,0.138,0.01,0,0,0,0,0,0,0,0,0,-1,,0,1,5,0,0,3939,19669,65,325,0,55,LowBurden,,Low,Low,0.026,110,549,1,1,0.003,-0.43,1,0.01,0.023,194,969,0,0.99,,,,,,,,,,,,,,,,,,,,,,,,,,,8569,0.428,8199,0.409,29,0.016,78,0.005,5,0.002,-0.005,-0.0028,-0.0029,212,0.118,82,0.046,8353,0.589,8115,0.572,2191,0.786,2266,0.813,0.14,0.17,0.14,2.7,0.06,0.39,0.02,0.03,0.86,0.63,Uncertain
"Custer County, NE",31041,Non-core,,,NE,7,10777,,0.006,0,0,0,0,0,0,0,0,0,,,0,0,0,0,0,852,7906,19,176,0,31,LowBurden,,High,Low,0.278,14,130,1,1,0.278,0.17,1,0,0,12,111,0,1,0,0,0,0,0.19,0,,,,,,,-0.02,0,,,,,2,22,0,0,1,1,1,1,2760,0.256,2825,0.262,4,0.004,17,0.002,2,0.001,-0.0033,-0.0001,-0.0004,28,0.031,12,0.013,2732,0.334,2813,0.344,1337,0.545,1508,0.615,0.09,0.11,0.23,2.2,0.01,0.03,0,0,0.18,0.14,Uncertain
"Cuming County, NE",31039,Non-core,,,NE,7,8846,,0.005,0,0,0,0,0,0,0,0,0,,,0,0,0,0,0,1056,11938,15,170,0,11,LowBurden,,Low,Low,0,26,294,1,1,0,-0.04,1,0,0,27,305,0,1,0,0,0,0,0.43,0,0,0,0,0,,,0.08,0,0,0,0,0,1,24,1,2,1,1,1,1,2570,0.291,3292,0.372,13,0.017,20,0.003,5,0.003,0.0052,-0.0039,-0.0005,73,0.095,26,0.034,2496,0.373,3266,0.488,509,0.257,1222,0.618,0.08,0.07,0.22,2.4,0,0.1,0,0,0.19,0.12,Uncertain
"Colfax County, NE",31037,Non-core,,,NE,7,10709,,0.006,0,0,0,0,0,0,0,0,0,,,0,0,0,0,0,1593,14875,21,196,0,52,LowBurden,,Low,Low,0,22,205,1,1,0,-0.69,0,0,0,70,654,1,1,0,0,0,0,0.29,0,,,,,,,-0.02,0,,,,,1,7,0,0,1,1,1,1,3518,0.329,3257,0.304,9,0.009,52,0.007,10,0.007,0,-0.0105,-0.0074,54,0.052,22,0.021,3464,0.459,3235,0.429,886,0.598,984,0.664,0.12,0.12,0.14,2.9,0.05,0.46,0,0.01,0.52,0.26,Uncertain
"Clay County, NE",31035,Non-core,,,NE,7,6203,,0.003,0,0,0,0,0,0,0,0,0,,,0,0,0,0,0,706,11382,11,177,0,20,LowBurden,,Low,Low,0,8,129,1,1,0,-0.33,0.5,0,0,12,193,0.5,1,,,,,,,,,,,,,,,,,,,,,,,,,,,1567,0.253,1839,0.296,6,0.011,19,0.004,4,0.003,-0.0037,-0.0009,0.0008,37,0.069,9,0.017,1529,0.328,1830,0.393,517,0.408,887,0.7,0.1,0.11,0.2,2.4,0,0.09,0,0,0.16,0.42,Uncertain
"Cheyenne County, NE",31033,Non-core,,,NE,7,8910,,0.005,0,0,0,0,0,0,0,0,0,,,0,0,0,0,0,938,10527,16,180,0,21,LowBurden,,High,Low,0.333,15,168,1,1,0.333,-0.5,0,0.08,0,30,337,1,0.92,0,0,0,0,0.56,0,0,0,0,0,,,0.13,0,-0.1,0,0,0,1,18,3,3,1,1,1,1,2812,0.316,2720,0.305,1,0.001,17,0.002,1,0.001,-0.0116,-0.0033,-0.0022,12,0.017,1,0.001,2799,0.407,2719,0.395,1225,0.668,1279,0.697,0.07,0.1,0.21,2.2,0.01,0.08,0.01,0.01,0.12,0.13,Uncertain
"Cherry County, NE",31031,Non-core,,,NE,7,5689,,0.003,0,0,0,0,0,0,0,0,0,,,0,0,0,0,0,301,5291,7,123,0,56,LowBurden,,Low,Low,0,33,580,0,1,0,-0.15,0,0.05,0,39,686,0,0.95,0,0,0,0,0.46,0,,,0,0,,,-0.27,0,,,0,0,1,10,0,3,1,1,1,1,1498,0.263,1410,0.248,1,0.002,7,0.002,1,0.001,-0.0231,-0.0021,-0.0008,27,0.062,10,0.023,1470,0.338,1400,0.322,731,0.58,724,0.575,0.07,0.1,0.22,2.2,0,0.03,0.05,0.01,0.23,0.15,Uncertain
"Chase County, NE",31029,Non-core,,,NE,7,3924,,0.002,0,0,0,0,0,0,0,0,0,,,0,0,0,0,0,463,11799,5,127,0,65,LowBurden,,Low,Low,0,12,306,1,1,0,-0.54,0,0,0,26,663,1,1,0,0,0,0,0.25,0,,,0,0,,,-0.05,0,,,0,0,1,8,0,1,1,1,1,1,673,0.172,813,0.207,4,0.011,11,0.004,4,0.005,0.0114,-0.0047,-0.0024,12,0.034,3,0.009,660,0.224,810,0.274,225,0.27,325,0.39,0.09,0.08,0.21,2.1,0.01,0.15,0,0,0.16,0.16,Uncertain
"Frontier County, NE",31063,Non-core,,,NE,7,2627,,0.001,0,0,0,0,0,0,0,0,0,,,0,0,0,0,0,193,7347,1,38,0,130,LowBurden,,Low,Low,0,7,266,0,1,0,-0.68,0,0,0,22,837,0,1,,,,,,,,,,,,,,,,,,,,,,,,,,,381,0.145,477,0.182,,,3,0.001,,,0,-0.0024,-0.0031,1,0.006,,,380,0.179,477,0.225,141,0.222,220,0.346,0.08,0.1,0.24,2.2,0,0.03,0.01,0,0.1,0.13,Uncertain
"Gage County, NE",31067,Micropolitan,"Beatrice, NE",Micropolitan,NE,7,21513,1,0.011,0,0,0,0,0,0,0,0,0,-1,,0,1,5,0,0,2188,10171,19,88,0,55,LowBurden,,Low,Low,0.04,47,218,0,0.93,0.04,-0.35,-1,-0.07,0,72,335,1,1,0,0,0,0,0.32,0,0,0,0,0,,,0.12,0,-0.1,0,0,0,1,22,3,8,1,1,1,1,5521,0.257,6318,0.294,41,0.024,50,0.003,7,0.002,0.0096,0.0001,0.0007,129,0.077,47,0.028,5391,0.324,6270,0.377,1936,0.426,2885,0.634,0.05,0.1,0.21,2.3,0.01,0.03,0.01,0.01,0.11,0.06,Uncertain
"Ellis County, OK",40045,Non-core,"Woodward, OK",Micropolitan,OK,6,3859,0.16,0.001,0,0,0,0,0,0,0,0,0,,-1,0,0,0,1,25.9,357,9251,6,155,0,108,LowBurden,,Low,Low,0,7,181,0,1,0,2.5,0,0,0,2,52,0,1,0,0,0,0,0.29,0,,,,,,,0.13,0,,,,,1,10,0,0,1,1,1,1,1121,0.29,943,0.244,1,0.003,5,0.002,,,0,-0.001,-0.0022,8,0.023,4,0.012,1113,0.373,939,0.315,633,0.707,524,0.585,0.14,0.18,0.23,2.5,0.01,0.07,0.03,0.01,0.3,0.18,Uncertain
"Garden County, NE",31069,Non-core,,,NE,7,1837,,0.001,0,0,0,0,0,0,0,0,0,,,0,0,0,0,0,113,6151,1,54,0,140,LowBurden,,High,High,0.286,8,435,1,1,0.175,0.6,0,0,0.111,5,272,1,1,0,0,0,0,0.27,0,,,,,,,0.18,0,,,,,1,7,0,0,1,1,1,1,567,0.309,629,0.342,,,2,0.001,,,-0.025,0,-0.0019,6,0.05,1,0.008,561,0.378,628,0.423,273,0.513,331,0.622,0.08,0.09,0.29,2.1,0,0.05,0.01,0,0.01,0.03,Uncertain
"Hooker County, NE",31091,Non-core,,,NE,7,682,,0,0,0,0,0,0,0,0,0,0,,,0,0,0,0,0,54,7918,2,293,0,199,LowBurden,,Low,Low,0,7,1026,0,1,0,1.33,0,0,0,3,440,0,1,,,,,,,,,,,,,,,,,,,,,,,,,,,220,0.323,221,0.324,,,1,0.002,,,0,0,0,2,0.039,,,218,0.404,221,0.41,130,0.616,140,0.664,0.08,0.17,0.31,2,0,0.03,0,0,0.15,0.16,Uncertain
"Grant County, OK",40053,Non-core,,,OK,6,4333,,0.001,0,0,0,0,0,0,0,0,0,,-1,0,0,0,1,23.1,549,12670,7,162,0,160,LowBurden,,Low,Low,0,6,138,1,1,0,-0.14,0,0,0,7,162,1,1,,,,,,,,,,,,,,,,,,,,,,,,,,,1441,0.333,1165,0.269,1,0.003,11,0.003,3,0.003,0.0028,-0.0006,-0.0031,7,0.02,3,0.008,1434,0.435,1162,0.353,728,0.753,601,0.622,0.08,0.09,0.22,2.4,0.02,0.06,0.03,0,0.16,0.46,Uncertain
"Greer County, OK",40055,Non-core,,,OK,6,5712,,0.001,0,0,0,0,0,0,0,0,0,,-1,0,0,0,1,17.5,584,10224,22,385,0,77,LowBurden,,Low,Low,0,7,123,0.5,1,0,-0.46,-0.5,0,0,13,228,1,1,0,0,5,23,0.42,0,,,0.17,0,,-0.38,-0.12,0,,,0,0,1,22,0,6,1,1,1,1,1712,0.3,1429,0.25,1,0.003,12,0.003,4,0.004,-0.0128,-0.0017,0.0029,29,0.074,14,0.036,1681,0.367,1413,0.309,824,0.809,676,0.664,0.18,0.22,0.18,2.4,0.08,0.12,0.03,0,0.77,0.78,Uncertain
"Harmon County, OK",40057,Non-core,,,OK,6,2653,,0.001,0,0,0,0,0,0,0,0,0,,-1,0,0,0,2,75.4,327,12326,6,226,0,49,LowBurden,,Low,Low,0,2,75,2,1,0,0,2,0,0,2,75,0,1,0,0,0,0,0.13,0,,,,,,,-0.14,0,,,,,1,12,0,0,1,1,1,1,1046,0.394,828,0.312,6,0.024,1,0.001,,,0.0243,-0.0025,0,33,0.134,12,0.049,1013,0.509,816,0.41,444,0.833,356,0.668,0.13,0.16,0.2,2.2,0.08,0.3,0.02,0.02,0.81,0.9,Uncertain
"Harper County, OK",40059,Non-core,,,OK,6,3688,,0.001,0,0,0,0,0,0,0,0,0,,-1,0,0,0,2,54.2,420,11388,8,217,0,41,LowBurden,,Low,Low,0,19,515,0,1,0,-0.1,0,0,0,21,569,0,1,0,0,0,0,0.14,0,,,,,,,0.07,0,,,,,1,10,0,0,1,1,1,1,1338,0.363,1147,0.311,2,0.006,8,0.003,3,0.004,-0.0032,0.0007,0.0041,34,0.108,23,0.073,1304,0.475,1124,0.409,551,0.762,503,0.696,0.13,0.11,0.2,2.9,0,0.23,0.01,0,0.32,0.32,Uncertain
"Haskell County, OK",40061,Non-core,,,OK,6,12627,,0.003,0,0,0,0,0,0,0,0,0,,,0,0,0,0,0,1254,9931,17,135,0,27,LowBurden,,Low,High,0,17,135,0.5,1,-0.105,-0.19,0.5,0,0.105,21,166,0,1,0,0,0,0,0.4,0,,,0,0,,,-0.05,0,,,0,0,1,10,0,4,1,1,1,1,3842,0.304,3325,0.263,1,0.001,21,0.002,6,0.002,-0.0038,-0.0007,-0.0012,33,0.031,7,0.007,3808,0.394,3318,0.343,1730,0.672,1588,0.616,0.18,0.2,0.2,2.6,0.01,0.05,0.17,0.01,0.87,0.83,Uncertain
"Holt County, NE",31089,Non-core,,,NE,7,10067,,0.005,0,0,0,0,0,0,0,0,0,-1,,0,1,10,0,0,865,8592,16,159,0,51,LowBurden,,High,Moderate,0.16,17,169,0,1,0.16,-0.56,-1,0,0,39,387,1,1,0,0,0,0,0.5,0,0,0,0,0,,,-0.27,0,-0.14,0,0,0,2,21,1,4,1,1,1,1,2914,0.289,3070,0.305,1,0.001,31,0.004,5,0.002,-0.0048,-0.0001,-0.0036,89,0.106,35,0.042,2825,0.376,3035,0.404,1039,0.469,1318,0.595,0.06,0.08,0.22,2.3,0,0.05,0,0,0.1,0.11,Uncertain
"Hitchcock County, NE",31087,Non-core,,,NE,7,2762,,0.001,0,0,0,0,0,0,0,0,0,,,0,0,0,0,0,255,9232,5,181,0,58,LowBurden,,Low,Low,0,6,217,0,1,0,-0.74,0,0,0,23,833,0,1,,,,,,,,,,,,,,,,,,,,,,,,,,,591,0.214,647,0.234,2,0.009,7,0.003,1,0.001,0.0044,-0.0009,-0.0041,6,0.026,2,0.009,584,0.274,645,0.302,304,0.416,389,0.532,0.13,0.13,0.26,2.3,0,0.03,0.01,0,0.19,0.38,Uncertain
"Hayes County, NE",31085,Non-core,,,NE,7,922,,0,0,0,0,0,0,0,0,0,0,,,0,0,0,0,0,61,6616,0,0,0,189,LowBurden,,Low,Low,0,2,217,0,1,0,-0.33,0,0,0,3,325,0,1,,,,,,,,,,,,,,,,,,,,,,,,,,,131,0.142,142,0.154,,,,,,,,-0.0014,0,,,,,131,0.186,142,0.201,60,0.233,64,0.248,0.1,0.12,0.28,2.3,0,0.05,0,0,0.04,0.05,Uncertain
"Harlan County, NE",31083,Non-core,,,NE,7,3380,,0.002,0,0,0,0,0,0,0,0,0,,,0,0,0,0,0,219,6479,0,0,0,59,LowBurden,,High,Low,0.25,1,30,1,1,0.25,-0.86,,,0,7,207,,,0,0,0,0,0.23,0,,,,,,,-0.03,0,,,,,1,11,0,0,1,1,1,1,1025,0.303,1024,0.303,,,,,,,-0.0122,-0.0015,0,17,0.069,8,0.033,1008,0.377,1016,0.38,526,0.57,544,0.589,0.08,0.11,0.27,2.2,0,0.02,0,0,0.12,0.21,Uncertain
"Hamilton County, NE",31081,Small metro,,,NE,7,9324,,0.005,0,0,0,0,0,0,0,0,0,-1,,0,1,11,0,0,967,10371,17,182,0,17,LowBurden,,Low,High,0,28,300,0,1,-0.156,-0.33,0,0,0.156,42,450,0,1,0,0,0,0,0.42,0,,,0,0,,,-0.2,0,,,0,0,1,12,0,2,1,1,1,1,2526,0.271,2976,0.319,11,0.014,29,0.004,5,0.003,0.0116,0.0004,0.0016,94,0.121,38,0.049,2432,0.344,2938,0.415,806,0.423,1257,0.66,0.06,0.05,0.2,2.4,0,0.04,0,0,0.01,0.06,Uncertain
"Hall County, NE",31079,Small metro,"Grand Island, NE",Metropolitan,NE,7,61353,0.812,0.032,0,0,0,0,0,0,0,0,0,-1,,0,3,5,0,0,7863,12816,117,191,0,18,LowBurden,,Low,Low,0.015,152,248,1,0.99,-0.03,-0.59,0,0.01,0.045,369,601,1,0.99,1,1,0,0,0.69,0.04,0.41,0.07,0.07,0.02,-0.52,,0.01,-0.01,-0.06,-0.01,0.02,0.01,2,93,14,29,1,1,1,1,18544,0.302,18918,0.308,74,0.013,198,0.004,18,0.002,-0.0088,-0.0044,-0.0004,764,0.135,361,0.064,17771,0.4,18557,0.418,3479,0.376,5561,0.6,0.13,0.13,0.15,2.6,0.03,0.29,0,0.01,0.67,0.29,Uncertain
"Love County, OK",40085,Non-core,"Ardmore, OK",Micropolitan,OK,6,10253,0.176,0.003,0,0,0,0,0,0,0,0,0,,-1,0,0,0,1,9.8,1504,14669,22,215,0,46,LowBurden,,Low,Low,0,36,351,0,1,-0.026,0.12,0,0,0.026,32,312,0,1,0,0,0,0,0.33,0,,,0,0,,,0,0,,,0,0,1,25,0,3,1,1,1,1,3454,0.337,2833,0.276,7,0.008,17,0.002,1,0,0,-0.0022,-0.003,51,0.062,27,0.033,3403,0.437,2806,0.36,1329,0.662,1162,0.579,0.12,0.14,0.2,3.1,0.02,0.16,0.06,0.01,0.63,0.68,Uncertain
"Greeley County, NE",31077,Non-core,,,NE,7,2356,,0.001,0,0,0,0,0,0,0,0,0,,,0,0,0,0,0,214,9083,1,42,0,120,LowBurden,,High,Low,1,0,0,1,1,1,-1,-2,0,0,3,127,3,1,,,,,,,,,,,,,,,,,,,,,,,,,,,560,0.238,721,0.306,,,2,0.001,,,-0.0167,-0.0039,-0.0034,6,0.033,1,0.006,554,0.305,720,0.397,178,0.298,331,0.554,0.06,0.1,0.25,2.3,0.01,0.02,0,0,0.04,0.14,Uncertain
"Grant County, NE",31075,Non-core,,,NE,7,623,,0,0,0,0,0,0,0,0,0,0,,,0,0,0,0,0,41,6581,4,642,0,107,LowBurden,,Low,Low,0,0,0,,,,-1,,,,1,161,,,,,,,,,,,,,,,,,,,,,,,,,,,,,64,0.103,73,0.117,,,,,,,0,-0.0021,0,3,0.067,3,0.067,61,0.13,70,0.149,19,0.134,27,0.19,0.15,0.2,0.23,2.3,0,0.01,0,0,0.13,0.07,Uncertain
"McIntosh County, OK",40091,Non-core,,,OK,6,19596,,0.005,0,0,0,0,0,0,0,0,0,-1,-1,0,3,15,2,10.2,2013,10273,61,311,0,7,LowBurden,,High,Moderate,0.114,34,174,1,1,0.114,-0.33,0,0,0,51,260,1,1,,,,,,,,,,,,,,,,,,,,,,,,,,,8457,0.432,7229,0.369,4,0.003,41,0.003,12,0.002,-0.005,-0.0003,0.0006,91,0.065,40,0.029,8366,0.531,7189,0.456,4133,0.815,3680,0.726,0.18,0.21,0.26,2.3,0.03,0.03,0.18,0.01,0.78,0.79,Uncertain
"Major County, OK",40093,Non-core,,,OK,6,7629,,0.002,0,0,0,0,0,0,0,0,0,,-1,0,0,0,3,39.3,956,12531,24,315,0,78,LowBurden,,Low,Moderate,0,17,223,1,1,-0.056,-0.11,0,0,0.056,19,249,1,1,0,0,0,0,0.07,0,,,0,0,,,-0.04,0,,,0,0,1,8,0,4,1,1,1,1,2821,0.37,2412,0.316,1,0.001,16,0.003,3,0.002,0,-0.0005,0.0013,26,0.039,14,0.021,2795,0.494,2398,0.423,1369,0.876,1219,0.78,0.1,0.12,0.2,2.5,0.01,0.1,0.02,0.01,0.32,0.4,Uncertain
"Marshall County, OK",40095,Non-core,,,OK,6,16931,,0.004,0,0,0,0,0,0,0,0,0,,,0,0,0,0,0,2047,12090,23,136,0,56,LowBurden,,High,Low,0.136,29,171,0,0.94,0.105,-0.31,0,-0.03,0.031,42,248,0,0.97,0,0,0,0,0.25,0,,,0,0,,,0,0,,,0,0,1,22,0,3,1,1,1,1,6107,0.361,4829,0.285,7,0.005,44,0.003,5,0.001,-0.0065,-0.0006,-0.0003,90,0.065,25,0.018,6017,0.462,4804,0.369,2605,0.704,2208,0.596,0.18,0.16,0.22,2.6,0.02,0.18,0.1,0,0.85,0.95,Uncertain
"Gosper County, NE",31073,Micropolitan,"Lexington, NE",Micropolitan,NE,7,1990,0.078,0.001,0,0,0,0,0,0,0,0,0,-1,,0,3,151,0,0,187,9397,5,251,0,165,LowBurden,,High,High,0.273,5,251,2,1,0.273,-0.62,1,0,0,13,653,1,1,,,,,,,,,,,,,,,,,,,,,,,,,,,428,0.215,566,0.284,3,0.018,4,0.003,,,0.0121,0.0013,-0.0021,13,0.079,7,0.042,415,0.266,559,0.358,150,0.308,238,0.489,0.04,0.05,0.24,2.3,0.01,0.06,0.01,0,0.01,0.02,Uncertain
"Garfield County, NE",31071,Non-core,,,NE,7,1969,,0.001,0,0,0,0,0,0,0,0,0,,,0,0,0,0,0,153,7770,1,51,0,127,LowBurden,,Low,Low,0,1,51,0,1,0,-0.88,0,0,0,8,406,0,1,,,,,,,,,,,,,,,,,,,,,,,,,,,300,0.152,428,0.217,,,2,0.001,1,0.002,,-0.0031,-0.0052,,,,,300,0.186,428,0.266,90,0.157,235,0.409,0.04,0.08,0.29,2.2,0,0.02,0,0,0.04,0.23,Uncertain
"Noble County, OK",40103,Non-core,,,OK,6,11131,,0.003,0,0,0,0,0,0,0,0,0,,-1,0,0,0,1,9,1380,12398,20,180,0,69,LowBurden,,Low,Low,0,13,117,0.5,1,0,-0.35,0.5,0,0,20,180,0,1,0,0,0,0,0.5,0,,,0,0,,,0.19,0,,,0,0,1,10,0,2,1,1,1,1,5219,0.469,4361,0.392,7,0.008,26,0.003,2,0.001,-0.0088,-0.0033,-0.0013,112,0.123,60,0.066,5107,0.601,4301,0.506,1959,0.88,1711,0.768,0.08,0.13,0.2,2.4,0.02,0.04,0.09,0.01,0.34,0.39,Uncertain
"Cedar County, NE",31027,Non-core,,,NE,7,8402,,0.004,0,0,0,0,0,0,0,0,0,,,0,0,0,0,0,776,9236,11,131,0,20,LowBurden,,Low,Low,0,5,60,1,1,0,-0.74,-0.5,0.25,0,19,226,1.5,0.75,,,,,,,,,,,,,,,,,,,,,,,,,,,2074,0.247,2654,0.316,2,0.003,21,0.003,3,0.002,-0.0069,0.0005,0.0005,20,0.027,8,0.011,2053,0.327,2646,0.421,662,0.358,1202,0.65,0.06,0.09,0.22,2.4,0,0.02,0,0,0.01,0.09,Uncertain
"Cass County, NE",31025,Medium metro,"Omaha-Council Bluffs, NE-IA",Metropolitan,NE,7,26248,0.028,0.014,0,0,0,0,0,0,0,0,0,,,0,0,0,0,0,2676,10195,16,61,0,52,LowBurden,,Low,Low,0.045,150,571,1,0.98,0.038,0.06,0,-0.01,0.007,141,537,1,0.99,,,,,,,,,,,,,,,,,,,,,,,,,,,11894,0.453,10534,0.401,31,0.014,112,0.006,13,0.003,-0.0223,-0.0061,-0.0023,547,0.244,240,0.107,11344,0.565,10293,0.512,3770,0.793,3559,0.748,0.06,0.06,0.18,2.5,0.01,0.04,0,0,0.01,0.04,Uncertain
"Butler County, NE",31023,Non-core,,,NE,7,8016,,0.004,0,0,0,0,0,0,0,0,0,,,0,0,0,0,0,850,10604,11,137,0,33,LowBurden,,Moderate,Low,0.067,8,100,0,1,0.067,-0.43,0,0,0,14,175,0,1,0,0,0,0,0.53,0,,,0,0,,,0.23,0,,,0,0,1,7,0,1,1,1,1,1,3022,0.377,3078,0.384,3,0.005,22,0.004,1,0.001,-0.0015,-0.0016,0,42,0.064,29,0.044,2980,0.483,3049,0.494,1150,0.673,1294,0.758,0.05,0.07,0.21,2.3,0.01,0.04,0,0,0.12,0.16,Uncertain
"Burt County, NE",31021,Non-core,,,NE,7,6459,,0.003,0,0,0,0,0,0,0,0,0,,,0,0,0,0,0,671,10389,12,186,0,45,LowBurden,,Low,Low,0,24,372,1,1,0,-0.14,1,0,0,28,434,0,1,0,0,0,0,0.08,0,,,,,,,0,0,,,,,1,13,0,0,1,1,1,1,2334,0.361,2749,0.426,12,0.023,23,0.005,4,0.003,-0.0207,-0.004,-0.0051,74,0.139,19,0.036,2260,0.451,2730,0.545,772,0.491,1217,0.774,0.09,0.12,0.24,2.2,0.01,0.03,0.02,0,0.25,0.25,Uncertain
"Phillips County, MT",30071,Non-core,,,MT,8,3954,,0.004,0,0,0,0,0,0,0,0,0,,,0,0,0,0,0,524,13252,16,405,0,80,LowBurden,,Low,Low,0,5,126,1,0.94,0,-0.81,1,0.1,0,26,658,0,0.83,0,0,0,0,0.43,0,,,0,0,,,0.21,0,,,0,0,1,6,0,1,1,1,1,1,1356,0.343,1186,0.3,,,16,0.005,2,0.002,0,0.0017,0,40,0.127,13,0.041,1314,0.436,1173,0.389,642,0.701,596,0.651,0.17,0.15,0.23,2.3,0,0.04,0.09,0,0.41,0.52,Uncertain
"Petroleum County, MT",30069,Non-core,,,MT,8,487,,0,0,0,0,0,0,0,0,0,0,,,0,0,0,0,0,12,2464,1,205,0,0,LowBurden,,Low,Low,0,1,205,1,1,0,-0.5,1,0,0,2,411,0,1,,,,,,,,,,,,,,,,,,,,,,,,,,,127,0.261,123,0.253,,,1,0.002,,,,-0.0074,-0.024,,,,,127,0.314,123,0.304,74,0.592,74,0.592,0.12,0.08,0.26,2.3,0,0.02,0.01,0,0,0,Uncertain
"McCone County, MT",30055,Non-core,,,MT,8,1664,,0.002,0,0,0,0,0,0,0,0,0,,,0,0,0,0,0,183,10998,1,60,0,112,LowBurden,,Low,Low,0,6,361,1,1,0,1,-1,0.4,0,3,180,2,0.6,0,0,0,0,0,0,,,,,,,0,0,,,,,1,5,0,0,1,1,1,1,213,0.128,197,0.118,2,0.016,3,0.002,,,0.0157,0.0015,-0.0022,3,0.024,,,210,0.16,197,0.15,119,0.264,112,0.248,0.05,0.08,0.27,2.3,0.01,0.02,0.01,0,0.08,0,Uncertain
"Calhoun County, AR",5013,Micropolitan,"Camden, AR",Micropolitan,AR,6,5189,0.182,0.002,0,0,0,0,0,0,0,0,0,-1,,0,1,19,0,0,412,7940,3,58,0,121,LowBurden,,Low,Moderate,0,7,135,0,1,0,6,0,0,0,1,19,0,1,,,,,,,,,,,,,,,,,,,,,,,,,,,1252,0.241,1118,0.215,1,0.003,5,0.001,1,0.001,-0.003,-0.0017,0,9,0.027,5,0.015,1243,0.295,1113,0.264,564,0.495,529,0.464,0.08,0.16,0.22,2.6,0.21,0.04,0,0,0.55,0.88,Uncertain
"Liberty County, MT",30051,Non-core,,,MT,8,2337,,0.002,0,0,0,0,0,0,0,0,0,,,0,0,0,0,0,117,5006,1,43,0,104,LowBurden,,Low,Low,0,36,1540,2,1,0,-0.05,0,0.03,0,38,1626,2,0.97,0,0,0,0,0.86,0,,,0,0,,,0,0,,,0,0,1,25,0,1,1,1,1,1,589,0.252,595,0.255,,,5,0.003,3,0.006,0,0,0.0039,1,0.006,,,588,0.315,595,0.319,270,0.523,293,0.568,0.1,0.14,0.22,2.6,0.01,0.01,0.01,0,0.41,0.19,Uncertain
"Judith Basin County, MT",30045,Non-core,,,MT,8,2007,,0.002,0,0,0,0,0,0,0,0,0,,,0,0,0,0,0,91,4534,1,50,0,182,LowBurden,,Low,Low,0,10,498,1,0.89,0,0,0,-0.11,0,10,498,1,1,,,,,,,,,,,,,,,,,,,,,,,,,,,615,0.306,575,0.286,,,9,0.006,4,0.007,0,-0.0019,-0.0018,1,0.007,,,614,0.381,575,0.356,343,0.623,332,0.603,0.07,0.14,0.27,2.1,0,0.02,0.01,0,0.02,0.01,Uncertain
"Golden Valley County, MT",30037,Small metro,,,MT,8,821,,0.001,0,0,0,0,0,0,0,0,0,-1,,0,1,122,0,0,57,6943,2,244,0,163,LowBurden,,Low,High,0,3,365,0.5,1,-0.143,-0.75,0,0,0.143,12,1462,0.5,1,,,,,,,,,,,,,,,,,,,,,,,,,,,291,0.354,265,0.323,,,3,0.005,1,0.004,,-0.0031,0,,,,,291,0.451,265,0.411,176,0.772,164,0.719,0.12,0.15,0.28,2.2,0.01,0.05,0.02,0.01,0.05,0.05,Uncertain
"Garfield County, MT",30033,Non-core,,,MT,8,1258,,0.001,0,0,0,0,0,0,0,0,0,,,0,0,0,0,0,80,6359,2,159,0,193,LowBurden,,Low,Low,0,5,397,1,1,0,-0.17,-1,0.4,0,6,477,2,0.6,0,0,0,0,0.72,0,,,,,,,0.01,0,,,,,1,25,0,0,1,1,1,1,203,0.161,185,0.147,,,1,0.001,1,0.003,,0.001,0.0033,,,,,203,0.21,185,0.192,125,0.413,116,0.383,0.13,0.05,0.24,2.6,0,0.01,0.01,0,0.01,0,Uncertain
"Dawson County, MT",30021,Non-core,,,MT,8,8613,,0.008,0,0,0,0,0,0,0,0,0,-1,,0,2,23,0,0,1100,12771,30,348,0,74,LowBurden,,Moderate,Moderate,0.069,28,325,1,0.87,0.069,-0.2,0,0.03,0,35,406,1,0.84,0,0,0,0,0.44,0,0.05,0,0,0,,,0,0,0.05,0,0,0,1,25,3,6,1,1,1,1,2554,0.297,2409,0.28,10,0.016,31,0.005,2,0.001,0.0157,0.003,0.0006,12,0.019,2,0.003,2542,0.375,2407,0.355,1178,0.67,1144,0.65,0.06,0.1,0.2,2.2,0,0.03,0.02,0.01,0.08,0.01,Uncertain
"Daniels County, MT",30019,Non-core,,,MT,8,1690,,0.002,0,0,0,0,0,0,0,0,0,,,0,0,0,0,0,197,11657,8,473,0,131,LowBurden,,Low,Low,0,6,355,2,1,0,0,0,0.25,0,6,355,2,0.75,0,0,0,0,0,0,,,0,0,,,-0.49,0,,,0,0,1,25,0,1,1,1,1,1,538,0.318,503,0.298,,,8,0.006,2,0.004,-0.0517,0.006,0.0042,7,0.06,1,0.009,531,0.397,502,0.375,263,0.55,252,0.527,0.07,0.04,0.28,2,0,0.03,0.02,0,0.02,0.01,Uncertain
"Carter County, MT",30011,Non-core,,,MT,8,1252,,0.001,0,0,0,0,0,0,0,0,0,-1,,0,3,240,0,0,151,12061,5,399,0,181,LowBurden,,Low,High,0,2,160,5,0,0,,4.5,-1,0,0,0,0.5,1,0,0,0,0,0.73,0,,,,,,,0.01,0,,,,,1,25,0,0,1,1,1,1,310,0.248,289,0.231,,,4,0.004,1,0.003,0,0.002,-0.0031,1,0.014,1,0.014,309,0.315,288,0.294,179,0.547,169,0.517,0.18,0.13,0.26,2.1,0,0.01,0.01,0,0.05,0.04,Uncertain
"Beaverhead County, MT",30001,Non-core,,,MT,8,9453,,0.009,0,0,1177,0.125,0,0,0,0,0,-1,,0,1,11,0,0,911,9637,11,116,0,70,LowBurden,,Low,Moderate,0.031,57,603,0,0.97,0.011,-0.17,0,0.01,0.02,69,730,0,0.96,0,0,0,0,0.5,0,,,0,0,-1,,0.03,-0.01,,,0,0,1,18,0,5,1,1,1,1,4101,0.434,3812,0.403,5,0.008,44,0.006,8,0.004,-0.0433,-0.0008,-0.0009,90,0.15,30,0.05,4011,0.513,3782,0.484,1754,0.832,1701,0.807,0.09,0.16,0.22,2.2,0,0.06,0.02,0,0.25,0.02,Uncertain
"Unallocated, MT",30000,,,,MT,8,,,,,,,,0,0,,0,,,,0,0,,0,,0,,0,,0,,,,,,0,28,,,,-0.062,0.4,,,0.062,20,,,,,,,,,,,,,,,,,,,,,,,,,,,,,,25723,,19517,,38,,254,,29,,,,,325,,104,,25386,,19413,,7648,,6630,,,,,,,,,,,,
"Cheyenne County, CO",8017,Non-core,,,CO,8,1831,,0,0,0,0,0,0,0,0,0,0,-1,,0,2,109,0,0,130,7100,6,328,0,120,LowBurden,,Low,High,0,53,2895,1,1,0,-0.04,0,0.02,0,55,3004,1,0.98,7,117,0,0,0.25,0.17,,,0,0,0,,0.08,0,,,0,0,1,6,0,4,1,1,1,1,181,0.099,207,0.113,,,,,,,,-0.0044,0,3,0.021,,,178,0.13,207,0.151,33,0.086,61,0.158,0.11,0.11,0.21,2.7,0.01,0.11,0.01,0.02,0.26,0.45,Uncertain
"Worth County, MO",29227,Non-core,,,MO,7,2013,,0,0,0,0,0,0,0,0,0,0,,,0,0,0,0,0,163,8097,2,99,0,78,LowBurden,,Low,Low,0,20,994,0,1,0,0.11,-1,0,0,18,894,1,1,,,,,,,,,,,,,,,,,,,,,,,,,,,653,0.324,580,0.288,,,4,0.002,,,-0.0076,-0.0019,-0.0057,3,0.023,1,0.008,650,0.401,579,0.358,349,0.669,321,0.615,0.07,0.15,0.26,2.3,0.01,0.02,0,0,0.22,0.68,Uncertain
"Shannon County, MO",29203,Non-core,,,MO,7,8166,,0.001,0,0,0,0,0,0,0,0,0,-1,,0,1,12,0,0,589,7213,12,147,0,13,LowBurden,,Low,Moderate,0,15,184,1,1,-0.043,-0.5,0,0,0.043,30,367,1,1,,,,,,,,,,,,,,,,,,,,,,,,,,,1466,0.18,1358,0.166,3,0.005,19,0.003,9,0.005,0.0017,-0.0019,0,6,0.01,,,1460,0.227,1358,0.211,740,0.4,707,0.383,0.17,0.29,0.23,2.6,0,0.02,0.01,0,0.64,0.8,Uncertain
"Scotland County, MO",29199,Non-core,,,MO,7,4902,,0.001,0,0,0,0,0,0,0,0,0,,,0,0,0,0,0,306,6242,4,82,0,78,LowBurden,,Low,Low,0,4,82,1,1,0,-0.75,0.5,0,0,16,326,0.5,1,0,0,0,0,0.57,0,,,0.21,0,,,-0.27,0,,,-0.04,0,1,14,0,4,1,1,1,1,1035,0.211,902,0.184,,,7,0.002,2,0.002,-0.0022,-0.0006,-0.0022,5,0.011,1,0.002,1030,0.295,901,0.258,512,0.564,454,0.5,0.35,0.16,0.19,2.6,0,0.01,0,0,0.53,0.71,Uncertain
"Schuyler County, MO",29197,Micropolitan,"Kirksville, MO",Micropolitan,MO,7,4660,0.155,0.001,0,0,0,0,0,0,0,0,0,,,0,0,0,0,0,342,7339,7,150,0,32,LowBurden,,Low,Low,0,11,236,0,1,0,-0.27,0,0,0,15,322,0,1,,,,,,,,,,,,,,,,,,,,,,,,,,,946,0.203,836,0.179,,,21,0.006,5,0.005,0,0.0014,0.0033,8,0.022,2,0.005,938,0.271,834,0.241,466,0.512,425,0.467,0.17,0.16,0.2,2.8,0,0.02,0,0,0.38,0.54,Uncertain
"Maries County, MO",29125,Non-core,,,MO,7,8697,,0.001,0,0,0,0,0,0,0,0,0,-1,,0,1,11,0,0,641,7370,8,92,0,32,LowBurden,,Moderate,Moderate,0.067,48,552,0,0.97,0.046,0.14,0,-0.03,0.021,42,483,0,1,,,,,,,,,,,,,,,,,,,,,,,,,,,2388,0.275,2128,0.245,8,0.012,19,0.003,4,0.002,-0.0046,-0.0013,-0.0005,45,0.068,13,0.02,2343,0.337,2115,0.305,1037,0.541,977,0.51,0.12,0.16,0.22,2.4,0.01,0.01,0.01,0,0.51,0.63,Uncertain
"La Paz County, AZ",4012,Non-core,,,AZ,9,21108,,0.003,0,0,0,0,0,0,0,0,0,-1,-1,0,7,33,1,4.7,2480,11749,80,379,0,3,LowBurden,,Low,Moderate,0.019,272,1289,1,0.96,0.015,2.78,0,-0.04,0.004,72,341,1,1,0,0,0,0,0.18,0.01,0.5,0.33,0,0,,,-0.09,0.01,0.25,0.33,0,0,2,52,2,16,1,1,1,1,8572,0.406,7148,0.339,10,0.008,70,0.004,24,0.003,-0.0091,-0.0006,-0.0007,173,0.143,76,0.063,8398,0.477,7072,0.402,4717,0.562,4193,0.5,0.14,0.22,0.4,2.3,0.01,0.28,0.12,0.01,0.92,0.81,Uncertain
"Knox County, MO",29103,Non-core,,,MO,7,3959,,0.001,0,0,0,0,0,0,0,0,0,-1,,0,1,25,0,0,378,9548,3,76,0,77,LowBurden,,Low,Moderate,0,18,455,0,1,0,-0.22,0,0,0,23,581,0,1,,,,,,,,,,,,,,,,,,,,,,,,,,,1233,0.311,1069,0.27,,,2,0.001,,,-0.0279,-0.0033,-0.0046,18,0.056,7,0.022,1214,0.401,1062,0.351,563,0.642,518,0.591,0.17,0.19,0.22,2.5,0.01,0.01,0,0,0.56,0.89,Uncertain
"Cameron County, PA",42023,Non-core,,,PA,3,4447,,0,0,0,0,0,0,0,0,0,0,-1,,0,2,45,0,0,303,6814,7,157,0,15,LowBurden,,Low,Moderate,0,28,630,0,0.96,-0.071,0.08,0,-0.04,0.071,26,585,0,1,,,,,,,,,,,,,,,,,,,,,,,,,,,2597,0.584,1995,0.449,2,0.008,11,0.003,2,,-0.0081,-0.0025,0,20,0.081,12,0.049,2577,0.704,1983,0.542,1289,0.999,1022,0.819,0.03,0.14,0.28,2.1,0.01,0.02,0,0,0.3,0.72,Uncertain
"Powder River County, MT",30075,Non-core,,,MT,8,1682,,0.002,0,0,0,0,0,0,0,0,0,-1,,0,2,119,0,0,126,7491,6,357,0,90,LowBurden,,Low,High,0,2,119,0,1,-0.5,-0.67,-0.5,0,0.5,6,357,0.5,1,,,,,,,,,,,,,,,,,,,,,,,,,,,279,0.166,263,0.156,,,1,0.001,1,0.002,0,-0.0014,0.0021,1,0.009,1,0.009,278,0.199,262,0.187,165,0.354,155,0.333,0.11,0.1,0.28,2,0,0.02,0.02,0,0.04,0.01,Uncertain
"Powell County, MT",30077,Non-core,,,MT,8,6890,,0.006,0,0,0,0,0,0,0,0,0,-1,-1,0,1,15,1,14.5,929,13483,11,160,0,12,LowBurden,,Low,Moderate,0,43,624,1,1,-0.017,-0.64,0,0,0.017,118,1713,1,1,0,0,0,0,0.31,0,,,0,0,,,0.2,0,,,0,0,1,16,0,4,1,1,1,1,2445,0.355,2212,0.321,1,0.003,41,0.007,13,0.009,0,0.001,0.0061,19,0.056,7,0.02,2426,0.412,2205,0.374,1056,0.721,968,0.661,0.09,0.13,0.21,2.2,0.01,0.03,0.05,0,0.25,0.27,Uncertain
"Adams County, NE",31001,Micropolitan,"Hastings, NE",Micropolitan,NE,7,31363,1,0.016,0,0,980,0.031,0,0,0,0,0,-1,,0,1,3,0,0,2993,9543,46,147,0,16,LowBurden,,Substantial,Substantial,0.085,51,163,1,1,0.003,-0.5,0,0.02,0.082,101,322,1,0.98,0,0,0,0,0.51,0.01,0.5,0.06,0.14,0.04,-1,,0.05,-0.01,0.09,0.03,0.1,0.02,1,54,10,14,1,1,1,1,7785,0.248,9111,0.291,26,0.01,82,0.003,8,0.001,-0.0044,-0.0014,0.0002,260,0.103,40,0.016,7524,0.313,9070,0.378,1819,0.307,3562,0.602,0.07,0.13,0.19,2.4,0.01,0.11,0.01,0.01,0.36,0.17,Uncertain
"Buffalo County, NE",31019,Micropolitan,"Kearney, NE",Micropolitan,NE,7,49659,0.884,0.026,0,0,4212,0.085,0,0,0,0,0,-1,,0,1,2,0,0,5521,11118,57,115,0,43,LowBurden,,Low,Moderate,0.048,119,240,1,0.91,-0.014,-0.5,0,-0.06,0.062,237,477,1,0.97,1,1,0,0,0.77,0.02,0.44,0.01,0.06,0,,,-0.02,0,-0.05,-0.02,-0.03,0,3,144,33,28,0.67,0.67,0.67,0.67,11860,0.239,13255,0.267,51,0.013,152,0.004,12,0.002,-0.0156,-0.0021,-0.0017,491,0.13,203,0.054,11369,0.299,13052,0.343,1958,0.262,3465,0.464,0.08,0.14,0.15,2.4,0.01,0.09,0,0.01,0.27,0.18,Uncertain
"Brown County, NE",31017,Non-core,,,NE,7,2955,,0.002,0,0,0,0,0,0,0,0,0,,,0,0,0,0,0,220,7445,2,68,0,165,LowBurden,,Low,High,0,5,169,1,1,-0.143,-0.55,0,0,0.143,11,372,1,1,0,0,0,0,0.29,0,0,0,0,0,,,-0.11,0,-0.29,0,0,0,1,5,1,1,1,1,1,1,859,0.291,823,0.279,2,0.008,4,0.002,,,0.0039,-0.0004,-0.0025,18,0.071,6,0.024,841,0.363,817,0.352,391,0.49,405,0.508,0.11,0.15,0.27,2,0,0.03,0.01,0,0.13,0.06,Uncertain
"Boyd County, NE",31015,Non-core,,,NE,7,1919,,0.001,0,0,0,0,0,0,0,0,0,,,0,0,0,0,0,176,9171,3,156,0,130,LowBurden,,Low,Low,0,1,52,0,1,0,-0.89,0,0,0,9,469,0,1,0,0,0,0,0.14,0,,,,,,,-0.07,0,,,,,1,6,0,0,1,1,1,1,458,0.239,487,0.254,,,2,0.001,1,0.002,-0.0169,-0.0032,-0.005,4,0.034,1,0.008,454,0.29,486,0.311,216,0.363,249,0.418,0.13,0.11,0.31,2.2,0,0.03,0.01,0.01,0.09,0.24,Uncertain
"Box Butte County, NE",31013,Non-core,,,NE,7,10783,,0.006,0,0,0,0,0,0,0,0,0,-1,,0,2,19,0,0,944,8755,8,74,0,5,LowBurden,,High,High,0.4,43,399,0,1,0.188,0.23,-1,0.08,0.212,35,325,1,0.92,0,0,1,4,0.3,0.01,,,0,0,-1,,0.01,-0.03,,,0,0,1,25,0,1,1,1,1,1,1663,0.154,2278,0.211,8,0.009,12,0.001,2,0.001,-0.0011,-0.002,-0.001,29,0.033,,,1633,0.203,2277,0.283,330,0.158,918,0.44,0.08,0.12,0.19,2.3,0.01,0.13,0.03,0.01,0.36,0.19,Uncertain
"Boone County, NE",31011,Non-core,,,NE,7,5192,,0.003,0,0,0,0,0,0,0,0,0,,,0,0,0,0,0,584,11248,4,77,0,60,LowBurden,,High,Low,0.2,8,154,1,1,0.2,0.6,0,0,0,5,96,1,1,0,0,0,0,0.59,0,,,0,0,,,0.07,0,,,0,0,1,17,0,2,1,1,1,1,1907,0.367,2027,0.39,1,0.002,6,0.002,1,0.001,-0.005,-0.0008,0,18,0.045,7,0.017,1889,0.474,2019,0.506,731,0.601,894,0.735,0.06,0.06,0.23,2.3,0,0.02,0,0,0.03,0.06,Uncertain
"Blaine County, NE",31009,Non-core,,,NE,7,465,,0,0,0,0,0,0,0,0,0,0,,,0,0,0,0,0,21,4516,0,0,0,194,LowBurden,,Low,Low,0,0,0,,,,,,,,0,0,,,,,,,,,,,,,,,,,,,,,,,,,,,,,70,0.151,81,0.174,,,,,,,0,0,0,3,0.115,1,0.038,67,0.177,80,0.211,27,0.216,32,0.256,0.07,0.12,0.27,2.2,0,0.02,0,0,0.09,0.15,Uncertain
"Banner County, NE",31007,Micropolitan,"Scottsbluff, NE",Micropolitan,NE,7,745,0.02,0,0,0,0,0,0,0,0,0,0,,,0,0,0,0,0,36,4832,0,0,0,165,LowBurden,,Low,Low,0,2,268,1,1,0,,0,0,0,0,0,1,1,,,,,,,,,,,,,,,,,,,,,,,,,,,115,0.154,132,0.177,,,1,0.002,,,,0,-0.0056,2,0.039,,,113,0.201,132,0.234,48,0.268,55,0.307,0.06,0.1,0.24,2.5,0.01,0.06,0,0,0,0.06,Uncertain
"Arthur County, NE",31005,Non-core,,,NE,7,463,,0,0,0,0,0,0,0,0,0,0,,,0,0,0,0,0,22,4752,1,216,0,200,LowBurden,,Low,Low,0,1,216,0,1,0,0,-1,0,0,1,216,1,1,,,,,,,,,,,,,,,,,,,,,,,,,,,37,0.08,57,0.123,1,0.024,,,,,0.0238,0,0,2,0.048,,,35,0.101,57,0.165,20,0.202,38,0.384,0.1,0.1,0.21,2.2,0,0.04,0,0,0.01,0.01,Uncertain
"Antelope County, NE",31003,Non-core,,,NE,7,6298,,0.003,0,0,0,0,0,0,0,0,0,,,0,0,0,0,0,536,8511,7,111,0,16,LowBurden,,Low,High,0,7,111,0,1,-0.556,-0.12,0,0.56,0.556,8,127,0,0.44,0,0,0,0,0.21,0,,,0,0,,,0.04,0,,,0,0,1,16,0,2,1,1,1,1,1568,0.249,1758,0.279,,,3,0.001,1,0.001,-0.0186,-0.0019,0.0007,32,0.066,15,0.031,1536,0.319,1743,0.362,635,0.419,854,0.564,0.07,0.13,0.24,2.4,0,0.03,0,0,0.1,0.06,Uncertain
"Tillamook County, OR",41057,Non-core,,,OR,10,27036,,0.006,0,0,0,0,0,0,0,0,0,-1,-1,0,1,4,1,3.7,660,2441,4,15,0,53,LowBurden,,Low,Low,0.021,179,662,0,0.5,-0.006,0.05,-1,-0.01,0.026,171,632,1,0.51,0,0,5,20,0.58,0,0.25,0,0,0,,0.25,-0.01,0,0,0,0,0,1,25,4,5,1,1,1,1,14132,0.523,12682,0.469,34,0.019,127,0.006,15,0.002,-0.0119,-0.0056,-0.0035,382,0.216,145,0.082,13737,0.626,12537,0.571,6024,0.844,5705,0.799,0.07,0.15,0.26,2.3,0.01,0.1,0.01,0.01,0.66,0.39,Uncertain
"Prairie County, MT",30079,Non-core,,,MT,8,1077,,0.001,0,0,0,0,0,0,0,0,0,,,0,0,0,0,0,141,13092,2,186,0,58,LowBurden,,Low,Low,0,3,279,2,1,0,2,1,0,0,1,93,1,1,0,0,0,0,0.77,0,,,0,0,,,-0.03,0,,,0,0,1,22,0,2,1,1,1,1,328,0.305,314,0.292,2,0.037,1,0.001,1,0.003,0.037,0.0011,0.0028,3,0.056,1,0.019,325,0.371,313,0.357,191,0.529,184,0.51,0.03,0.11,0.34,2.4,0,0.05,0.01,0.01,0.08,0.1,Uncertain
"Wibaux County, MT",30109,Non-core,,,MT,8,969,,0.001,0,0,0,0,0,0,0,0,0,,,0,0,0,0,0,121,12487,6,619,0,167,LowBurden,,Low,Low,0,0,0,1,1,,,,,,0,0,,,,,,,,,,,,,,,,,,,,,,,,,,,,,205,0.212,190,0.196,,,2,0.003,1,0.004,,0.0013,0,1,0.016,,,204,0.264,190,0.246,126,0.504,118,0.472,0.15,0.16,0.26,2.3,0,0.04,0.01,0.01,0.39,0.19,Uncertain
"Wheatland County, MT",30107,Non-core,,,MT,8,2126,,0.002,0,0,0,0,0,0,0,0,0,,,0,0,0,0,0,180,8467,8,376,0,96,LowBurden,,Low,Low,0,30,1411,2,1,0,-0.03,0,0.08,0,31,1458,2,0.92,0,0,0,0,0.57,0,,,,,,,-0.02,0,,,,,1,25,0,0,1,1,1,1,595,0.28,548,0.258,,,6,0.004,,,-0.0133,-0.0084,-0.0111,3,0.02,,,592,0.354,548,0.328,324,0.599,309,0.571,0.14,0.17,0.25,2.6,0,0.05,0.01,0,0.54,0.16,Uncertain
"Treasure County, MT",30103,Non-core,,,MT,8,696,,0.001,0,0,0,0,0,0,0,0,0,,,0,0,0,0,0,55,7902,1,144,0,132,LowBurden,,Low,Low,,1,144,,,,,,,0,0,0,1,1,,,,,,,,,,,,,,,,,,,,,,,,,,,259,0.372,242,0.348,,,4,0.007,1,0.005,,0.0036,0,,,,,259,0.472,242,0.441,163,0.811,157,0.781,0.05,0.16,0.29,2.1,0,0.04,0.03,0.01,0.06,0.02,Uncertain
"Wheeler County, OR",41069,Non-core,,,OR,10,1332,,0,0,0,0,0,0,0,0,0,0,-1,,0,1,75,0,0,34,2553,1,75,0,18,LowBurden,,Low,Substantial,0,5,375,0,1,0,-0.55,0,0,0,11,826,0,1,,,,,,,,,,,,,,,,,,,,,,,,,,,628,0.471,582,0.437,2,0.029,7,0.006,2,0.004,-0.1,0.0052,0.0041,13,0.186,,,611,0.533,582,0.507,339,0.7,326,0.674,0.06,0.2,0.36,2.1,0,0.06,0.02,0.01,0.39,0.46,Uncertain
"Toole County, MT",30101,Non-core,,,MT,8,4736,,0.004,0,0,0,0,0,0,0,0,0,-1,,0,1,21,0,0,723,15266,11,232,0,33,LowBurden,,Low,Moderate,0.007,122,2576,0,1,0,-0.21,0,0,0.006,155,3273,0,1,0,0,0,0,0.22,0.01,0.14,0,0,0,-1,,0.12,-0.01,0.14,0,0,0,1,21,2,4,1,1,1,1,1665,0.352,1543,0.326,1,0.003,28,0.007,4,0.004,0,0.0013,-0.0011,3,0.01,,,1661,0.443,1543,0.411,610,0.662,587,0.637,0.12,0.15,0.19,2.2,0.01,0.04,0.05,0.01,0.48,0.11,Uncertain
"Unallocated, PA",42000,,,,PA,3,,,,,,,,0,0,,0,,,,0,0,,0,,0,,0,,0,,,,,,0.021,1571,,,,-0.009,-0.22,,,0.03,2012,,,,,,,,,,,,,,,,,,,,,,,,,,,,,,604406,,391020,,2447,,5430,,813,,,,,15003,,2516,,589013,,388387,,180663,,125918,,,,,,,,,,,,
"Sheridan County, MT",30091,Non-core,,,MT,8,3309,,0.003,0,0,0,0,0,0,0,0,0,-1,,0,1,30,0,0,424,12814,5,151,0,67,LowBurden,,Low,Moderate,0,16,484,1,0.9,0,-0.27,0,-0.1,0,22,665,1,1,0,0,0,0,0.28,0,0,0,0,0,,,0.06,0,0,0,0,0,1,19,1,1,1,1,1,1,1251,0.378,1187,0.359,3,0.013,10,0.004,6,0.008,0.0132,0.0031,0.0065,5,0.022,,,1246,0.476,1187,0.453,628,0.816,615,0.799,0.08,0.11,0.23,2.1,0.01,0.04,0.02,0,0.09,0.09,Uncertain
"Rosebud County, MT",30087,Non-core,,,MT,8,8937,,0.008,0,0,0,0,0,0,0,0,0,-1,,0,3,34,0,0,1229,13752,50,559,0,22,LowBurden,,Low,Moderate,0,57,638,3,0.98,0,-0.16,1,-0.02,0,68,761,2,1,0,0,0,0,0.31,0,0,0,0,0,,,0.09,0,0,0,0,0,1,11,1,3,1,1,1,1,5449,0.61,4577,0.512,84,0.1,68,0.011,4,0.003,-0.0332,0.0005,-0.002,290,0.344,60,0.071,5155,0.81,4516,0.709,1441,0.979,1353,0.919,0.2,0.19,0.16,2.9,0,0.05,0.37,0.01,0.61,0.16,Uncertain
"Richland County, MT",30083,Non-core,,,MT,8,10803,,0.01,0,0,0,0,0,0,0,0,0,-1,,0,2,19,0,0,1242,11497,17,157,0,32,LowBurden,,Low,Moderate,0,27,250,0,0.88,0,-0.4,0,-0.09,0,45,417,0,0.98,7,27,0,0,0.51,0,0.86,0,0,0,0,,-0.01,0,0.19,0,0,0,1,26,3,9,1,1,1,1,2819,0.261,2582,0.239,8,0.009,56,0.007,12,0.007,0.008,0.0021,0.0036,37,0.042,1,0.001,2780,0.343,2580,0.318,1152,0.694,1107,0.667,0.11,0.05,0.15,2.5,0,0.06,0.02,0,0.21,0.1,Uncertain
"Howard County, NE",31093,Small metro,"Grand Island, NE",Metropolitan,NE,7,6445,0.085,0.003,0,0,0,0,0,0,0,0,0,,,0,0,0,0,0,559,8673,10,155,0,34,LowBurden,,High,Low,0.5,4,62,1,1,0.5,-0.76,0,0,0,17,264,1,1,0,0,0,0,0.38,0,,,,,,,0.12,0,,,,,1,8,0,0,1,1,1,1,1858,0.288,2037,0.316,6,0.011,12,0.002,,,0,-0.0006,0,27,0.05,8,0.015,1831,0.374,2029,0.415,738,0.529,951,0.682,0.06,0.11,0.22,2.4,0.01,0.02,0,0,0.08,0.02,Uncertain
"Dewey County, OK",40043,Non-core,,,OK,6,4891,,0.001,0,0,0,0,0,0,0,0,0,,,0,0,0,0,0,552,11286,14,286,0,141,LowBurden,,Moderate,Low,0.071,7,143,1,0.93,0.071,0.75,0,-0.07,0,4,82,1,1,0,0,0,0,0.25,0,,,0,0,,,0.02,0,,,-0.14,0,1,18,0,3,1,1,1,1,993,0.203,901,0.184,,,6,0.002,1,0.001,-0.0068,-0.0008,0,5,0.011,1,0.002,988,0.278,900,0.253,493,0.555,468,0.527,0.18,0.17,0.18,2.8,0.01,0.08,0.06,0.01,0.22,0.34,Uncertain
"Gentry County, MO",29075,Non-core,,,MO,7,6571,,0.001,0,0,0,0,0,0,0,0,0,,,0,0,0,0,0,829,12616,20,304,0,12,LowBurden,,Low,Low,0,68,1035,1,1,0,-0.2,0,0,0,85,1294,1,1,0,0,0,0,0.4,0,,,0,0,,,-0.04,0,,,0,0,1,12,0,3,1,1,1,1,2144,0.326,1959,0.298,,,13,0.003,4,0.003,-0.0078,-0.0016,-0.0015,19,0.037,11,0.022,2125,0.432,1948,0.396,953,0.729,889,0.68,0.11,0.17,0.2,2.5,0.01,0.02,0,0,0.44,0.6,Uncertain
"Sheridan County, ND",38083,Non-core,,,ND,8,1315,,0.002,0,0,0,0,0,0,0,0,0,,,0,0,0,0,0,122,9278,2,152,0,55,LowBurden,,Low,Low,0,6,456,,,0,0.5,,,0,4,304,,,,,,,,,,,,,,,,,,,,,,,,,,,,,414,0.315,386,0.294,,,,,,,,-0.0009,0,,,,,414,0.383,386,0.357,231,0.516,219,0.489,0.06,0.14,0.34,2,0,0.01,0.01,0,0.07,0.11,Uncertain
"Slope County, ND",38087,Non-core,,,ND,8,750,,0.001,0,0,0,0,0,0,0,0,0,,,0,0,0,0,0,32,4267,0,0,0,167,LowBurden,,Low,Low,0,2,267,,,0,-0.33,,,0,3,400,,,,,,,,,,,,,,,,,,,,,,,,,,,,,80,0.107,66,0.088,,,1,0.002,,,,-0.0017,-0.0112,,,,,80,0.134,66,0.11,49,0.275,38,0.213,0.02,0.06,0.24,2.1,0.01,0.04,0.01,0,0.01,0.01,Uncertain
"Alpine County, CA",6003,Non-core,,,CA,9,1129,,0,0,0,0,0,0,0,0,0,0,,,0,0,0,0,0,89,7883,0,0,0,119,LowBurden,,Low,Low,,0,0,,,,,,,,0,0,,,,,,,,,,,,,,,,,,,,,,,,,,,,,,,,,,,,,,,,,,,,,,,,,,,,,,0.1,0.2,0.26,3.7,0,0.12,0.22,0.02,0.73,0.91,Uncertain
"Walsh County, ND",38099,Non-core,,,ND,8,10641,,0.014,0,0,0,0,0,0,0,0,0,-1,-1,0,3,28,1,9.4,1912,17968,27,254,0,39,LowBurden,,Low,Moderate,0.015,70,658,0,1,0.015,-0.12,0,0,0,80,752,0,1,0,0,0,0,0.56,0,,,0,0,,,0.03,0,,,0,0,2,25,0,4,1,1,1,1,4909,0.461,4298,0.404,15,0.019,36,0.004,1,0,0.0038,-0.0002,-0.0009,113,0.144,46,0.059,4792,0.585,4252,0.519,1842,0.804,1671,0.729,0.06,0.1,0.22,2.2,0.01,0.12,0.02,0.01,0.37,0.23,Uncertain
"Unallocated, OH",39000,,,,OH,5,,,,,,,,0,0,,0,,,,0,0,,0,,0,,3,,0,,,,,,0.003,894,,,,0.002,-0.21,,,0.001,1134,,,,,,,,,,,,,,,,,,,,,,,,,,,,,,328019,,113593,,764,,3964,,500,,,,,6752,,319,,321227,,113269,,78763,,37269,,,,,,,,,,,,
"Hamilton County, NY",36041,Non-core,,,NY,2,4416,,0,0,0,0,0,0,0,0,0,0,,,0,0,0,0,0,313,7088,2,45,0,10,LowBurden,,Low,Low,0,38,861,1,1,0,-0.07,0,0,0,41,928,1,1,,,,,,,,,,,,,,,,,,,,,,,,,,,3384,0.766,3074,0.696,6,0.023,37,0.01,8,,-0.0996,-0.0045,0,79,0.303,26,0.1,3305,0.867,3048,0.799,1472,0.999,1367,0.972,0.07,0.07,0.32,4,0.01,0.02,0,0.01,0.39,0.67,Uncertain
"Madison County, AR",5087,Medium metro,"Fayetteville-Springdale-Rogers, AR",Metropolitan,AR,6,16576,0.031,0.005,0,0,0,0,0,0,0,0,0,,,0,0,0,0,0,1463,8826,23,139,0,26,LowBurden,,Low,Low,0,34,205,0,0.97,0,2.4,0,-0.03,0,10,60,0,1,,,,,,,,,,,,,,,,,,,,,,,,,,,4829,0.291,4004,0.242,9,0.007,66,0.005,11,0.003,-0.0037,-0.0012,-0.0009,67,0.049,25,0.018,4760,0.374,3978,0.313,1963,0.611,1731,0.539,0.11,0.17,0.19,2.6,0,0.06,0.01,0.01,0.65,0.6,Uncertain
"Harding County, NM",35021,Non-core,,,NM,6,625,,0,0,0,0,0,0,0,0,0,0,,,0,0,0,0,0,12,1920,1,160,0,0,LowBurden,,Low,Low,0,6,960,0,1,0,0.5,-1,0.14,0,4,640,1,0.86,,,,,,,,,,,,,,,,,,,,,,,,,,,104,0.166,181,0.29,,,1,0.002,,,-0.1176,-0.0018,0,11,0.647,5,0.294,93,0.168,176,0.317,36,0.147,76,0.31,0.02,0.18,0.39,2.2,0,0.47,0,0,0.36,0.57,Uncertain
"Mono County, CA",6051,Non-core,,,CA,9,14444,,0,0,0,0,0,0,0,0,0,0,-1,,0,3,21,0,0,1294,8959,4,28,0,5,LowBurden,,Low,Moderate,,0,0,,,,,,,,0,0,,,0,0,0,0,0.23,0,0.14,0,0,0,-1,,-0.03,-0.02,0.14,0,0,0,1,17,2,13,1,1,1,1,,,,,,,,,,,,,,,,,,,,,,,,,,0.17,0.1,0.16,2.9,0.01,0.27,0.02,0.02,0.14,0.18,Uncertain
"De Baca County, NM",35011,Non-core,,,NM,6,1748,,0.001,0,0,0,0,0,0,0,0,0,-1,,0,1,57,0,0,172,9840,2,114,0,12,LowBurden,,Low,Substantial,0,6,343,0,1,0,-0.4,0,0,0,10,572,0,1,,,,,,,,,,,,,,,,,,,,,,,,,,,260,0.149,501,0.287,,,4,0.003,,,-0.0072,-0.0088,-0.006,2,0.014,,,258,0.19,501,0.369,83,0.166,259,0.517,0.08,0.17,0.29,2.9,0.01,0.46,0.01,0,0.69,0.86,Uncertain
"Sierra County, CA",6091,Non-core,,,CA,9,3005,,0,0,0,0,0,0,0,0,0,0,-1,,0,1,33,0,0,113,3760,0,0,0,129,LowBurden,,Low,Moderate,,0,0,,,,,,,,0,0,,,,,,,,,,,,,,,,,,,,,,,,,,,,,,,,,,,,,,,,,,,,,,,,,,,,,,0.1,0.08,0.32,2.3,0,0.13,0.02,0.01,0.05,0.23,Uncertain
"Tulare County, CA",6107,Medium metro,"Visalia, CA",Metropolitan,CA,9,466195,1,0.012,0.001,0,0,0,0,0,0,2,0.4,,-0.5,0,0,0,4,0.9,49854,10694,848,182,0,14,LowBurden,,Low,Low,,4283,919,,,,-0.48,,,0.011,8167,1752,,,15,3,6,1,0.84,0.02,0.58,0.02,0.31,0,0.82,-0.42,-0.02,0,-0.01,0,-0.03,0,4,453,55,206,1,1,1,1,172928,0.371,142516,0.306,539,0.011,1974,0.006,173,0.003,-0.0056,-0.0028,-0.0015,7090,0.147,3801,0.079,165526,0.511,138659,0.428,41264,0.76,36296,0.669,0.1,0.25,0.12,3.3,0.01,0.66,0.01,0.03,0.94,0.84,Uncertain
"White Pine County, NV",32033,Non-core,,,NV,9,9580,,0.003,0,0,0,0,0,0,0,0,0,,,0,0,0,0,0,625,6524,6,63,0,25,LowBurden,,Low,Low,0.03,28,292,0,0.97,0.03,-0.43,0,-0.03,0,49,511,0,1,0,0,0,0,0.27,0,0,0,0,0,-1,,0.04,-0.03,0,0,0,0,1,25,2,7,1,1,1,1,3971,0.415,3590,0.375,1,0.001,14,0.002,2,0.001,-0.0075,-0.0058,-0.0006,66,0.099,16,0.024,3904,0.511,3573,0.468,1289,0.735,1202,0.685,0.09,0.11,0.18,2.3,0.05,0.17,0.04,0.01,0.37,0.24,Uncertain
"Lee County, AR",5077,Non-core,,,AR,6,8857,,0.003,0,0,0,0,0,0,0,2,22.6,-1,,0,2,23,0,0,1699,19183,37,418,0,12,LowBurden,,Low,Moderate,0,24,271,0,1,-0.047,-0.25,0,0,0.047,32,361,0,1,,,,,,,,,,,,,,,,,,,,,,,,,,,2279,0.257,1896,0.214,1,0.002,31,0.004,11,0.006,0.0018,-0.001,0.0011,8,0.015,5,0.009,2271,0.314,1891,0.262,1100,0.616,963,0.539,0.09,0.26,0.2,2.3,0.54,0.02,0.01,0.01,0.97,0.96,Uncertain
"Mineral County, NV",32021,Non-core,,,NV,9,4505,,0.001,0,0,0,0,0,0,0,0,0,,,0,0,0,0,0,309,6859,7,155,0,87,LowBurden,,Low,Substantial,0,23,511,2,0.8,-0.091,0.53,0,-0.2,0.091,15,333,2,1,0,0,0,0,0.36,0,,,0,0,,,-0.17,0,,,0,0,1,11,0,3,1,1,1,1,1949,0.433,1719,0.382,,,18,0.005,5,0.004,-0.011,-0.0011,-0.0026,33,0.121,2,0.007,1915,0.529,1716,0.474,851,0.743,787,0.687,0.13,0.24,0.25,2.3,0.04,0.13,0.15,0.03,0.88,0.8,Uncertain
"Highland County, OH",39071,Non-core,,,OH,5,43161,,0.004,0,0,0,0,0,0,0,0,0,-1,,0,5,12,0,0,3581,8297,65,151,0,23,LowBurden,,Low,Moderate,0.005,220,510,1,0.98,-0.017,-0.34,0,-0.02,0.023,332,769,1,1,0,0,0,0,0.38,0,,,0.02,0,,,0.04,0,,,-0.02,0,2,69,0,28,1,1,1,1,12014,0.278,11054,0.256,22,0.006,151,0.005,31,0.004,-0.0016,-0.0022,-0.0005,212,0.058,85,0.023,11802,0.358,10969,0.333,5280,0.646,4980,0.61,0.09,0.21,0.19,2.6,0.01,0.01,0,0,0.69,0.73,Uncertain
"Lincoln County, NV",32017,Non-core,,,NV,9,5183,,0.002,0,0,0,0,0,0,0,0,0,,,0,0,0,0,0,362,6984,3,58,0,50,LowBurden,,Low,High,0,5,96,1,1,-0.167,-0.29,0,0,0.167,7,135,1,1,0,0,0,0,0.5,0,,,0,0,,,-0.29,0,,,0,0,1,4,0,4,1,1,1,1,1526,0.294,1389,0.268,,,17,0.004,3,0.002,-0.0106,-0.0002,-0.0015,44,0.116,15,0.04,1482,0.356,1374,0.33,697,0.532,663,0.506,0.07,0.07,0.25,2.3,0.03,0.08,0.01,0.01,0.42,0.5,Uncertain
"Eureka County, NV",32011,Micropolitan,"Elko, NV",Micropolitan,NV,9,2029,0.037,0.001,0,0,0,0,0,0,0,0,0,,,0,0,0,0,0,55,2711,0,0,0,111,LowBurden,,Low,Low,0,3,148,0,1,0,-0.57,0,0,0,7,345,0,1,,,,,,,,,,,,,,,,,,,,,,,,,,,433,0.213,377,0.186,3,0.016,4,0.003,1,0.003,0.016,-0.0013,0,5,0.027,,,428,0.279,377,0.246,153,0.461,140,0.422,0.1,0.08,0.16,2.4,0.01,0.13,0.03,0.01,0.07,0.18,Uncertain
"Esmeralda County, NV",32009,Non-core,,,NV,9,873,,0,0,0,0,0,0,0,0,0,0,,,0,0,0,0,0,38,4353,0,0,0,172,LowBurden,,Low,Low,0,4,458,1,1,0,-0.43,-1,0.4,0,7,802,2,0.6,,,,,,,,,,,,,,,,,,,,,,,,,,,318,0.364,265,0.304,,,2,0.003,2,0.006,-0.0244,-0.004,0.0032,4,0.098,1,0.024,314,0.419,264,0.352,133,0.426,115,0.369,0.14,0.07,0.36,2.2,0.03,0.19,0.07,0.01,0.64,0.86,Uncertain
"Unallocated, NV",32000,,,,NV,9,,,,,,,,0,0,,0,,,,0,0,,0,,0,,0,,0,,,,,,0.019,822,,,,0.005,-0.16,,,0.014,981,,,,,,,,,,,,,,,,,,,,,,,,,,,,,,81178,,58972,,301,,2362,,218,,,,,1876,,542,,79283,,58425,,14466,,12559,,,,,,,,,,,,
"York County, NE",31185,Non-core,,,NE,7,13679,,0.007,0,0,377,0.028,0,0,0,0,0,,,0,0,0,0,0,1768,12925,11,80,0,14,LowBurden,,Low,Substantial,0,22,161,0,1,-0.083,-0.56,0,0.19,0.083,50,366,0,0.81,0,0,0,0,0.28,0,0,0,0,0,,,-0.06,0,0,0,0,0,2,28,1,3,1,1,1,1,5142,0.376,5065,0.37,47,0.043,60,0.006,3,0.001,-0.012,-0.002,-0.0007,148,0.137,21,0.019,4993,0.475,5044,0.48,1833,0.641,2094,0.732,0.07,0.1,0.21,2.2,0.02,0.05,0.01,0.01,0.18,0.05,Uncertain
"Wheeler County, NE",31183,Non-core,,,NE,7,783,,0,0,0,0,0,0,0,0,0,0,,,0,0,0,0,0,39,4981,0,0,0,164,LowBurden,,Low,Low,0,1,128,1,1,,,,,,0,0,,,,,,,,,,,,,,,,,,,,,,,,,,,,,152,0.194,168,0.215,,,,,,,,-0.0016,0,,,,,152,0.24,168,0.265,64,0.287,82,0.368,0.12,0.09,0.28,2.3,0,0.02,0.01,0,0,0.03,Uncertain
"Sioux County, ND",38085,Small metro,,,ND,8,4230,,0.006,0,0,225,0.053,0,0,0,0,0,,,0,0,0,0,0,663,15674,12,284,0,25,LowBurden,,Low,Low,0,25,591,0,1,0,-0.46,0,0,0,46,1087,0,1,0,0,0,0,0.04,0,,,0,0,,,0.01,0,,,0,0,1,12,0,1,1,1,1,1,1297,0.307,1054,0.249,4,0.008,5,0.002,,,-0.0103,-0.0041,-0.0028,59,0.121,18,0.037,1238,0.456,1036,0.381,266,0.741,244,0.68,0.32,0.37,0.08,3.9,0.01,0.05,0.78,0,0.88,0.75,Uncertain
"Pembina County, ND",38067,Non-core,,,ND,8,6801,,0.009,0,0,0,0,0,0,0,0,0,-1,,0,7,103,0,0,822,12086,11,162,0,2,LowBurden,,Low,High,0,38,559,0,1,-0.229,0.15,0,0,0.229,33,485,0,1,0,0,0,0,0.21,0,,,0,0,,,0.02,0,,,0,0,1,12,0,2,1,1,1,1,3069,0.451,2721,0.4,3,0.006,23,0.004,3,0.002,-0.0042,-0.0015,0.0012,53,0.11,29,0.06,3016,0.558,2692,0.498,1337,0.824,1223,0.754,0.07,0.07,0.24,2.2,0.01,0.03,0.02,0,0.04,0.08,Uncertain
"Jefferson County, NE",31095,Non-core,,,NE,7,7046,,0.004,0,0,0,0,0,0,0,0,0,,,0,0,0,0,0,669,9495,1,14,0,52,LowBurden,,Low,Low,0,16,227,0,1,0,0,-1,0,0,16,227,1,1,0,0,0,0,0.31,0,,,,,,,-0.08,0,,,,,1,13,0,0,1,1,1,1,2989,0.424,2864,0.406,31,0.058,41,0.007,6,0.003,0.0472,0.0018,0.0029,48,0.091,12,0.023,2940,0.532,2852,0.516,1276,0.74,1339,0.777,0.06,0.12,0.24,2.2,0,0.05,0.01,0,0.22,0.2,Uncertain
"Oliver County, ND",38065,Small metro,"Bismarck, ND",Metropolitan,ND,8,1959,0.015,0.003,0,0,0,0,0,0,0,0,0,-1,,0,1,51,0,0,158,8065,3,153,0,174,LowBurden,,Low,Substantial,0,3,153,,,0,-0.25,,,0,4,204,0,1,,,,,,,,,,,,,,,,,,,,,,,,,,,402,0.205,377,0.192,,,1,0.001,1,0.002,-0.0061,-0.0014,0,6,0.037,3,0.018,395,0.27,374,0.255,207,0.466,198,0.446,0.09,0.09,0.23,2.4,0,0.02,0.03,0,0.21,0.48,Uncertain
"Prairie County, AR",5117,Non-core,,,AR,6,8062,,0.003,0,0,0,0,0,0,0,0,0,-1,,0,7,87,0,0,910,11288,21,260,0,2,LowBurden,,Low,High,0.043,23,285,0,1,-0.099,0.77,0,0,0.143,13,161,0,1,,,,,,,,,,,,,,,,,,,,,,,,,,,2516,0.312,1946,0.241,,,39,0.006,8,0.004,-0.0093,-0.0011,-0.0036,18,0.034,12,0.022,2497,0.389,1934,0.302,1080,0.56,868,0.45,0.08,0.16,0.24,2.1,0.11,0.02,0,0,0.65,0.93,Uncertain
"Transylvania County, NC",37175,Micropolitan,"Brevard, NC",Micropolitan,NC,4,34385,1,0.003,0,0,687,0.02,0,0,0,0,0,,,0,0,0,0,0,2385,6936,33,96,0,37,LowBurden,,Moderate,Low,0.051,123,358,1,0.99,0.032,-0.61,0,-0.01,0.02,313,910,1,1,0,0,0,0,0.36,0.03,0.17,0.17,0.04,0,,,-0.14,0,0.02,0.17,0,0,1,37,6,8,1,1,1,1,15328,0.446,13612,0.396,115,0.061,77,0.003,13,0.001,0.0582,-0.0013,-0.0002,315,0.167,161,0.085,14999,0.515,13451,0.462,7067,0.654,6510,0.602,0.14,0.15,0.31,2.3,0.03,0.03,0,0.01,0.4,0.58,Uncertain
"Granville County, NC",37077,Micropolitan,"Durham-Chapel Hill, NC",Metropolitan,NC,4,60443,0.094,0.006,0,0,0,0,0,0,0,0,0,,-1,0,0,0,1,1.7,5988,9907,83,137,0,35,LowBurden,,Low,Low,0.001,1155,1911,1,0.99,-0.002,-0.23,0,0.04,0.003,1505,2490,1,0.95,1,2,0,0,0.46,0,0.45,0.17,0,0,-0.75,,-0.06,-0.02,-0.05,0.12,0,0,1,53,6,8,1,1,1,1,26780,0.443,22877,0.378,52,0.011,177,0.004,15,0.001,-0.0052,-0.0009,-0.0005,753,0.162,393,0.084,25999,0.541,22473,0.468,7849,0.735,7144,0.669,0.09,0.14,0.18,2.6,0.31,0.09,0,0.01,0.66,0.79,Uncertain
"Monroe County, AR",5095,Non-core,,,AR,6,6701,,0.002,0,0,0,0,0,0,0,0,0,,,0,0,0,0,0,871,12998,17,254,0,73,LowBurden,,Low,Substantial,0,17,254,0,0.96,-0.083,2.4,0,0.04,0.083,5,75,0,0.92,,,,,,,,,,,,,,,,,,,,,,,,,,,2712,0.405,2171,0.324,6,0.014,34,0.006,6,0.004,-0.007,-0.0006,0.0006,45,0.105,26,0.06,2666,0.5,2145,0.403,1101,0.683,896,0.556,0.1,0.28,0.24,2.2,0.4,0.03,0,0.01,0.85,0.99,Uncertain
"Unallocated, ND",38000,,,,ND,8,,,,,,,,0,0,,0,,,-1,0,0,,1,,0,,31,,0,,,,,,0.022,322,,,,-0.052,-0.39,,,0.073,526,,,,,,,,,,,,,,,,,,,,,,,,,,,,,,16241,,13033,,30,,280,,32,,,,,235,,72,,15992,,12961,,4452,,3176,,,,,,,,,,,,
"Adams County, ND",38001,Non-core,,,ND,8,2216,,0.003,0,0,0,0,0,0,0,0,0,,,0,0,0,0,0,270,12184,3,135,0,131,LowBurden,,Low,Low,0,18,812,,,0,2.6,,,0,5,226,,,0,0,0,0,0.56,0,,,0,0,,,0.15,0,,,0,0,1,12,0,7,1,1,1,1,941,0.425,838,0.378,,,7,0.004,1,0.002,-0.0069,0.0022,0,9,0.062,1,0.007,932,0.521,837,0.468,476,0.753,437,0.691,0.07,0.08,0.29,2.2,0.01,0.02,0.01,0.03,0.03,0.01,Uncertain
"Billings County, ND",38007,Non-core,"Dickinson, ND",Micropolitan,ND,8,928,0.029,0.001,0,0,0,0,0,0,0,0,0,,,0,0,0,0,0,54,5819,0,0,0,165,LowBurden,,Low,Low,0,3,323,,,0,-0.4,,,0,5,539,,,,,,,,,,,,,,,,,,,,,,,,,,,,,150,0.162,129,0.139,,,1,0.001,,,,0,0,,,,,150,0.204,129,0.176,50,0.237,45,0.213,0.04,0.09,0.23,2.4,0,0.03,0.01,0.04,0.03,0.02,Uncertain
"Bowman County, ND",38011,Non-core,,,ND,8,3024,,0.004,0,0,0,0,0,0,0,0,0,-1,,0,1,33,0,0,404,13360,5,165,0,87,LowBurden,,Low,Moderate,0,104,3439,0,1,-0.024,0.7,0,0,0.024,61,2017,0,1,0,0,0,0,0.21,0,,,,,,,0.02,0,,,,,1,12,0,0,1,1,1,1,1036,0.343,843,0.279,4,0.016,12,0.005,2,0.003,0.0162,0.0022,-0.0015,7,0.028,3,0.012,1029,0.45,840,0.367,564,0.841,462,0.689,0.05,0.08,0.22,2.2,0,0.05,0.01,0,0.18,0.09,Uncertain
"Cavalier County, ND",38019,Non-core,,,ND,8,3762,,0.005,0,0,0,0,0,0,0,0,0,,,0,0,0,0,0,432,11483,5,133,0,63,LowBurden,,Low,Low,0,25,665,0,1,0,1.5,0,0,0,10,266,0,1,0,0,0,0,0.37,0,,,0,0,,,0,0,,,0,0,1,6,0,2,1,1,1,1,1870,0.497,1755,0.467,,,8,0.003,3,0.003,-0.0471,-0.0014,0.001,47,0.17,24,0.087,1821,0.626,1731,0.595,787,0.763,758,0.735,0.05,0.1,0.27,2.1,0,0.01,0.02,0,0.02,0.06,Uncertain
"Dickey County, ND",38021,Non-core,,,ND,8,4872,,0.006,0,0,192,0.039,0,0,0,0,0,,,0,0,0,0,0,799,16400,33,677,0,18,LowBurden,,Low,Low,0,6,123,0,1,0,-0.57,0,0,0,14,287,0,1,0,0,0,0,0.26,0,,,0,0,,,0.19,0,,,0,0,1,10,0,2,1,1,1,1,2127,0.437,1968,0.404,6,0.014,20,0.005,1,0.001,-0.0329,0.0016,0.001,75,0.176,40,0.094,2049,0.557,1928,0.524,860,0.852,839,0.832,0.04,0.05,0.21,2.2,0.01,0.03,0.01,0.01,0.12,0.07,Uncertain
"Divide County, ND",38023,Non-core,,,ND,8,2264,,0.003,0,0,0,0,0,0,0,0,0,-1,,0,3,133,0,0,187,8260,2,88,0,24,LowBurden,,Low,High,0,3,133,0,1,0,2,0,0,0,1,44,0,1,0,0,0,0,0.82,0,,,0,0,,,0.1,0,,,0,0,1,10,0,1,1,1,1,1,799,0.353,705,0.311,1,0.006,8,0.005,1,0.002,-0.0116,-0.0017,0,20,0.116,5,0.029,779,0.449,700,0.404,351,0.611,316,0.551,0.08,0.14,0.25,2,0.02,0.03,0.01,0.02,0.03,0.01,Uncertain
"Eddy County, ND",38027,Non-core,,,ND,8,2287,,0.003,0,0,0,0,0,0,0,0,0,-1,,0,2,87,0,0,471,20595,6,262,0,119,LowBurden,,Low,Substantial,0,12,525,0,1,-0.007,-0.92,0,0,0.007,145,6340,0,1,,,,,,,,,,,,,,,,,,,,,,,,,,,978,0.428,924,0.404,1,0.006,3,0.002,,,-0.0286,-0.0011,-0.0018,16,0.091,7,0.04,962,0.549,917,0.524,432,0.799,415,0.767,0.06,0.14,0.24,2.1,0,0.04,0.04,0,0.29,0.53,Uncertain
"Foster County, ND",38031,Non-core,,,ND,8,3210,,0.004,0,0,0,0,0,0,0,0,0,,,0,0,0,0,0,600,18692,19,592,0,20,LowBurden,,Low,Low,0,8,249,0,1,0,-0.67,0,0,0,24,748,0,1,0,0,0,0,0.07,0,,,0,0,-1,,-0.4,-0.07,,,0,0,1,6,0,2,1,1,1,1,1445,0.45,1307,0.407,5,0.022,6,0.002,3,0.004,0.0086,-0.0028,-0.0028,27,0.116,10,0.043,1415,0.562,1295,0.514,595,0.818,532,0.732,0.06,0.07,0.23,2.2,0,0.02,0.01,0.01,0.02,0.04,Uncertain
"Golden Valley County, ND",38033,Non-core,,,ND,8,1761,,0.002,0,0,0,0,0,0,0,0,0,,,0,0,0,0,0,260,14764,3,170,0,64,LowBurden,,Low,Moderate,0,12,681,0,1,-0.062,-0.25,0,0,0.062,16,909,0,1,,,,,,,,,,,,,,,,,,,,,,,,,,,449,0.255,364,0.207,,,3,0.002,1,0.002,0,0.0015,0.0022,5,0.032,2,0.013,444,0.322,362,0.263,245,0.543,196,0.435,0.1,0.07,0.26,2.1,0.01,0.03,0.01,0,0.09,0.14,Uncertain
"Grant County, ND",38037,Non-core,,,ND,8,2274,,0.003,0,0,0,0,0,0,0,0,0,,,0,0,0,0,0,211,9279,7,308,0,22,LowBurden,,Low,Low,0,4,176,,,0,-0.89,,,0,38,1671,,,0,0,0,0,0.03,0,,,0,0,,,0.01,0,,,0,0,1,33,0,1,1,1,1,1,371,0.163,306,0.135,,,2,0.001,,,0,0.0011,0,2,0.014,2,0.014,369,0.204,304,0.168,213,0.306,186,0.267,0.05,0.12,0.31,2.1,0,0.01,0.02,0,0.07,0.13,Uncertain
"Griggs County, ND",38039,Non-core,,,ND,8,2231,,0.003,0,0,0,0,0,0,0,0,0,-1,,0,1,45,0,0,330,14792,2,90,0,19,LowBurden,,Low,Moderate,0.032,48,2152,4,0.25,0.012,0.23,2.5,-0.55,0.02,39,1748,1.5,0.8,0,0,0,0,0.05,0,,,,,,,0.05,0,,,,,1,6,0,0,1,1,1,1,931,0.417,844,0.378,,,4,0.002,1,0.001,-0.038,-0.0023,-0.0015,10,0.063,2,0.013,921,0.523,842,0.478,466,0.689,435,0.643,0.04,0.08,0.3,2,0,0.01,0.01,0,0.07,0.07,Uncertain
"Hettinger County, ND",38041,Non-core,,,ND,8,2499,,0.003,0,0,0,0,0,0,0,0,0,-1,,0,3,120,0,0,332,13285,4,160,0,94,LowBurden,,Low,High,0,22,880,0,1,-0.12,0,-2,0.5,0.12,22,880,2,0.5,,,,,,,,,,,,,,,,,,,,,,,,,,,821,0.329,734,0.294,,,2,0.001,,,-0.011,-0.0053,-0.0036,7,0.038,3,0.016,814,0.435,731,0.391,423,0.768,394,0.715,0.09,0.09,0.22,2.2,0.01,0.03,0.03,0,0.06,0.06,Uncertain
"LaMoure County, ND",38045,Non-core,,,ND,8,4046,,0.005,0,0,0,0,0,0,0,0,0,-1,,0,1,25,0,0,536,13248,17,420,0,31,LowBurden,,Low,Moderate,0,11,272,0,1,0,-0.31,0,0,0,16,395,0,1,,,,,,,,,,,,,,,,,,,,,,,,,,,1686,0.417,1534,0.379,1,0.003,12,0.004,4,0.004,-0.0096,0.0025,0.0027,30,0.096,15,0.048,1654,0.521,1519,0.479,797,0.716,743,0.668,0.05,0.12,0.28,2.2,0,0.02,0.01,0,0.04,0.06,Uncertain
"Logan County, ND",38047,Non-core,,,ND,8,1850,,0.002,0,0,0,0,0,0,0,0,0,,,0,0,0,0,0,265,14324,10,541,0,34,LowBurden,,Low,Low,0,4,216,,,0,-0.96,,,0,90,4865,,,,,,,,,,,,,,,,,,,,,,,,,,,,,561,0.303,474,0.256,,,,,,,0,-0.0056,-0.0061,2,0.014,1,0.007,559,0.39,473,0.33,331,0.673,279,0.567,0.02,0.08,0.27,2.1,0,0.03,0.01,0,0.04,0.36,Uncertain
"Woodruff County, AR",5147,Non-core,,,AR,6,6320,,0.002,0,0,0,0,0,0,0,0,0,,-1,0,0,0,1,15.8,651,10301,14,222,0,21,LowBurden,,Low,Low,0,31,491,0,0.95,0,3.43,-2,-0.05,0,7,111,2,1,,,,,,,,,,,,,,,,,,,,,,,,,,,2565,0.406,2276,0.36,1,0.002,13,0.003,4,0.003,0,-0.0024,-0.0014,20,0.044,10,0.022,2544,0.512,2266,0.456,1111,0.753,1015,0.688,0.06,0.25,0.23,2.3,0.26,0.02,0,0,0.85,0.98,Uncertain
"Nelson County, ND",38063,Non-core,,,ND,8,2879,,0.004,0,0,0,0,0,0,0,0,0,,,0,0,0,0,0,479,16638,15,521,0,39,LowBurden,,Low,Low,0,35,1216,0.5,0.8,0,0.3,0.5,-0.13,0,27,938,0,0.93,0,0,0,0,0.1,0.04,,,,,,,0.1,0.04,,,,,1,8,0,0,1,1,1,1,1714,0.595,1585,0.551,,,9,0.004,1,,-0.0293,-0.0013,0,27,0.132,11,0.054,1686,0.726,1574,0.678,775,0.999,739,0.967,0.08,0.11,0.27,1.9,0.01,0.05,0.02,0,0.04,0.11,Uncertain
"Webster County, NE",31181,Non-core,,,NE,7,3487,,0.002,0,0,0,0,0,0,0,0,0,,,0,0,0,0,0,391,11213,7,201,0,12,LowBurden,,Low,Low,0,1,29,0,1,0,-0.75,0,0,0,4,115,0,1,0,0,0,0,0.17,0,0,0,,,,,-0.06,0,0,0,,,1,12,1,0,1,1,1,1,897,0.257,997,0.286,2,0.008,8,0.003,4,0.005,0.004,0.0018,0.0037,15,0.059,6,0.024,882,0.323,991,0.363,382,0.468,496,0.608,0.08,0.11,0.23,2.3,0.01,0.05,0,0,0.11,0.16,Uncertain
"Wayne County, NE",31179,Non-core,,,NE,7,9385,,0.005,0,0,2733,0.291,0,0,0,0,0,,,0,0,0,0,0,1090,11614,7,75,0,21,LowBurden,,Low,Low,0,29,309,1,0.92,-0.03,0.71,0,-0.04,0.03,17,181,1,0.97,0,0,0,0,0.11,0,0,0,0,0,,,-0.2,0,-0.07,0,0,0,1,10,2,3,1,1,1,1,2258,0.241,2756,0.294,4,0.006,33,0.004,1,0.001,-0.0097,-0.0005,-0.0019,50,0.081,20,0.032,2208,0.293,2736,0.363,424,0.271,839,0.536,0.04,0.14,0.17,2.2,0.02,0.07,0.01,0.01,0.08,0.05,Uncertain
"Washington County, NE",31177,Medium metro,"Omaha-Council Bluffs, NE-IA",Metropolitan,NE,7,20729,0.022,0.011,0,0,0,0,0,0,0,0,0,,,0,0,0,0,0,2198,10604,25,121,0,47,LowBurden,,Low,Low,0.014,58,280,1,0.97,0.014,0.05,0,-0.03,0,55,265,1,1,0,0,0,0,0.1,0,,,0,0,,,-0.07,0,,,0,0,1,10,0,3,1,1,1,1,8821,0.426,8313,0.401,25,0.014,49,0.003,9,0.002,-0.0266,-0.0036,-0.001,329,0.179,142,0.077,8492,0.54,8171,0.52,2966,0.768,2972,0.769,0.05,0.08,0.19,2.4,0.01,0.03,0,0,0.04,0.15,Uncertain
"Valley County, NE",31175,Non-core,,,NE,7,4158,,0.002,0,0,0,0,0,0,0,0,0,,,0,0,0,0,0,327,7864,2,48,0,41,LowBurden,,Low,Low,0,6,144,1,1,0,0.5,0,0,0,4,96,1,1,0,0,0,0,0.15,0,,,0,0,,,0.02,0,,,0,0,1,16,0,2,1,1,1,1,551,0.133,963,0.232,2,0.006,8,0.002,,,0.0031,0.0009,-0.0009,7,0.022,1,0.003,544,0.17,962,0.3,146,0.136,485,0.452,0.09,0.11,0.26,2.3,0,0.03,0,0,0.15,0.11,Uncertain
"Nance County, NE",31125,Non-core,,,NE,7,3519,,0.002,0,0,0,0,0,0,0,0,0,,,0,0,0,0,0,414,11765,10,284,0,55,LowBurden,,Low,Low,0,6,171,3,1,0,0.2,3,0,0,5,142,0,1,0,0,0,0,0,0,,,0,0,,,-0.09,0,,,0,0,1,5,0,1,1,1,1,1,701,0.199,763,0.217,,,10,0.004,2,0.003,-0.0108,0.0011,0,6,0.022,4,0.014,695,0.253,759,0.277,179,0.233,315,0.411,0.07,0.11,0.22,2.2,0.01,0.03,0.01,0,0.08,0.07,Uncertain
"Morrill County, NE",31123,Non-core,,,NE,7,4642,,0.002,0,0,0,0,0,0,0,0,0,,,0,0,0,0,0,513,11051,7,151,0,26,LowBurden,,High,High,0.7,15,323,1,0.67,0.478,-0.62,-3,0.24,0.222,39,840,4,0.43,0,0,0,0,0.13,0,,,0,0,,,-0.11,0,,,0,0,1,10,0,2,1,1,1,1,1181,0.254,1155,0.249,6,0.016,14,0.004,3,0.003,0.0055,-0.0019,0.001,14,0.038,,,1167,0.324,1155,0.32,480,0.478,539,0.536,0.1,0.09,0.22,2.4,0,0.15,0.01,0.01,0.42,0.42,Uncertain
"Merrick County, NE",31121,Small metro,"Grand Island, NE",Metropolitan,NE,7,7755,0.103,0.004,0,0,0,0,0,0,0,0,0,,,0,0,0,0,0,787,10148,15,193,0,16,LowBurden,,Low,Low,0,18,232,1,1,0,-0.28,1,0,0,25,322,0,1,3,33,0,0,0.48,0,,,,,-0.57,,0.16,0,,,,,1,9,0,0,1,1,1,1,2467,0.318,2343,0.302,4,0.006,40,0.007,8,0.005,-0.0175,0.0033,0.005,67,0.107,35,0.056,2400,0.399,2308,0.384,1018,0.633,1053,0.655,0.07,0.11,0.21,2.3,0,0.05,0.01,0.01,0.2,0.08,Uncertain
"Madison County, NE",31119,Micropolitan,"Norfolk, NE",Micropolitan,NE,7,35099,0.729,0.018,0,0,0,0,0,0,0,0,0,-1,,0,2,6,0,0,4303,12260,44,125,0,17,LowBurden,,Low,Low,0.029,291,829,1,0.96,0.001,0.63,0,0.62,0.029,179,510,1,0.34,0,0,0,0,0.51,0.02,0.36,0.03,0.04,0,-1,,0,0,-0.01,0,0.01,0,1,89,37,33,1,1,1,1,9477,0.27,10801,0.308,23,0.008,89,0.003,8,0.001,-0.0127,-0.0023,-0.0026,294,0.103,122,0.043,9179,0.351,10678,0.408,2272,0.399,4085,0.718,0.08,0.16,0.16,2.4,0.01,0.16,0.01,0.02,0.51,0.17,Uncertain
"McPherson County, NE",31117,Micropolitan,"North Platte, NE",Micropolitan,NE,7,494,0.014,0,0,0,0,0,0,0,0,0,0,,,0,0,0,0,0,29,5870,1,202,0,0,LowBurden,,High,Low,1,0,0,0,1,,-1,,,,1,202,,,,,,,,,,,,,,,,,,,,,,,,,,,,,28,0.057,44,0.089,,,,,,,,0,0,,,,,28,0.069,44,0.109,16,0.134,29,0.244,0.04,0.17,0.24,2.2,0,0.01,0,0,0.08,0.07,Uncertain
"Loup County, NE",31115,Non-core,,,NE,7,664,,0,0,0,0,0,0,0,0,0,0,,,0,0,0,0,0,42,6325,0,0,0,193,LowBurden,,Low,Low,,1,151,,,,,,,0,0,0,2,1,,,,,,,,,,,,,,,,,,,,,,,,,,,116,0.175,122,0.184,,,1,0.002,,,,-0.0019,0,1,0.021,,,115,0.219,122,0.232,59,0.339,58,0.333,0.04,0.08,0.26,2.1,0.01,0.04,0,0,0,0.01,Uncertain
"Alfalfa County, OK",40003,Non-core,,,OK,6,5702,,0.001,0,0,0,0,0,0,0,0,0,,-1,0,0,0,1,17.5,1154,20239,7,123,0,121,LowBurden,,Low,Low,0,10,175,1,1,0,-0.38,0,0,0,16,281,1,1,,,,,,,,,,,,,,,,,,,,,,,,,,,2128,0.373,1943,0.341,,,10,0.002,3,0.003,0,-0.0007,0,6,0.017,4,0.011,2121,0.461,1939,0.422,816,0.706,739,0.64,0.11,0.09,0.2,2.4,0.05,0.06,0.04,0,0.25,0.66,Uncertain
"Logan County, NE",31113,Micropolitan,"North Platte, NE",Micropolitan,NE,7,748,0.021,0,0,0,0,0,0,0,0,0,0,,,0,0,0,0,0,82,10963,0,0,0,154,LowBurden,,Low,High,0,7,936,0,1,-0.25,0.4,-1,0,0.25,5,668,1,1,,,,,,,,,,,,,,,,,,,,,,,,,,,60,0.08,93,0.124,,,1,0.002,1,0.006,0,0,0,1,0.014,2,0.027,59,0.103,91,0.159,26,0.154,55,0.325,0.07,0.08,0.23,2.6,0,0.04,0.01,0,0.11,0.26,Uncertain
"Beckham County, OK",40009,Micropolitan,"Elk City, OK",Micropolitan,OK,6,21859,1,0.006,0,0,0,0,0,0,0,0,0,,-1,0,0,0,1,4.6,2898,13258,58,265,0,47,LowBurden,,Low,Low,0.03,33,151,1,0.93,0.03,-0.4,-1,0.31,0,55,252,2,0.62,0,0,0,0,0.46,0,0.67,0,0,0,,,-0.02,0,0.17,0,0,0,1,62,6,10,1,1,1,1,6959,0.318,5869,0.268,8,0.005,60,0.004,9,0.003,-0.0011,-0.0024,-0.0009,114,0.066,48,0.028,6844,0.417,5820,0.355,2436,0.758,2110,0.656,0.15,0.14,0.15,2.8,0.04,0.15,0.03,0.01,0.71,0.32,Uncertain
"Lincoln County, NE",31111,Micropolitan,"North Platte, NE",Micropolitan,NE,7,34914,0.966,0.018,0,0,0,0,0,0,0,0,0,-1,,0,8,23,0,0,3874,11096,60,172,0,18,LowBurden,,Moderate,Moderate,0.052,334,957,0,0.98,0.006,0.28,0,-0.02,0.047,261,748,0,1,2,4,1,2,0.85,0.07,0.92,0.21,0.15,0.03,-0.66,,-0.08,-0.02,0.23,0.21,0.02,0.03,1,54,3,15,1,1,1,1,5164,0.148,6932,0.199,38,0.013,66,0.002,14,0.002,0.0007,-0.0011,-0.0014,186,0.064,36,0.012,4978,0.186,6896,0.258,1811,0.258,3194,0.456,0.1,0.12,0.2,2.3,0.01,0.09,0.01,0.01,0.37,0.27,Uncertain
"Lancaster County, NE",31109,Medium metro,"Lincoln, NE",Metropolitan,NE,7,319090,0.949,0.165,0.001,1,24664,0.077,0,0,0,0,0,-1,,0,14,4,0,0,31468,9862,170,53,0,55,LowBurden,,Low,Low,0.027,1250,392,0,0.99,0.005,-0.22,0,0,0.022,1612,505,0,0.99,13,2,47,7,0.76,0.02,0.64,0.01,0.18,0.01,0.84,0.06,0,0,-0.03,-0.01,-0.01,0,6,695,100,184,1,1,1,1,169545,0.531,154131,0.483,621,0.026,1175,0.005,115,0.003,-0.028,-0.0039,-0.0011,9109,0.379,4533,0.188,160417,0.65,149593,0.606,40003,0.871,39378,0.858,0.07,0.13,0.14,2.4,0.04,0.07,0.01,0.05,0.3,0.15,Uncertain
"Knox County, NE",31107,Non-core,,,NE,7,8332,,0.004,0,0,0,0,0,0,0,0,0,-1,,0,1,12,0,0,888,10658,12,144,0,42,LowBurden,,Low,Moderate,0,13,156,0,1,0,0.3,0,0,0,10,120,0,1,0,0,0,0,0.29,0,,,0,0,,,0.01,0,,,0,0,1,10,0,1,1,1,1,1,2789,0.335,2985,0.358,,,7,0.001,1,0,-0.0436,-0.0048,-0.0014,83,0.117,21,0.03,2705,0.429,2964,0.47,893,0.422,1245,0.589,0.09,0.11,0.25,2.2,0,0.03,0.09,0,0.33,0.39,Uncertain
"Choctaw County, OK",40023,Non-core,,,OK,6,14672,,0.004,0,0,0,0,0,0,0,1,6.8,-1,-0.75,0,4,27,4,27.3,1620,11041,27,184,0,41,LowBurden,,Low,Moderate,0,11,75,1,1,0,0.22,0,0,0,9,61,1,1,0,0,0,0,0.44,0,,,0,0,,,0.17,0,,,0,0,1,34,0,5,1,1,1,1,3519,0.24,2996,0.204,,,16,0.001,4,0.001,-0.0008,-0.0028,-0.0016,26,0.021,15,0.012,3493,0.314,2981,0.268,1741,0.562,1562,0.504,0.25,0.29,0.21,2.4,0.1,0.05,0.17,0,0.96,0.9,Uncertain
"Cimarron County, OK",40025,Non-core,,,OK,6,2137,,0.001,0,0,0,0,0,0,0,0,0,,-1,0,0,0,1,46.8,214,10014,2,94,0,55,LowBurden,,Low,Low,,2,94,,,,-0.83,,,0,12,562,2,1,0,0,0,0,0.43,0,,,0,0,,,0.09,0,,,0,0,1,10,0,1,1,1,1,1,472,0.221,423,0.198,,,1,0.001,,,,-0.0044,0,,,,,472,0.297,423,0.266,263,0.484,236,0.435,0.14,0.16,0.25,2.2,0.01,0.23,0.01,0,0.45,0.55,Uncertain
"Kimball County, NE",31105,Non-core,,,NE,7,3632,,0.002,0,0,0,0,0,0,0,0,0,-1,,0,1,28,0,0,423,11646,1,28,0,3,LowBurden,,High,High,1,3,83,10,0,0.6,-0.79,7,-0.5,0.4,14,385,3,0.5,0,0,0,0,0.82,0,,,0,0,,,-0.02,0,,,0,0,2,7,0,1,0.5,0.5,1,0.5,768,0.211,933,0.257,8,0.031,13,0.005,3,0.003,0.0078,0.0017,0.0022,16,0.062,,,752,0.262,933,0.326,337,0.372,495,0.547,0.12,0.09,0.25,2.3,0,0.09,0.01,0.01,0.56,0.41,Uncertain
"Coal County, OK",40029,Non-core,,,OK,6,5495,,0.001,0,0,0,0,0,0,0,0,0,-1,,0,1,18,0,0,700,12739,15,273,0,35,LowBurden,,High,Moderate,0.1,9,164,0,1,0.1,-0.53,0,0,0,19,346,0,1,0,0,0,0,0.35,0,,,,,,,0.07,0,,,,,1,20,0,0,1,1,1,1,1656,0.301,1446,0.263,1,0.002,10,0.002,,,-0.0043,-0.001,-0.0026,11,0.024,3,0.006,1645,0.392,1443,0.344,725,0.629,660,0.572,0.23,0.23,0.21,2.5,0.01,0.04,0.18,0,0.83,0.83,Uncertain
"Keya Paha County, NE",31103,Non-core,,,NE,7,806,,0,0,0,0,0,0,0,0,0,0,,,0,0,0,0,0,54,6700,0,0,0,167,LowBurden,,Low,Low,0,0,0,0,1,,-1,,,,2,248,,,,,,,,,,,,,,,,,,,,,,,,,,,,,176,0.218,176,0.218,1,0.016,,,,,0.0159,-0.0046,-0.0076,2,0.032,,,174,0.264,176,0.267,95,0.361,100,0.38,0.05,0.06,0.33,2.4,0,0.01,0.01,0,0,0,Uncertain
"Cotton County, OK",40033,Small metro,"Lawton, OK",Metropolitan,OK,6,5666,0.045,0.001,0,0,0,0,0,0,0,0,0,,,0,0,0,0,0,695,12266,16,282,0,23,LowBurden,,Low,Low,0,7,124,0,1,0,-0.12,0,0,0,8,141,0,1,,,,,,,,,,,,,,,,,,,,,,,,,,,1931,0.341,1599,0.282,4,0.009,9,0.002,,,-0.0068,-0.002,-0.0017,49,0.11,17,0.038,1882,0.427,1582,0.359,835,0.718,714,0.614,0.16,0.17,0.21,2.6,0.02,0.08,0.08,0,0.67,0.82,Uncertain
"Keith County, NE",31101,Non-core,,,NE,7,8034,,0.004,0,0,0,0,0,0,0,0,0,,,0,0,0,0,0,723,8999,10,124,0,64,LowBurden,,Low,Low,0.037,49,610,2,1,0.037,0.32,1,0.02,0,37,461,1,0.98,1,6,4,22,0.17,0,,,0,0,,3,0.13,0,,,0,0,1,18,0,5,1,1,1,1,1417,0.176,2004,0.249,,,12,0.002,2,0.001,-0.0116,-0.0017,-0.0005,30,0.05,18,0.03,1387,0.217,1986,0.311,555,0.255,1017,0.467,0.09,0.12,0.27,2.1,0.01,0.08,0,0.01,0.23,0.32,Uncertain
"Kearney County, NE",31099,Micropolitan,"Kearney, NE",Micropolitan,NE,7,6495,0.116,0.003,0,0,0,0,0,0,0,0,0,,,0,0,0,0,0,690,10624,5,77,0,41,LowBurden,,Low,Low,0,8,123,1,1,0,-0.5,0,0,0,16,246,1,1,0,0,0,0,0.73,0,,,0,0,,,-0.03,0,,,0,0,1,10,0,1,1,1,1,1,2219,0.342,2219,0.342,2,0.003,18,0.004,2,0.002,-0.0034,0.0008,-0.0016,63,0.108,33,0.057,2156,0.441,2186,0.447,775,0.602,828,0.643,0.06,0.11,0.2,2.4,0,0.07,0,0,0.09,0.07,Uncertain
"Johnson County, NE",31097,Non-core,,,NE,7,5071,,0.003,0,0,0,0,0,0,0,0,0,,,0,0,0,0,0,641,12641,9,177,0,71,LowBurden,,Low,Substantial,0,18,355,0,1,-0.095,0.2,-1,0,0.095,15,296,1,1,0,0,0,0,0.24,0,,,0,0,,,0.01,0,,,0,0,1,18,0,2,1,1,1,1,2000,0.394,2017,0.398,4,0.012,27,0.007,,,-0.0029,-0.0002,-0.0031,27,0.078,6,0.017,1973,0.479,2011,0.488,532,0.551,677,0.702,0.07,0.09,0.19,2.3,0.06,0.1,0.01,0.01,0.58,0.47,Uncertain
"Nemaha County, NE",31127,Non-core,,,NE,7,6972,,0.004,0,0,1140,0.164,0,0,0,0,0,-1,,0,2,29,0,0,696,9983,15,215,0,46,LowBurden,,Substantial,Moderate,0.091,9,129,0,0.89,0.091,-0.4,-1,-0.11,0,15,215,1,1,0,0,0,0,0.05,0,,,,,,-1,0.01,0,,,,,1,29,0,0,1,1,1,1,2485,0.356,2523,0.362,9,0.018,16,0.003,1,0.001,0.002,-0.0009,0,59,0.121,28,0.057,2426,0.448,2495,0.461,891,0.628,1004,0.708,0.06,0.12,0.2,2.2,0.01,0.03,0,0.01,0.17,0.09,Uncertain
"Nuckolls County, NE",31129,Non-core,,,NE,7,4148,,0.002,0,0,0,0,0,0,0,0,0,-1,,0,3,72,0,0,434,10463,11,265,0,68,LowBurden,,Low,Substantial,0,1,24,1,1,0,-0.5,,,0,2,48,,,0,0,0,0,0.21,0,0,0,0,0,,,0.1,0,,,0,0,1,25,0,6,1,1,1,1,1625,0.392,1488,0.359,,,14,0.004,6,0.005,-0.0658,-0.0006,0.0018,22,0.072,1,0.003,1603,0.481,1487,0.446,771,0.683,801,0.709,0.07,0.12,0.27,2.2,0,0.03,0,0.01,0.17,0.19,Uncertain
"Otoe County, NE",31131,Non-core,,,NE,7,16012,,0.008,0,0,0,0,0,0,0,0,0,,,0,0,0,0,0,1473,9199,10,62,0,42,LowBurden,,Low,Low,0.022,37,231,1,1,0.004,-0.63,0,0.03,0.019,100,625,1,0.97,0,0,0,0,0.32,0,,,0,0,,,-0.17,-0.01,,,0,0,2,22,0,5,1,1,1,1,6392,0.399,6191,0.387,18,0.014,66,0.005,6,0.002,-0.0258,-0.0014,-0.0019,234,0.177,77,0.058,6145,0.505,6114,0.502,2297,0.726,2421,0.765,0.06,0.11,0.2,2.4,0.01,0.09,0,0.01,0.23,0.14,Uncertain
"Saunders County, NE",31155,Medium metro,"Omaha-Council Bluffs, NE-IA",Metropolitan,NE,7,21578,0.023,0.011,0,0,0,0,0,0,0,0,0,,,0,0,0,0,0,2534,11743,16,74,0,52,LowBurden,,Substantial,Low,0.088,60,278,1,1,0.088,-0.27,0,0.02,0,82,380,1,0.98,0,0,0,0,0.13,0,,,,,,,0,0,,,,,1,16,0,0,1,1,1,1,7970,0.369,7943,0.368,25,0.014,55,0.003,9,0.002,-0.0385,-0.0026,-0.0002,332,0.182,148,0.081,7638,0.468,7795,0.478,2504,0.613,2885,0.707,0.05,0.08,0.19,2.5,0.01,0.02,0,0,0.04,0.03,Uncertain
"Thurston County, NE",31173,Non-core,,,NE,7,7224,,0.004,0,0,0,0,0,0,0,0,0,,,0,0,0,0,0,848,11739,11,152,0,12,LowBurden,,High,Low,0.111,11,152,0,1,0.111,-0.39,0,0,0,18,249,0,1,0,0,0,0,0.58,0,0,0,0,0,,,0.05,-0.01,0,0,0,0,1,14,2,4,1,1,1,1,3441,0.476,3098,0.429,21,0.026,20,0.004,,,-0.0049,-0.0024,-0.0059,167,0.203,63,0.077,3271,0.705,3035,0.654,646,0.756,716,0.838,0.26,0.28,0.12,3.3,0,0.06,0.55,0.01,0.89,0.89,Uncertain
"Thomas County, NE",31171,Non-core,,,NE,7,722,,0,0,0,0,0,0,0,0,0,0,,,0,0,0,0,0,53,7341,1,139,0,174,LowBurden,,Low,Low,0,2,277,0.5,1,0,0,0.5,0,0,2,277,0,1,,,,,,,,,,,,,,,,,,,,,,,,,,,88,0.122,122,0.169,,,3,0.005,,,0,0.0018,0,1,0.018,1,0.018,87,0.156,121,0.216,43,0.225,87,0.455,0.07,0.11,0.26,2.2,0.01,0.04,0.02,0,0,0.03,Uncertain
"Thayer County, NE",31169,Non-core,,,NE,7,5003,,0.003,0,0,0,0,0,0,0,0,0,,,0,0,0,0,0,495,9894,4,80,0,29,LowBurden,,Low,Low,0,12,240,0,1,0,0.33,-1,0,0,9,180,1,1,0,0,0,0,0.24,0,,,0,0,,,-0.06,0,,,0,0,1,15,0,1,1,1,1,1,1571,0.314,1635,0.327,5,0.012,10,0.003,3,0.002,0.0098,-0.005,-0.0008,19,0.047,5,0.012,1552,0.404,1630,0.425,654,0.512,908,0.71,0.05,0.08,0.26,2.2,0,0.03,0,0,0.06,0.1,Uncertain
"Stanton County, NE",31167,Micropolitan,"Norfolk, NE",Micropolitan,NE,7,5920,0.123,0.003,0,0,0,0,0,0,0,0,0,,,0,0,0,0,0,372,6284,11,186,0,17,LowBurden,,Low,Low,0,4,68,0,1,0,-0.5,-1,0,0,8,135,1,1,,,,,,,,,,,,,,,,,,,,,,,,,,,1025,0.173,1117,0.189,3,0.006,6,0.001,,,0.0039,-0.0018,-0.0009,19,0.037,8,0.016,1005,0.224,1109,0.248,400,0.361,483,0.436,0.07,0.09,0.19,2.5,0.01,0.06,0.01,0,0.06,0.06,Uncertain
"Sioux County, NE",31165,Micropolitan,"Scottsbluff, NE",Micropolitan,NE,7,1166,0.031,0.001,0,0,0,0,0,0,0,0,0,,,0,0,0,0,0,39,3345,0,0,0,131,LowBurden,,Low,Low,,1,86,,,,,,,0,0,0,0,1,,,,,,,,,,,,,,,,,,,,,,,,,,,170,0.146,206,0.177,,,1,0.001,,,0,-0.0052,-0.0028,2,0.025,,,168,0.174,206,0.214,103,0.289,108,0.303,0.08,0.11,0.31,2.2,0,0.05,0.01,0,0.02,0.01,Uncertain
"Sherman County, NE",31163,Non-core,,,NE,7,3001,,0.002,0,0,0,0,0,0,0,0,0,,,0,0,0,0,0,212,7064,4,133,0,14,LowBurden,,High,Low,0.125,3,100,1,1,0.125,0,-2,0.5,0,3,100,3,0.5,,,,,,,,,,,,,,,,,,,,,,,,,,,850,0.283,903,0.301,1,0.004,3,0.001,1,0.001,0,-0.0038,-0.0036,11,0.046,8,0.033,839,0.355,895,0.379,416,0.494,475,0.564,0.09,0.11,0.28,2.2,0,0.02,0,0,0.07,0.21,Uncertain
"Sheridan County, NE",31161,Non-core,,,NE,7,5246,,0.003,0,0,0,0,0,0,0,0,0,,,0,0,0,0,0,530,10103,10,191,0,13,LowBurden,,Low,Low,0,7,133,0,1,0,-0.91,-1,0,0,81,1544,1,1,0,0,0,0,0.25,0,,,0,0,,,0.02,0,,,0,0,1,12,0,3,1,1,1,1,1059,0.202,1185,0.226,10,0.025,1,0,,,0.005,-0.0059,-0.005,25,0.062,3,0.007,1034,0.253,1182,0.289,416,0.297,561,0.4,0.14,0.18,0.27,2.3,0,0.06,0.09,0,0.6,0.43,Uncertain
"Seward County, NE",31159,Medium metro,"Lincoln, NE",Metropolitan,NE,7,17284,0.051,0.009,0,0,1737,0.1,0,0,0,0,0,-1,,0,4,23,0,0,1761,10189,32,185,0,7,LowBurden,,Low,Moderate,0.03,26,150,0,0.93,-0.034,-0.57,0,0.06,0.065,61,353,0,0.87,0,0,0,0,0.27,0,,,0,0,,,0.01,0,,,0,0,1,24,0,4,1,1,1,1,6289,0.364,6206,0.359,64,0.045,41,0.003,10,0.003,0.0345,-0.0014,0.001,196,0.138,77,0.054,6088,0.461,6127,0.464,2319,0.781,2493,0.84,0.05,0.08,0.17,2.4,0.01,0.03,0,0,0.05,0.02,Uncertain
"Scotts Bluff County, NE",31157,Micropolitan,"Scottsbluff, NE",Micropolitan,NE,7,35618,0.949,0.018,0,0,16,0,0,0,0,0,0,-1,,0,2,6,0,0,4193,11772,48,135,0,36,LowBurden,,Low,Low,0.048,151,424,0,1,0.038,0.1,-1,0.01,0.011,137,385,1,0.99,2,2,0,0,0.84,0.02,0.82,0.06,0.08,0,1.16,,-0.03,0.01,-0.02,0.02,-0.04,0,1,85,23,35,1,1,1,1,8807,0.247,9193,0.258,36,0.012,112,0.004,9,0.001,-0.0543,-0.0038,-0.0033,298,0.099,3,0.001,8508,0.317,9190,0.343,2657,0.38,3638,0.521,0.12,0.13,0.2,2.4,0.01,0.24,0.02,0.01,0.57,0.19,Uncertain
"Sarpy County, NE",31153,Medium metro,"Omaha-Council Bluffs, NE-IA",Metropolitan,NE,7,187196,0.197,0.097,0.001,1,5710,0.031,0,0,0,0,0,-1,,0,5,3,0,0,22854,12209,131,70,0,51,LowBurden,,Low,Low,0.02,1181,631,1,0.94,-0.022,-0.03,0,-0.03,0.041,1218,651,1,0.97,0,0,0,0,0.69,0.01,0.5,0,0.03,0,,,-0.05,-0.01,-0.05,0,-0.03,0,2,75,8,5,1,1,1,1,83335,0.445,70104,0.374,675,0.039,1651,0.012,147,0.006,-0.0103,-0.0042,0.0009,5608,0.325,2373,0.138,77699,0.57,67724,0.497,16440,0.725,15757,0.695,0.06,0.05,0.12,2.7,0.04,0.1,0,0.03,0.1,0.02,Uncertain
"Pawnee County, NE",31133,Non-core,,,NE,7,2613,,0.001,0,0,0,0,0,0,0,0,0,,,0,0,0,0,0,234,8955,1,38,0,70,LowBurden,,Low,High,0,3,115,1,1,-0.667,-0.25,1,0,0.667,4,153,0,1,0,0,0,0,0,0,,,0,0,,,0,0,,,0,0,1,11,0,1,1,1,1,1,883,0.338,860,0.329,,,2,0.001,1,0.001,0,-0.0029,0,7,0.038,2,0.011,876,0.428,858,0.419,413,0.551,449,0.599,0.12,0.16,0.29,2.2,0.01,0.02,0,0,0.23,0.26,Uncertain
"Saline County, NE",31151,Non-core,,,NE,7,14224,,0.007,0,0,994,0.07,0,0,0,0,0,,,0,0,0,0,0,2044,14370,2,14,0,25,LowBurden,,High,Moderate,0.108,52,366,0,0.94,0.033,-0.29,0,0.01,0.075,73,513,0,0.92,0,0,0,0,0.39,0,,,,,,,0.13,0,,,,,2,12,0,0,1,1,1,1,4153,0.292,4595,0.323,10,0.008,49,0.005,5,0.002,-0.0096,-0.0025,-0.0018,97,0.078,25,0.02,4050,0.384,4568,0.433,894,0.409,1628,0.744,0.11,0.14,0.15,2.6,0.01,0.27,0,0.03,0.6,0.28,Uncertain
"Rock County, NE",31149,Non-core,,,NE,7,1357,,0.001,0,0,0,0,0,0,0,0,0,,,0,0,0,0,0,102,7517,2,147,0,165,LowBurden,,Low,Low,0,0,0,1,1,,,,,,0,0,,,0,0,0,0,0.35,0,,,,,,,0.06,0,,,,,1,7,0,0,1,1,1,1,256,0.189,359,0.265,,,3,0.003,,,-0.0093,0.0019,-0.0028,3,0.028,2,0.019,253,0.237,357,0.334,82,0.227,162,0.448,0.13,0.07,0.27,2.1,0,0.02,0.01,0,0.01,0,Uncertain
"Richardson County, NE",31147,Non-core,,,NE,7,7865,,0.004,0,0,0,0,0,0,0,0,0,-1,,0,1,13,0,0,738,9383,19,242,0,7,LowBurden,,Low,High,0,15,191,1,1,-0.167,-0.12,-1,0,0.167,17,216,2,1,2,9,1,5,0.32,0.06,0,0,0,0,-0.5,-0.67,0.08,0.01,-0.07,0,0,0,1,22,2,3,1,1,1,1,3077,0.391,2998,0.381,5,0.009,18,0.003,2,0.001,-0.0087,-0.0032,-0.0031,80,0.139,14,0.024,2997,0.485,2984,0.483,1225,0.626,1361,0.695,0.07,0.13,0.25,2.1,0,0.02,0.03,0,0.1,0.15,Uncertain
"Red Willow County, NE",31145,Non-core,,,NE,7,10724,,0.006,0,0,0,0,0,0,0,0,0,-1,,0,3,28,0,0,1214,11320,15,140,0,51,LowBurden,,Low,Moderate,0,29,270,0,0.91,0,-0.26,0,-0.09,0,39,364,0,1,0,0,0,0,0.59,0,0,0,0,0,,,0.04,0,0,0,0,0,1,18,2,2,1,1,1,1,1765,0.165,2666,0.249,3,0.004,16,0.002,3,0.001,-0.0087,-0.0023,-0.0031,51,0.063,30,0.037,1714,0.205,2636,0.316,528,0.234,1194,0.529,0.07,0.1,0.21,2.3,0.01,0.06,0,0,0.24,0.09,Uncertain
"Polk County, NE",31143,Non-core,,,NE,7,5213,,0.003,0,0,0,0,0,0,0,0,0,,,0,0,0,0,0,585,11222,9,173,0,60,LowBurden,,Low,Low,0,10,192,2,1,0,-0.41,2,0,0,17,326,0,1,0,0,0,0,0.23,0,,,,,,,-0.03,0,,,,,1,10,0,0,1,1,1,1,1208,0.232,1505,0.289,,,11,0.003,4,0.003,-0.0133,-0.0017,0.0016,12,0.027,5,0.011,1196,0.296,1500,0.371,438,0.356,710,0.576,0.11,0.08,0.24,2.5,0,0.06,0,0,0.19,0.18,Uncertain
"Platte County, NE",31141,Micropolitan,"Columbus, NE",Micropolitan,NE,7,33470,1,0.017,0,0,0,0,0,0,0,0,0,-1,,0,1,3,0,0,4152,12405,50,149,0,54,LowBurden,,Low,Low,0.027,104,311,1,1,0.018,-0.35,0,0,0.008,161,481,1,1,0,0,0,0,0.24,0,0.27,0,0,0,,,-0.05,0,-0.08,0,0,0,1,43,9,5,1,1,1,1,9335,0.279,10242,0.306,29,0.01,96,0.004,10,0.002,-0.0007,-0.0019,-0.0014,215,0.074,84,0.029,9120,0.37,10158,0.412,2062,0.349,3532,0.598,0.09,0.08,0.18,2.5,0.01,0.2,0,0.01,0.3,0.11,Uncertain
"Pierce County, NE",31139,Micropolitan,"Norfolk, NE",Micropolitan,NE,7,7148,0.148,0.004,0,0,0,0,0,0,0,0,0,,,0,0,0,0,0,642,8982,20,280,0,19,LowBurden,,Low,Moderate,0,12,168,1.5,1,-0.059,0,0.5,0.18,0.059,12,168,1,0.82,0,0,0,0,0.35,0,,,0,0,,,0,0,,,0,0,2,17,0,1,1,1,1,1,2008,0.281,2030,0.284,2,0.003,11,0.002,1,0.001,-0.0162,0,-0.0014,35,0.057,11,0.018,1972,0.368,2019,0.377,769,0.548,847,0.604,0.04,0.07,0.2,2.3,0.01,0.02,0,0,0.02,0.02,Uncertain
"Phelps County, NE",31137,Non-core,,,NE,7,9034,,0.005,0,0,0,0,0,0,0,0,0,,,0,0,0,0,0,1001,11080,10,111,0,48,LowBurden,,Low,Low,0,43,476,1,1,0,3.3,1,0,0,10,111,0,1,0,0,0,0,0.46,0,0.14,0,0,0,,,-0.01,0,-0.07,0,0,0,1,25,4,2,1,1,1,1,1861,0.206,2426,0.269,3,0.004,11,0.002,3,0.002,-0.0014,-0.001,0.0005,50,0.068,26,0.035,1811,0.262,2400,0.348,616,0.322,1083,0.566,0.04,0.09,0.21,2.3,0,0.06,0,0,0.12,0.05,Uncertain
"Perkins County, NE",31135,Non-core,,,NE,7,2891,,0.001,0,0,0,0,0,0,0,0,0,,,0,0,0,0,0,294,10169,11,380,0,49,LowBurden,,High,Low,0.286,5,173,1,1,0.286,0.67,0,0,0,3,104,1,1,1,8,0,0,0.64,0.01,0,0,0,0,,,0.21,0.01,0,0,0,0,1,12,1,2,1,1,1,1,816,0.282,823,0.285,1,0.004,7,0.003,,,0,0.0005,-0.0029,7,0.029,2,0.008,809,0.371,821,0.377,375,0.547,411,0.599,0.07,0.06,0.24,2.3,0.01,0.04,0,0,0.05,0.04,Uncertain
"Bath County, VA",51017,Non-core,,,VA,3,4147,,0,0,0,0,0,0,0,0,0,0,,,0,0,0,0,0,271,6535,10,241,0,31,LowBurden,,Low,Low,0,26,627,0,1,0,0.62,0,0,0,16,386,0,1,0,0,0,0,0.14,0,,,0,0,,,-0.05,0,,,0,0,1,25,0,4,1,1,1,1,673,0.162,567,0.137,1,0.005,3,0.001,2,0.002,0.0048,-0.0026,0.0009,8,0.038,1,0.005,665,0.189,566,0.161,311,0.268,280,0.241,0.15,0.11,0.28,2.1,0.05,0.02,0,0,0.25,0.7,Uncertain
"Unallocated, SC",45000,,,,SC,4,,,,,,,,0,0,,0,,,,0,0,,0,,0,,0,,0,,,,,,0.017,902,,,,-0.014,-0.21,,,0.031,1146,,,,,,,,,,,,,,,,,,,,,,,,,,,,,,140330,,121358,,216,,1765,,300,,,,,2290,,1107,,137848,,120199,,51473,,42612,,,,,,,,,,,,
"Chester County, SC",45023,Large fringe metro,"Charlotte-Concord-Gastonia, NC-SC",Metropolitan,SC,4,32244,0.012,0.006,0,0,0,0,0,0,0,0,0,-1,,0,17,53,0,0,4262,13218,76,236,0,24,LowBurden,,Low,Substantial,0.022,268,831,1,0.95,-0.019,-0.18,0,-0.01,0.041,325,1008,1,0.95,0,0,1,8,0.79,0,,,0,0,-1,,0.02,-0.02,,,-0.01,0,1,13,0,10,1,1,1,1,10346,0.321,8837,0.274,13,0.005,215,0.009,42,0.007,-0.0016,0.0021,0.004,170,0.067,65,0.026,10173,0.406,8771,0.35,4389,0.71,3943,0.638,0.1,0.21,0.19,2.6,0.36,0.02,0,0.01,0.74,0.55,Uncertain
"Foard County, TX",48155,Non-core,,,TX,6,1155,,0,0,0,0,0,0,0,0,0,0,-1,,0,1,87,0,0,124,10736,10,866,0,111,LowBurden,,High,High,0.5,4,346,3.5,0.5,0.25,0,3.5,-0.5,0.25,4,346,0,1,,,,,,,,,,,,,,,,,,,,,,,,,,,,,,,,,,,,,,,,,,,,,,,,,,,,0.13,0.07,0.27,2.5,0.05,0.19,0,0.01,0.48,0.84,Uncertain
"McMullen County, TX",48311,Non-core,,,TX,6,743,,0,0,0,0,0,0,0,0,0,0,,,0,0,0,0,0,84,11306,5,673,0,106,LowBurden,,Low,Low,,1,135,,,,0,,,0,1,135,2,1,,,,,,,,,,,,,,,,,,,,,,,,,,,,,,,,,,,,,,,,,,,,,,,,,,,,0.12,0.13,0.25,3,0.02,0.42,0.01,0.01,0.76,0.96,Uncertain
"Menard County, TX",48327,Non-core,,,TX,6,2138,,0,0,0,0,0,0,0,0,0,0,,,0,0,0,0,0,211,9869,9,421,0,124,LowBurden,,Low,Low,,4,187,,,,-0.33,,,0,6,281,0,1,,,,,,,,,,,,,,,,,,,,,,,,,,,,,,,,,,,,,,,,,,,,,,,,,,,,0.31,0.1,0.33,2.1,0.01,0.37,0.01,0,0.59,0.83,Uncertain
"Milam County, TX",48331,Non-core,,,TX,6,24823,,0.001,0,0,0,0,0,0,0,0,0,-1,-1,0,2,8,1,4,2555,10293,49,197,0,14,LowBurden,,Low,Low,0.022,224,902,0,0.99,0.003,-0.27,0,0,0.018,305,1229,0,0.99,,,,,,,,,,,,,,,,,,,,,,,,,,,,,,,,,,,,,,,,,,,,,,,,,,,,0.13,0.15,0.21,2.6,0.09,0.27,0,0.01,0.76,0.9,Uncertain
"Mills County, TX",48333,Non-core,,,TX,6,4873,,0,0,0,0,0,0,0,0,0,0,,,0,0,0,0,0,658,13503,21,431,0,116,LowBurden,,Low,Low,0,27,554,0,1,0,-0.16,0,0,0,32,657,0,1,,,,,,,,,,,,,,,,,,,,,,,,,,,,,,,,,,,,,,,,,,,,,,,,,,,,0.21,0.17,0.29,2.7,0.01,0.18,0,0,0.77,0.88,Uncertain
"Motley County, TX",48345,Non-core,,,TX,6,1200,,0,0,0,0,0,0,0,0,0,0,,,0,0,0,0,0,116,9667,8,667,0,35,LowBurden,,Low,Low,0,2,167,0.5,1,0,-0.5,0.5,0,0,4,333,0,1,,,,,,,,,,,,,,,,,,,,,,,,,,,,,,,,,,,,,,,,,,,,,,,,,,,,0.2,0.1,0.31,2.5,0.02,0.19,0.01,0,0.7,0.88,Uncertain
"Clinton County, KY",21053,Non-core,,,KY,4,10218,,0.002,0,0,0,0,0,0,0,0,0,-1,,0,2,20,0,0,1450,14191,31,303,0,54,LowBurden,,Low,Moderate,0,9,88,1,1,0,-0.53,0,0,0,19,186,1,1,1,5,1,5,0.37,0.05,,,0,0,,,0.09,0.05,,,0,0,1,20,0,3,1,1,1,1,2803,0.274,2507,0.245,1,0.001,27,0.003,4,0.002,-0.0063,-0.0018,-0.0045,15,0.019,2,0.003,2786,0.35,2505,0.315,1227,0.608,1128,0.559,0.09,0.23,0.2,2.6,0,0.03,0,0,0.78,0.88,Uncertain
"Bracken County, KY",21023,Large fringe metro,"Cincinnati, OH-KY-IN",Metropolitan,KY,4,8303,0.004,0.002,0,0,0,0,0,0,0,0,0,-1,,0,3,36,0,0,652,7853,7,84,0,42,LowBurden,,Low,Moderate,0.012,79,951,0,1,0,-0.27,0,0.01,0.011,108,1301,0,0.99,,,,,,,,,,,,,,,,,,,,,,,,,,,2902,0.35,2687,0.324,1,0.001,23,0.004,2,0.001,-0.0115,-0.0035,-0.0056,29,0.042,7,0.01,2873,0.453,2680,0.422,1104,0.773,1062,0.744,0.05,0.19,0.17,2.4,0.01,0.02,0,0,0.39,0.73,Uncertain
"Presidio County, TX",48377,Non-core,,,TX,6,6704,,0,0,0,0,0,0,0,0,0,0,,,0,0,0,0,0,818,12202,24,358,0,27,LowBurden,,Low,Low,0,5,75,1,1,0,-0.44,1,0,0,9,134,0,1,,,,,,,,,,,,,,,,,,,,,,,,,,,,,,,,,,,,,,,,,,,,,,,,,,,,0.3,0.33,0.24,2.7,0.01,0.82,0,0.03,1,1,Uncertain
"Unallocated, KY",21000,,,,KY,4,,,,,,,,0,0,,0,,,,0,0,,0,,9,,0,,0,,,,,,0.025,96,,,,-0.036,-0.09,,,0.061,105,,,,,,,,,,,,,,,,,,,,,,,,,,,,,,159482,,118665,,392,,1956,,265,,,,,3698,,1426,,155744,,117230,,49781,,35832,,,,,,,,,,,,
"Reagan County, TX",48383,Non-core,,,TX,6,3849,,0,0,0,0,0,0,0,0,0,0,,,0,0,0,0,0,382,9925,8,208,0,76,LowBurden,,Low,Low,0,3,78,0.5,1,0,2,0.5,0,0,1,26,0,1,0,0,0,0,0,0,,,,,,,0,0,,,,,1,3,0,0,1,1,1,1,,,,,,,,,,,,,,,,,,,,,,,,,,0.25,0.15,0.11,3.2,0.02,0.71,0,0,0.48,0.72,Uncertain
"Real County, TX",48385,Non-core,,,TX,6,3452,,0,0,0,0,0,0,0,0,1,29,-1,,0,1,29,0,0,313,9067,13,377,0,94,LowBurden,,Low,Moderate,0,8,232,1,1,0,-0.38,1,0,0,13,377,0,1,,,,,,,,,,,,,,,,,,,,,,,,,,,,,,,,,,,,,,,,,,,,,,,,,,,,0.28,0.23,0.31,2.7,0.01,0.28,0.01,0,0.72,0.88,Uncertain
"Wichita County, KS",20203,Non-core,,,KS,7,2119,,0.001,0,0,0,0,0,0,0,0,0,,,0,0,0,0,0,217,10241,6,283,0,138,LowBurden,,Low,Low,0,4,189,1.5,0.75,0,-0.69,1.5,-0.25,0,13,613,0,1,0,0,0,0,0.13,0,,,0,0,,,0,0,,,0,0,1,12,0,1,1,1,1,1,822,0.388,748,0.353,,,5,0.003,,,0,-0.0051,-0.0047,5,0.03,,,817,0.523,748,0.479,292,0.681,275,0.641,0.05,0.04,0.2,2.3,0.01,0.31,0,0,0.47,0.6,Uncertain
"Sabine County, TX",48403,Non-core,,,TX,6,10542,,0,0,0,0,0,0,0,0,0,0,,,0,0,0,0,0,524,4971,45,427,0,25,LowBurden,,Low,Low,0,41,389,0,1,-0.023,-0.07,-1,0,0.023,44,417,1,1,0,0,0,0,0.2,0,,,0,0,,,-0.15,0,,,0,0,1,8,0,5,1,1,1,1,,,,,,,,,,,,,,,,,,,,,,,,,,0.15,0.21,0.31,2.5,0.07,0.05,0.01,0,0.53,0.77,Uncertain
"Wallace County, KS",20199,Non-core,,,KS,7,1518,,0.001,0,0,0,0,0,0,0,0,0,,,0,0,0,0,0,179,11792,4,264,0,147,LowBurden,,Low,Low,0,1,66,1,1,0,-0.86,-1,0,0,7,461,2,1,,,,,,,,,,,,,,,,,,,,,,,,,,,431,0.284,404,0.266,1,0.008,3,0.003,,,0.0084,0.0026,0,3,0.025,1,0.008,428,0.373,403,0.352,215,0.584,212,0.576,0.08,0.12,0.24,2.4,0.01,0.09,0.01,0,0.14,0.51,Uncertain
"San Patricio County, TX",48409,Medium metro,"Corpus Christi, TX",Metropolitan,TX,6,66730,0.156,0.002,0,0,0,0,0,0,0,0,0,,,0,0,0,0,0,4416,6618,151,226,0,8,LowBurden,,Moderate,Moderate,0.079,370,554,0,1,0.021,0.17,0,0,0.058,316,474,0,1,,,,,,,,,,,,,,,,,,,,,,,,,,,,,,,,,,,,,,,,,,,,,,,,,,,,0.17,0.16,0.15,2.9,0.02,0.58,0,0.01,0.83,0.86,Uncertain
"San Saba County, TX",48411,Non-core,,,TX,6,6055,,0,0,0,0,0,0,0,0,0,0,-1,,0,2,33,0,0,782,12915,23,380,0,116,LowBurden,,Low,Moderate,0.009,37,611,0,1,0.009,-0.34,0,0,0,56,925,0,1,,,,,,,,,,,,,,,,,,,,,,,,,,,,,,,,,,,,,,,,,,,,,,,,,,,,0.19,0.15,0.24,2.5,0.04,0.31,0.01,0.01,0.73,0.79,Uncertain
"Schleicher County, TX",48413,Non-core,,,TX,6,2793,,0,0,0,0,0,0,0,0,0,0,,,0,0,0,0,0,243,8700,6,215,0,12,LowBurden,,Low,Low,0,4,143,0,1,0,1,0,0,0,2,72,0,1,0,0,0,0,0,0,,,0,0,,,-0.04,0,,,0,0,1,22,0,5,1,1,1,1,,,,,,,,,,,,,,,,,,,,,,,,,,0.21,0.15,0.2,2.8,0.01,0.55,0,0,0.59,0.55,Uncertain
"Shackelford County, TX",48417,Non-core,,,TX,6,3265,,0,0,0,0,0,0,0,0,0,0,,,0,0,0,0,0,276,8453,5,153,0,31,LowBurden,,Low,Low,0,3,92,1,1,0,0,1,0,0,3,92,0,1,,,,,,,,,,,,,,,,,,,,,,,,,,,,,,,,,,,,,,,,,,,,,,,,,,,,0.13,0.15,0.21,2.7,0.01,0.11,0,0,0.68,0.94,Uncertain
"Sherman County, TX",48421,Non-core,,,TX,6,3022,,0,0,0,0,0,0,0,0,0,0,-1,,0,1,33,0,0,235,7776,12,397,0,15,LowBurden,,Low,Moderate,,0,0,,,,-1,,,,5,165,,,,,,,,,,,,,,,,,,,,,,,,,,,,,,,,,,,,,,,,,,,,,,,,,,,,,,0.2,0.15,0.15,2.9,0.01,0.44,0,0,0.46,0.89,Uncertain
"Somervell County, TX",48425,Large fringe metro,,,TX,6,9128,,0,0,0,0,0,0,0,0,0,0,-1,,0,2,22,0,0,1084,11876,14,153,0,31,LowBurden,,Low,Moderate,0,30,329,1,1,0,-0.48,1,0,0,58,635,0,1,0,0,0,0,0.23,0,,,0,0,-1,,0.04,-0.05,,,0,0,1,9,0,7,1,1,1,1,,,,,,,,,,,,,,,,,,,,,,,,,,0.17,0.25,0.19,2.6,0.01,0.18,0.01,0.01,0.56,0.67,Uncertain
"Trego County, KS",20195,Non-core,,,KS,7,2803,,0.001,0,0,0,0,0,0,0,0,0,,,0,0,0,0,0,407,14520,8,285,0,125,LowBurden,,Low,Substantial,0,6,214,0,1,-0.083,-0.76,-1,0,0.083,25,892,1,1,0,0,0,0,0.32,0,,,0,0,,,0.05,0,,,0,0,1,29,0,1,1,1,1,1,850,0.303,804,0.287,1,0.006,4,0.002,1,0.001,0,0,0.0013,5,0.029,1,0.006,845,0.366,803,0.348,365,0.478,353,0.462,0.1,0.08,0.27,2,0.01,0.03,0,0,0.04,0.19,Uncertain
"Hancock County, KY",21091,Small metro,"Owensboro, KY",Metropolitan,KY,4,8722,0.073,0.002,0,0,0,0,0,0,0,0,0,-1,,0,4,46,0,0,895,10261,15,172,0,42,LowBurden,,Low,Moderate,0,35,401,0,0.96,-0.054,0.13,0,-0.04,0.054,31,355,0,1,,,,,,,,,,,,,,,,,,,,,,,,,,,3953,0.453,3582,0.411,15,0.019,62,0.009,15,0.01,0.0013,0.003,0.0065,99,0.127,44,0.056,3854,0.588,3538,0.539,1405,0.912,1320,0.857,0.04,0.13,0.18,2.6,0.01,0.02,0,0,0.38,0.67,Uncertain
"Loving County, TX",48301,Non-core,"Pecos, TX",Micropolitan,TX,6,169,0.01,0,0,0,0,0,0,0,0,0,0,,,0,0,0,0,0,2,1183,0,0,0,0,LowBurden,,Low,Low,0,0,0,0,1,0,-1,0,0,0,1,592,0,1,,,,,,,,,,,,,,,,,,,,,,,,,,,,,,,,,,,,,,,,,,,,,,,,,,,,0.11,0.19,0.14,3.1,0.04,0.14,0.01,0.01,0.76,0.92,Uncertain
"Live Oak County, TX",48297,Non-core,,,TX,6,12207,,0,0,0,0,0,0,0,0,0,0,,,0,0,0,0,0,1138,9323,22,180,0,14,LowBurden,,Low,Low,0.027,61,500,1,1,-0.003,-0.38,0,0,0.03,99,811,1,1,,,,,,,,,,,,,,,,,,,,,,,,,,,,,,,,,,,,,,,,,,,,,,,,,,,,0.19,0.16,0.21,2.9,0.04,0.41,0.01,0.01,0.69,0.8,Uncertain
"Hunt County, TX",48231,Large fringe metro,"Dallas-Fort Worth-Arlington, TX",Metropolitan,TX,6,98594,0.013,0.003,0,1,7179,0.073,0,0,0,3,3,-1,2,0,12,12,1,1,6095,6182,176,179,0,28,LowBurden,,Moderate,Moderate,0.061,366,371,1,0.99,0.004,-0.13,1,0,0.057,420,426,0,0.99,2,2,0,0,0.87,0.01,0.9,0.03,0.15,0,-0.06,-1,-0.07,-0.01,0,0.03,-0.05,0,1,132,13,32,1,1,1,1,,,,,,,,,,,,,,,,,,,,,,,,,,0.17,0.17,0.16,2.8,0.08,0.18,0.01,0.01,0.83,0.69,Uncertain
"Atchison County, MO",29005,Non-core,,,MO,7,5143,,0.001,0,0,0,0,0,0,0,0,0,-1,,0,1,19,0,0,457,8886,6,117,0,33,LowBurden,,Low,Moderate,0,16,311,0,1,-0.077,0.78,0,0,0.077,9,175,0,1,0,0,0,0,0.33,0.06,,,0,0,,,-0.17,0,,,0,0,1,18,0,2,1,1,1,1,2311,0.449,2079,0.404,,,10,0.002,1,0.001,-0.0027,-0.0056,-0.0022,15,0.04,7,0.019,2296,0.559,2072,0.505,1063,0.79,963,0.716,0.08,0.1,0.26,2.1,0,0.01,0,0,0.07,0.33,Uncertain
"Unallocated, MD",24000,,,,MD,3,,,,,,,,0,0,,-6,,,0,0,0,,-6,,0,,38,,0,,,,,,0.003,1114,,,,-0.002,-0.16,,,0.005,1330,,,,,,,,,,,,,,,,,,,,,,,,,,,,,,52569,,41296,,131,,1106,,132,,,,,1503,,557,,51030,,40733,,8552,,7774,,,,,,,,,,,,
"Unallocated, DE",10000,,,,DE,3,,,,,,,,0,0,,0,,-1,,0,3,,0,,226,,0,,0,,,,,,0,16,,,,0,-0.57,,,0,37,,,,,,,,,,,,,,,,,,,,,,,,,,,,,,20078,,17055,,41,,343,,48,,,,,332,,125,,19734,,16926,,5592,,4853,,,,,,,,,,,,
"Hamilton County, TX",48193,Non-core,,,TX,6,8461,,0,0,0,0,0,0,0,0,0,0,,,0,0,0,0,0,783,9254,27,319,0,8,LowBurden,,Low,Low,0,49,579,0,0.98,-0.015,-0.4,0,-0.03,0.015,82,969,0,1,0,0,0,0,0.23,0,,,0,0,,,-0.04,-0.01,,,0,0,1,33,0,12,1,1,1,1,,,,,,,,,,,,,,,,,,,,,,,,,,0.17,0.16,0.25,2.6,0.01,0.13,0.01,0.01,0.61,0.75,Uncertain
"Hardeman County, TX",48197,Non-core,,,TX,6,3933,,0,0,0,0,0,0,0,0,0,0,,,0,0,0,0,0,383,9738,12,305,0,22,LowBurden,,Moderate,Low,0.056,8,203,2,1,0.056,0.33,2,0,0,6,153,0,1,0,0,0,0,0.09,0,,,0,0,,,-0.04,0,,,0,0,1,29,0,1,1,1,1,1,,,,,,,,,,,,,,,,,,,,,,,,,,0.16,0.13,0.23,2.6,0.05,0.24,0.01,0.01,0.73,0.98,Uncertain
"Madison Parish, LA",22065,Non-core,,,LA,6,10951,,0.002,0,0,0,0,0,0,0,0,0,-1,,0,1,9,0,0,1569,14327,40,365,0,66,LowBurden,,Low,Low,0,99,904,0,1,-0.006,-0.2,0,0,0.006,123,1123,0,1,0,0,0,0,0.2,0,,,0,0,,,0,0,,,0,0,1,25,0,4,1,1,1,1,2972,0.271,2542,0.232,12,0.014,58,0.007,10,0.006,-0.0012,0.0002,0.0031,36,0.043,10,0.012,2936,0.352,2532,0.303,1116,0.683,997,0.61,0.2,0.38,0.15,2.4,0.62,0.02,0,0,0.97,0.87,Uncertain
"Aleutians East Borough, AK",2013,Non-core,,,AK,10,3337,,0.005,0,0,0,0,0,0,0,0,0,,,0,0,0,0,0,369,11058,3,90,0,111,LowBurden,,Low,Low,0,62,1858,0,1,0,-0.06,0,0,0,66,1978,0,1,,,,,,,,,,,,,,,,,,,,,,,,,,,2310,0.692,2110,0.632,2,0.028,43,0.014,,,0.0139,-0.0191,-0.0085,70,0.972,38,0.528,2234,0.724,2071,0.672,162,0.462,154,0.439,0.46,0.15,0.11,2.6,0.09,0.15,0.2,0.43,0.58,0.4,Uncertain
"Hemphill County, TX",48211,Non-core,,,TX,6,3819,,0,0,0,0,0,0,0,0,0,0,,,0,0,0,0,0,584,15292,2,52,0,34,LowBurden,,Low,Low,0,11,288,1,1,0,,1,0,0,0,0,0,1,0,0,0,0,0.43,0,,,0,0,,,0.14,0,,,0,0,1,14,0,10,1,1,1,1,,,,,,,,,,,,,,,,,,,,,,,,,,0.27,0.14,0.16,3,0,0.34,0.01,0.01,0.74,0.87,Uncertain
"Hudspeth County, TX",48229,Medium metro,"El Paso, TX",Metropolitan,TX,6,4886,0.006,0,0,0,0,0,0,0,0,0,0,-1,,0,2,41,0,0,537,10991,12,246,0,27,LowBurden,,Low,High,0,13,266,0,1,-0.182,0.3,0,0,0.182,10,205,0,1,,,,,,,,,,,,,,,,,,,,,,,,,,,,,,,,,,,,,,,,,,,,,,,,,,,,0.23,0.28,0.16,3.8,0.03,0.77,0,0.01,0.98,1,Uncertain
"Jeff Davis County, TX",48243,Non-core,,,TX,6,2274,,0,0,0,0,0,0,0,0,0,0,-1,,0,1,44,0,0,192,8443,5,220,0,107,LowBurden,,Low,High,,1,44,,,,,,,1,0,0,19,0,,,,,,,,,,,,,,,,,,,,,,,,,,,,,,,,,,,,,,,,,,,,,,,,,,,,0.14,0.07,0.36,2.1,0.01,0.32,0.01,0.01,0.36,0.59,Uncertain
"Lipscomb County, TX",48295,Non-core,,,TX,6,3233,,0,0,0,0,0,0,0,0,0,0,,,0,0,0,0,0,349,10795,12,371,0,16,LowBurden,,Low,Low,,13,402,,,,12,,,0,1,31,0,1,,,,,,,,,,,,,,,,,,,,,,,,,,,,,,,,,,,,,,,,,,,,,,,,,,,,0.19,0.11,0.19,2.7,0.01,0.34,0.01,0.01,0.46,0.79,Uncertain
"Washington County, KY",21229,Non-core,,,KY,4,12095,,0.003,0,0,0,0,0,0,0,4,33.1,-1,,0,3,25,0,0,1454,12021,41,339,0,13,LowBurden,,Low,Moderate,0.013,143,1182,1,0.99,-0.003,-0.3,0,-0.01,0.016,203,1678,1,1,,,,,,,,,,,,,,,,,,,,,,,,,,,4913,0.406,4199,0.347,16,0.017,63,0.007,16,0.007,-0.0281,-0.0032,0.0036,129,0.139,30,0.032,4784,0.514,4169,0.448,1779,0.796,1595,0.714,0.08,0.17,0.18,2.5,0.05,0.04,0,0.01,0.51,0.84,Uncertain
"Jim Hogg County, TX",48247,Non-core,,,TX,6,5200,,0,0,0,0,0,0,0,0,0,0,-1,,0,3,58,0,0,618,11885,16,308,0,133,LowBurden,,Low,Substantial,0,95,1827,1,1,-0.032,1.21,0,0,0.032,43,827,1,1,,,,,,,,,,,,,,,,,,,,,,,,,,,,,,,,,,,,,,,,,,,,,,,,,,,,0.19,0.27,0.17,3.1,0.01,0.93,0,0,0.99,1,Uncertain
"Kenedy County, TX",48261,Micropolitan,"Kingsville, TX",Micropolitan,TX,6,404,0.013,0,0,0,0,0,0,0,0,0,0,,,0,0,0,0,0,39,9653,2,495,0,139,LowBurden,,Low,Low,,0,0,,,,-1,,,0,1,248,1,1,,,,,,,,,,,,,,,,,,,,,,,,,,,,,,,,,,,,,,,,,,,,,,,,,,,,0.22,0.07,0.17,2.8,0.02,0.73,0.02,0.01,0.73,0.99,Uncertain
"Kent County, TX",48263,Non-core,,,TX,6,762,,0,0,0,0,0,0,0,0,0,0,,,0,0,0,0,0,106,13911,2,262,0,73,LowBurden,,Low,Low,,1,131,,,,-0.8,,,0,5,656,0,1,,,,,,,,,,,,,,,,,,,,,,,,,,,,,,,,,,,,,,,,,,,,,,,,,,,,0.06,0.11,0.26,2.2,0.01,0.2,0.01,0,0.44,0.56,Uncertain
"Monroe County, KY",21171,Non-core,,,KY,4,10650,,0.002,0,0,0,0,0,0,0,1,9.4,-1,0,0,4,38,1,9.4,1340,12582,44,413,0,32,LowBurden,,Low,High,0,16,150,1,1,-0.15,-0.3,0,0.05,0.15,23,216,1,0.95,0,0,0,0,0.25,0,,,0,0,,,-0.15,0,,,0,0,1,49,0,2,1,1,1,1,3648,0.343,3338,0.313,4,0.005,42,0.005,4,0.002,0.0038,0.0009,0.001,21,0.026,12,0.015,3627,0.44,3326,0.404,1470,0.718,1414,0.69,0.09,0.24,0.19,2.4,0.02,0.03,0,0,0.7,0.82,Uncertain
"King County, TX",48269,Non-core,,,TX,6,272,,0,0,0,0,0,0,0,0,0,0,,,0,0,0,0,0,11,4044,0,0,0,0,LowBurden,,Low,Low,,0,0,,,,-1,,,0,2,735,0,1,,,,,,,,,,,,,,,,,,,,,,,,,,,,,,,,,,,,,,,,,,,,,,,,,,,,0.08,0.09,0.19,2.5,0,0.17,0.01,0,0.2,0.53,Uncertain
"Knox County, TX",48275,Non-core,,,TX,6,3664,,0,0,0,0,0,0,0,0,0,0,-1,,0,2,55,0,0,263,7178,17,464,0,134,LowBurden,,Low,Substantial,,1,27,,,,-0.83,,,0,6,164,1,1,1,6,0,0,0,0,,,0,0,,,0,0,,,0,0,1,17,0,6,1,1,1,1,,,,,,,,,,,,,,,,,,,,,,,,,,0.16,0.15,0.2,2.7,0.05,0.35,0.01,0,0.8,0.93,Uncertain
"Lewis County, KY",21135,Non-core,,,KY,4,13275,,0.003,0,0,0,0,0,0,0,1,7.5,-1,-0.5,0,1,8,2,15.1,1352,10185,40,301,0,32,LowBurden,,Low,Low,0,114,859,0,1,-0.016,-0.11,0,0,0.016,128,964,0,1,,,,,,,,,,,,,,,,,,,,,,,,,,,3319,0.25,2886,0.217,37,0.036,58,0.006,14,0.006,0.0251,0.0012,0.0033,59,0.057,5,0.005,3260,0.314,2881,0.278,1250,0.509,1143,0.465,0.06,0.28,0.19,2.5,0,0.01,0,0,0.62,0.75,Uncertain
"La Salle County, TX",48283,Non-core,,,TX,6,7520,,0,0,0,0,0,0,0,0,1,13.3,,,0,0,0,0,0,1051,13976,29,386,0,18,LowBurden,,Substantial,Low,0.083,93,1237,1,1,0.073,2.32,0,0,0.01,28,372,1,1,,,,,,,,,,,,,,,,,,,,,,,,,,,,,,,,,,,,,,,,,,,,,,,,,,,,0.25,0.12,0.14,2.9,0.01,0.87,0,0,0.82,1,Uncertain
"Stephens County, TX",48429,Non-core,,,TX,6,9366,,0,0,0,0,0,0,0,0,0,0,,,0,0,0,0,0,803,8574,26,278,0,19,LowBurden,,Low,Moderate,0,10,107,1,1,-0.053,-0.6,0,0,0.053,25,267,1,1,0,0,0,0,0.25,0,,,0,0,,,0.05,0,,,0,0,1,17,0,6,1,1,1,1,,,,,,,,,,,,,,,,,,,,,,,,,,0.21,0.23,0.2,2.7,0.03,0.24,0.01,0.01,0.88,0.76,Uncertain
"Sterling County, TX",48431,Non-core,"San Angelo, TX",Metropolitan,TX,6,1291,0.011,0,0,0,0,0,0,0,0,0,0,,,0,0,0,0,0,108,8366,4,310,0,126,LowBurden,,Low,Low,0,1,77,1,1,0,-0.83,1,0,0,6,465,0,1,,,,,,,,,,,,,,,,,,,,,,,,,,,,,,,,,,,,,,,,,,,,,,,,,,,,0.2,0.04,0.14,2.4,0.02,0.41,0.01,0,0.41,0.75,Uncertain
"Stonewall County, TX",48433,Non-core,,,TX,6,1350,,0,0,0,0,0,0,0,0,0,0,-1,,0,1,74,0,0,157,11630,6,444,0,140,LowBurden,,Low,Substantial,0,1,74,0,1,,0,,,,1,74,,,0,0,0,0,0,0,,,0,0,,,0,0,,,0,0,1,10,0,1,1,1,1,1,,,,,,,,,,,,,,,,,,,,,,,,,,0.15,0.13,0.27,2.3,0.03,0.18,0.01,0.01,0.32,0.49,Uncertain
"Kiowa County, KS",20097,Non-core,,,KS,7,2475,,0.001,0,0,197,0.08,0,0,0,0,0,,,0,0,0,0,0,238,9616,4,162,0,147,LowBurden,,Low,Low,0,9,364,0.5,1,0,-0.18,-5.5,0.67,0,11,444,6,0.33,0,0,0,0,0.33,0,,,,,,,0,0,,,,,1,15,0,0,1,1,1,1,925,0.374,843,0.341,,,7,0.004,3,0.005,-0.0053,-0.0016,0.0018,6,0.032,3,0.016,919,0.482,840,0.441,408,0.726,382,0.68,0.1,0.08,0.23,2.4,0.01,0.06,0.01,0.01,0.26,0.25,Uncertain
"Rich County, UT",49033,Non-core,,,UT,8,2483,,0.001,0,0,0,0,0,0,0,0,0,-1,,0,1,40,0,0,152,6122,0,0,0,67,LowBurden,,Low,High,0,4,161,1,1,-0.143,-0.5,0,0,0.143,8,322,1,1,,,,,,,,,,,,,,,,,,,,,,,,,,,1075,0.433,714,0.288,2,0.008,3,0.002,,,0.0039,-0.0029,-0.0022,26,0.102,10,0.039,1049,0.598,704,0.401,409,0.893,291,0.635,0.13,0.16,0.18,3.8,0,0.07,0.01,0,0.2,0.16,Uncertain
"Logan County, KS",20109,Non-core,,,KS,7,2794,,0.001,0,0,0,0,0,0,0,0,0,,,0,0,0,0,0,289,10344,6,215,0,139,LowBurden,,Low,Low,0,0,0,0,1,0,-1,-0.5,0,0,10,358,0.5,1,0,0,0,0,0.22,0.06,,,0,0,,,0,0,,,0,0,1,18,0,2,1,1,1,1,1063,0.38,974,0.349,,,14,0.007,,,0,0.0052,0,4,0.019,3,0.014,1059,0.5,971,0.458,512,0.866,484,0.819,0.05,0.08,0.21,2.4,0.01,0.07,0,0.01,0.13,0.6,Uncertain
"Sanpete County, UT",49039,Non-core,,,UT,8,30939,,0.01,0,0,3226,0.104,0,0,0,0,0,,,0,0,0,0,0,3855,12460,26,84,0,13,LowBurden,,Low,Low,0.032,189,611,0,1,0.011,-0.45,0,0,0.021,346,1118,0,1,1,2,0,0,0.28,0.03,,,0,0,-0.67,,0,0,,,0,0,2,42,0,9,1,1,1,1,9132,0.295,7123,0.23,99,0.032,65,0.003,5,0.001,0.0298,-0.0005,-0.0004,376,0.123,220,0.072,8754,0.378,6901,0.298,3143,0.7,2605,0.58,0.11,0.16,0.15,3.1,0.01,0.1,0.01,0.01,0.6,0.31,Uncertain
"Sevier County, UT",49041,Non-core,,,UT,8,21620,,0.007,0,0,0,0,0,0,0,0,0,,,0,0,0,0,0,2201,10180,14,65,0,14,LowBurden,,Low,Moderate,0.039,133,615,0,1,-0.014,0.12,0,0,0.053,119,550,0,1,1,3,0,0,0.18,0.02,,,0,0,,,0,0.02,,,0,0,1,33,0,6,1,1,1,1,6698,0.31,5443,0.252,34,0.015,30,0.002,4,0.001,0.0126,-0.001,-0.0008,203,0.089,101,0.044,6494,0.423,5342,0.348,2749,0.771,2378,0.667,0.13,0.13,0.16,2.9,0,0.06,0.01,0,0.33,0.41,Uncertain
"Lincoln County, KS",20105,Non-core,,,KS,7,2962,,0.001,0,0,0,0,0,0,0,0,0,,,0,0,0,0,0,265,8947,5,169,0,155,LowBurden,,Low,Low,0,7,236,0,1,0,-0.36,-1,0,0,11,371,1,1,0,0,0,0,0.27,0,,,,,,,0.05,0,,,,,1,14,0,0,1,1,1,1,1065,0.36,982,0.332,10,0.04,8,0.003,1,0.001,0.0403,0.0009,0,14,0.056,3,0.012,1051,0.453,979,0.422,526,0.699,502,0.667,0.1,0.09,0.25,2.4,0.01,0.04,0.01,0,0.13,0.47,Uncertain
"Lane County, KS",20101,Non-core,,,KS,7,1535,,0.001,0,0,0,0,0,0,0,0,0,,,0,0,0,0,0,128,8339,7,456,0,123,LowBurden,,Low,Low,0,2,130,0,1,0,-0.5,-1,0,0,4,261,1,1,0,0,0,0,0.57,0,,,,,,,0,0,,,,,1,25,0,0,1,1,1,1,535,0.349,484,0.315,,,6,0.005,1,0.003,0,-0.0008,-0.0028,1,0.01,,,534,0.446,484,0.404,266,0.737,250,0.693,0.11,0.13,0.24,2.1,0.01,0.09,0.01,0,0.03,0.2,Uncertain
"Uintah County, UT",49047,Micropolitan,"Vernal, UT",Micropolitan,UT,8,35734,1,0.011,0,0,0,0,0,0,0,0,0,,,0,0,0,0,0,1757,4917,17,48,0,138,LowBurden,,Moderate,Moderate,0.076,273,764,0,0.99,0.001,0.15,0,0,0.075,238,666,0,0.99,3,10,0,0,0.28,0.02,0.19,0.06,0.04,0,2,,-0.02,0.01,0.08,0.06,0,0,1,31,8,4,1,1,1,1,11700,0.327,7947,0.222,47,0.012,85,0.004,5,0.001,-0.0039,-0.001,-0.0035,753,0.186,389,0.096,10915,0.455,7558,0.315,2990,0.743,2054,0.511,0.15,0.12,0.11,3.4,0,0.08,0.07,0.01,0.48,0.24,Uncertain
"Washington County, UT",49053,Small metro,"St. George, UT",Metropolitan,UT,8,177556,1,0.055,0.001,1,6125,0.034,0,0,0,0,0,,,0,0,0,0,0,20522,11558,204,115,0,141,LowBurden,,Low,Low,0.046,1656,933,1,0.97,0.018,-0.05,0,-0.02,0.028,1741,981,1,1,12,4,0,0,0.74,0.03,0.61,0.06,0.02,0.01,0.33,,0.02,0.01,-0.03,-0.02,-0.01,-0.01,1,284,32,92,1,1,1,1,67419,0.38,46318,0.261,154,0.01,580,0.004,76,0.002,0.0015,0.0005,0,1525,0.094,733,0.045,65889,0.498,45582,0.345,29717,0.761,17920,0.459,0.14,0.12,0.22,2.9,0.01,0.11,0.01,0.01,0.41,0.58,Uncertain
"Wayne County, UT",49055,Non-core,,,UT,8,2711,,0.001,0,0,0,0,0,0,0,0,0,,,0,0,0,0,0,129,4758,0,0,0,126,LowBurden,,Low,Low,0,14,516,1,1,0,0.4,0,0,0,10,369,1,1,,,,,,,,,,,,,,,,,,,,,,,,,,,1117,0.412,950,0.35,,,,,,,0,-0.0005,0,13,0.055,12,0.051,1103,0.535,937,0.454,451,0.755,378,0.633,0.19,0.08,0.22,2.6,0,0.07,0.01,0.01,0.29,0.6,Uncertain
"Unallocated, VT",50000,,,,VT,1,,,,,,,,0,0,,0,,,,0,0,,0,,22,,0,,0,,,,,,0.006,569,,,,-0.004,-0.3,,,0.01,809,,,,,,,,,,,,,,,,,,,,,,,,,,,,,,114311,,96504,,322,,1304,,140,,,,,6578,,2309,,107713,,94186,,32894,,29912,,,,,,,,,,,,
"Millard County, UT",49027,Non-core,,,UT,8,13188,,0.004,0,0,0,0,0,0,0,0,0,,,0,0,0,0,0,1440,10919,14,106,0,33,LowBurden,,Low,Moderate,0,58,440,0,0.98,-0.058,-0.18,0,-0.02,0.058,71,538,0,1,2,6,0,0,0.05,0.03,,,0,0,1,,0,0,,,0,0,2,32,0,3,1,1,1,1,4323,0.328,3375,0.256,4,0.003,46,0.005,6,0.003,0.0014,0.0019,0.0009,61,0.042,41,0.028,4262,0.468,3334,0.366,1692,0.721,1376,0.586,0.15,0.11,0.18,2.9,0,0.13,0.01,0.01,0.36,0.23,Uncertain
"Kearny County, KS",20093,Micropolitan,"Garden City, KS",Micropolitan,KS,7,3838,0.095,0.001,0,0,0,0,0,0,0,0,0,,,0,0,0,0,0,573,14930,10,261,0,96,LowBurden,,Low,Low,0,45,1172,1.5,1,-0.015,-0.61,0.5,0,0.015,115,2996,1,1,0,0,0,0,0.21,0,,,0,0,-1,,-0.18,-0.03,,,0,0,1,25,0,7,1,1,1,1,1448,0.377,1323,0.345,1,0.003,6,0.002,,,0,-0.0022,-0.0016,15,0.042,10,0.028,1433,0.524,1313,0.48,468,0.741,455,0.72,0.12,0.2,0.16,3.1,0.01,0.33,0.01,0,0.47,0.63,Uncertain
"Franklin County, VT",50011,Small metro,"Burlington-South Burlington, VT",Metropolitan,VT,1,49402,0.224,0.079,0,0,0,0,0,0,0,0,0,,,0,0,0,0,0,2028,4105,39,79,0,79,LowBurden,,Low,Low,0,487,986,1,0.98,-0.002,-0.21,0,-0.02,0.002,620,1255,1,0.99,0,0,0,0,0.28,0,0.08,0,0,0,-1,,-0.08,0,0,0,0,0,1,85,12,16,1,1,1,1,15961,0.323,13045,0.264,49,0.013,209,0.005,19,0.002,-0.0337,0.0028,-0.0007,927,0.25,290,0.078,15034,0.39,12755,0.331,3964,0.481,3731,0.452,0.03,0.08,0.17,2.6,0.01,0.02,0.01,0.01,0.11,0.17,Uncertain
"Grand Isle County, VT",50013,Small metro,"Burlington-South Burlington, VT",Metropolitan,VT,1,7235,0.033,0.012,0,0,0,0,0,0,0,0,0,-1,,0,1,14,0,0,217,2999,2,28,0,52,LowBurden,,Low,Moderate,0,78,1078,1,1,-0.036,-0.58,0,0,0.036,186,2571,1,1,,,,,,,,,,,,,,,,,,,,,,,,,,,5250,0.726,4374,0.605,9,0.02,57,0.01,12,,-0.0576,0.0012,0,219,0.486,77,0.171,5031,0.848,4297,0.724,1664,0.999,1510,0.97,0.03,0.08,0.22,2.4,0.01,0.02,0.01,0.01,0,0,Uncertain
"Hodgeman County, KS",20083,Non-core,,,KS,7,1794,,0.001,0,0,0,0,0,0,0,0,0,,,0,0,0,0,0,213,11873,8,446,0,90,LowBurden,,Low,Low,,1,56,,,,-0.91,,,0,11,613,0,1,0,0,0,0,0.81,0,,,0,0,,,-0.04,0,,,0,0,1,25,0,2,1,1,1,1,676,0.377,607,0.338,,,4,0.003,,,0,-0.0022,-0.0046,4,0.028,,,672,0.486,607,0.439,281,0.642,263,0.6,0.1,0.12,0.24,2.4,0.01,0.07,0.01,0.04,0.11,0.25,Uncertain
"Unallocated, VA",51000,,,,VA,3,,,,,,,,0,0,,0,,,,0,0,,0,,0,,0,,0,,,,,,0.014,83,,,,-0.218,-0.28,,,0.232,116,,,,,,,,,,,,,,,,,,,,,,,,,,,,,,2363004,,1959508,,12242,,32907,,3598,,,,,112155,,49927,,2244718,,1908440,,632316,,571161,,,,,,,,,,,,
"Hamilton County, KS",20075,Non-core,,,KS,7,2539,,0.001,0,0,0,0,0,0,0,0,0,,,0,0,0,0,0,209,8232,1,39,0,6,LowBurden,,Low,Low,0,11,433,1,0.75,0,0,0,-0.16,0,11,433,1,0.91,0,0,0,0,0.71,0,,,0,0,,,0.05,0,,,0,0,1,25,0,2,1,1,1,1,718,0.283,630,0.248,,,16,0.009,2,0.005,-0.0043,-0.0105,0.0027,8,0.035,1,0.004,709,0.392,628,0.347,198,0.538,187,0.508,0.21,0.11,0.14,3.1,0.01,0.37,0.01,0,0.26,0.39,Uncertain
"Greeley County, KS",20071,Non-core,,,KS,7,1232,,0,0,0,0,0,0,0,0,0,0,,,0,0,0,0,0,104,8442,1,81,0,146,LowBurden,,Low,Low,0,6,487,2,1,0,-0.33,0.5,0,0,9,731,1.5,1,0,0,0,0,0.24,0,,,,,,,-0.05,0,,,,,1,18,0,0,1,1,1,1,484,0.393,467,0.379,,,,,,,0,-0.0044,0,1,0.009,,,483,0.537,467,0.519,183,0.753,181,0.745,0.06,0.08,0.2,2.4,0,0.2,0,0,0.58,0.7,Uncertain
"Grant County, KS",20067,Non-core,,,KS,7,7150,,0.002,0,0,0,0,0,0,0,0,0,-1,,0,1,14,0,0,946,13231,18,252,0,111,LowBurden,,Moderate,Moderate,0.071,18,252,0,1,0.03,-0.53,0,0,0.042,38,531,0,1,0,0,0,0,0.13,0,,,0,0,-1,,0.02,-0.02,,,0,0,1,26,0,2,1,1,1,1,2389,0.334,2124,0.297,11,0.015,15,0.003,2,0.002,-0.0027,-0.0014,0,40,0.054,12,0.016,2349,0.468,2112,0.421,767,0.736,718,0.689,0.18,0.09,0.15,2.9,0,0.48,0,0.01,0.38,0.75,Uncertain
"Graham County, KS",20065,Non-core,,,KS,7,2482,,0.001,0,0,0,0,0,0,0,0,0,,,0,0,0,0,0,265,10677,9,363,0,57,LowBurden,,Low,Low,0,14,564,0,1,0,-0.18,-1,0,0,17,685,1,1,0,0,0,0,0.25,0,,,0,0,,,-0.08,0,,,0,0,1,15,0,1,1,1,1,1,1517,0.611,1466,0.591,1,0.005,10,0.005,2,0.003,0.0053,0.0015,0,2,0.011,,,1515,0.769,1466,0.745,494,0.711,473,0.681,0.08,0.1,0.28,2.1,0.04,0.04,0.01,0.02,0.13,0.27,Uncertain
"Piute County, UT",49031,Non-core,,,UT,8,1479,,0,0,0,0,0,0,0,0,0,0,,,0,0,0,0,0,101,6829,2,135,0,136,LowBurden,,Low,Low,0,7,473,0,1,0,0.4,-0.5,0,0,5,338,0.5,1,,,,,,,,,,,,,,,,,,,,,,,,,,,490,0.331,335,0.227,1,0.006,2,0.002,2,0.005,0,0.0018,0.0048,6,0.034,4,0.022,484,0.431,331,0.295,258,0.62,182,0.438,0.22,0.17,0.28,3.7,0,0.08,0.01,0,0.27,0.33,Uncertain
"Kane County, UT",49025,Non-core,,,UT,8,7886,,0.002,0,0,0,0,0,0,0,0,0,,,0,0,0,0,0,647,8204,5,63,0,67,LowBurden,,High,Low,0.111,53,672,0,0.97,0.071,0.29,0,-0.01,0.04,41,520,0,0.98,7,28,0,0,0.6,0,,,0,0,0,,0,0,,,0,0,1,25,0,1,1,1,1,1,3060,0.388,2562,0.325,1,0.002,25,0.004,4,0.002,-0.003,0.0015,0.0016,20,0.03,2,0.003,3037,0.504,2557,0.425,1387,0.751,1182,0.64,0.14,0.13,0.23,2.7,0.01,0.05,0.02,0.01,0.11,0.04,Uncertain
"Thomas County, KS",20193,Non-core,,,KS,7,7777,,0.003,0,0,0,0,0,0,0,0,0,-1,,0,1,13,0,0,1099,14131,20,257,0,32,LowBurden,,Low,Moderate,0,11,141,0,0.92,0,-0.71,-1,-0.05,0,38,489,1,0.97,0,0,0,0,0.46,0,,,0,0,,,0.02,0,,,0,0,1,25,0,10,1,1,1,1,2535,0.326,2292,0.295,3,0.006,29,0.005,3,0.002,-0.0037,0.001,0,38,0.07,12,0.022,2497,0.42,2280,0.383,965,0.687,921,0.656,0.07,0.11,0.18,2.3,0.01,0.07,0,0.01,0.07,0.33,Uncertain
"Pratt County, KS",20151,Non-core,,,KS,7,9164,,0.003,0,0,0,0,0,0,0,0,0,,,0,0,0,0,0,815,8893,25,273,0,89,LowBurden,,Low,Low,0,30,327,0,1,0,-0.77,0,0,0,132,1440,0,1,0,0,0,0,0.32,0,0.4,0,0,0,,,0.02,0,0.14,0,0,0,1,35,6,4,1,1,1,1,3569,0.389,3143,0.343,9,0.012,20,0.003,1,0.001,-0.0054,-0.0016,-0.0036,69,0.092,27,0.036,3500,0.502,3116,0.447,1424,0.733,1314,0.676,0.08,0.12,0.21,2.5,0.02,0.07,0,0.01,0.39,0.22,Uncertain
"Terrell County, TX",48443,Non-core,,,TX,6,776,,0,0,0,0,0,0,0,0,0,0,,,0,0,0,0,0,74,9536,2,258,0,140,LowBurden,,Low,Low,,0,0,,,,-1,,,,1,129,,,,,,,,,,,,,,,,,,,,,,,,,,,,,,,,,,,,,,,,,,,,,,,,,,,,,,0.15,0.15,0.33,2.2,0.01,0.51,0.01,0.01,0.47,0.83,Uncertain
"Stafford County, KS",20185,Non-core,,,KS,7,4156,,0.001,0,0,0,0,0,0,0,0,0,-1,,0,1,24,0,0,344,8277,9,217,0,148,LowBurden,,Low,Moderate,0,11,265,0,1,0,-0.58,0,0,0,26,626,0,1,0,0,0,0,0.36,0,,,0,0,,,-0.08,0,,,0,0,1,12,0,6,1,1,1,1,1461,0.352,1340,0.322,1,0.003,11,0.003,3,0.003,-0.0185,0.0019,0.0031,25,0.077,10,0.031,1436,0.45,1330,0.417,659,0.687,638,0.665,0.09,0.14,0.23,2.3,0,0.13,0.01,0,0.28,0.14,Uncertain
"Throckmorton County, TX",48447,Non-core,,,TX,6,1501,,0,0,0,0,0,0,0,0,0,0,,,0,0,0,0,0,73,4863,5,333,0,125,LowBurden,,Low,Low,0,1,67,1,1,0,-0.5,1,0,0,2,133,0,1,0,0,0,0,0.16,0,,,0,0,,,0.06,0,,,0,0,1,10,0,4,1,1,1,1,,,,,,,,,,,,,,,,,,,,,,,,,,0.17,0.15,0.3,2.2,0.01,0.14,0.01,0.01,0.27,0.5,Uncertain
"Scott County, KS",20171,Non-core,,,KS,7,4823,,0.002,0,0,0,0,0,0,0,0,0,-1,,0,2,41,0,0,600,12440,24,498,0,10,LowBurden,,Low,Moderate,0,7,145,1,1,0,-0.73,1,0,0,26,539,0,1,0,0,0,0,0.39,0,,,0,0,,,0.01,0,,,0,0,1,20,0,3,1,1,1,1,1637,0.339,1482,0.307,1,0.002,11,0.003,2,0.002,-0.0066,-0.0048,-0.001,19,0.041,10,0.022,1618,0.455,1472,0.414,628,0.646,596,0.613,0.06,0.02,0.2,2.4,0.01,0.18,0.01,0.01,0.31,0.5,Uncertain
"Russell County, KS",20167,Non-core,,,KS,7,6856,,0.002,0,0,0,0,0,0,0,0,0,,,0,0,0,0,0,859,12529,28,408,0,104,LowBurden,,Low,Low,0,7,102,1,1,0,-0.85,0,0,0,47,686,1,1,0,0,0,0,0.14,0,,,0,0,,,0,0,,,0,0,1,25,0,4,1,1,1,1,2353,0.343,2087,0.304,2,0.004,7,0.001,2,0.001,-0.0219,-0.003,-0.0024,31,0.068,15,0.033,2322,0.433,2072,0.386,1073,0.633,982,0.58,0.08,0.06,0.25,2.3,0.01,0.04,0.01,0.01,0.24,0.63,Uncertain
"Rush County, KS",20165,Non-core,,,KS,7,3036,,0.001,0,0,0,0,0,0,0,0,0,-1,,0,1,33,0,0,433,14262,14,461,0,134,LowBurden,,Low,Moderate,0,18,593,1,1,0,-0.33,0,0,0,27,889,1,1,0,0,0,0,0.66,0,,,,,,,0.02,0,,,,,1,25,0,0,1,1,1,1,1213,0.4,1101,0.363,1,0.004,4,0.002,2,0.003,0.0044,-0.0012,0.0026,7,0.031,1,0.004,1205,0.498,1099,0.455,589,0.763,558,0.723,0.08,0.1,0.25,2.2,0,0.04,0.01,0,0.08,0.24,Uncertain
"Upton County, TX",48461,Non-core,,,TX,6,3657,,0,0,0,0,0,0,0,0,0,0,,,0,0,0,0,0,373,10200,10,273,0,122,LowBurden,,Low,Low,0,8,219,0,1,0,,-1,0,0,0,0,1,1,0,0,0,0,0.36,0,,,0,0,,,0,0,,,0,0,2,88,0,19,1,1,1,1,,,,,,,,,,,,,,,,,,,,,,,,,,0.13,0.19,0.15,2.7,0.02,0.54,0.01,0,0.65,0.67,Uncertain
"Rooks County, KS",20163,Non-core,,,KS,7,4920,,0.002,0,0,0,0,0,0,0,0,0,,,0,0,0,0,0,656,13333,11,224,0,84,LowBurden,,Low,Low,0,13,264,1,1,-0.036,-0.54,0,0,0.036,28,569,1,1,0,0,0,0,0.24,0,,,0,0,,,0.01,0,,,0,0,1,22,0,3,1,1,1,1,1829,0.372,1674,0.34,3,0.008,7,0.002,1,0.001,-0.0178,-0.0026,-0.0053,21,0.053,7,0.018,1808,0.472,1667,0.436,815,0.717,753,0.662,0.09,0.08,0.23,2.3,0.01,0.02,0,0.01,0.14,0.28,Uncertain
"Victoria County, TX",48469,Small metro,"Victoria, TX",Metropolitan,TX,6,92084,0.923,0.003,0,0,2088,0.023,0,0,0,4,4.3,-1,0,0.001,92,100,4,4.3,9094,9876,220,239,0,17,LowBurden,,Substantial,High,0.092,530,576,0,1,-0.029,-0.15,0,0.01,0.122,627,681,0,0.99,96,17,0,0,0.45,0.06,0.79,0.27,0.29,0.05,8.95,,0,0,-0.03,-0.01,0.03,0,4,581,53,105,1,0.75,1,1,,,,,,,,,,,,,,,,,,,,,,,,,,0.16,0.15,0.17,2.8,0.06,0.48,0,0.01,0.78,0.53,Uncertain
"Webb County, TX",48479,Medium metro,"Laredo, TX",Metropolitan,TX,6,276652,1,0.01,0.001,1,5382,0.019,0,0,0,0,0,-1,-1,0.003,395,143,2,0.7,44133,15953,794,287,0,1,LowBurden,,Low,High,0.032,2199,795,1,0.97,0.001,-0.25,0,-0.01,0.031,2913,1053,1,0.97,8,2,0,0,0.85,0.03,0.95,0.06,0.31,0.01,0.5,,-0.04,0,-0.01,-0.01,-0.01,0,3,371,51,164,1,1,1,1,,,,,,,,,,,,,,,,,,,,,,,,,,0.28,0.3,0.1,3.6,0,0.95,0,0,0.95,0.86,Uncertain
"Juab County, UT",49023,Medium metro,"Provo-Orem, UT",Metropolitan,UT,8,12017,0.019,0.004,0,0,0,0,0,0,0,0,0,,,0,0,0,0,0,1274,10602,12,100,0,13,LowBurden,,High,High,0.105,62,516,0,0.99,-0.049,-0.29,0,-0.01,0.154,87,724,0,1,0,0,0,0,0.31,0,,,0,0,-1,,-0.08,-0.01,,,0,0,1,29,0,2,1,1,1,1,3389,0.282,2579,0.215,4,0.003,19,0.002,4,0.003,-0.0071,-0.002,0,57,0.04,33,0.023,3331,0.421,2546,0.322,1157,0.811,1018,0.713,0.12,0.11,0.12,3.2,0,0.06,0.01,0,0.23,0.37,Uncertain
"Ottawa County, KS",20143,Micropolitan,"Salina, KS",Micropolitan,KS,7,5704,0.095,0.002,0,0,0,0,0,0,0,0,0,,,0,0,0,0,0,552,9677,13,228,0,129,LowBurden,,Low,Low,0,36,631,0,1,0,-0.32,-1,0.02,0,53,929,1,0.98,0,0,0,0,0.71,0,,,,,,,0.03,0,,,,,1,25,0,0,1,1,1,1,1795,0.315,1666,0.292,2,0.004,12,0.003,1,0.001,0,-0.0018,-0.0016,16,0.033,7,0.014,1779,0.399,1659,0.372,778,0.641,741,0.611,0.07,0.1,0.21,2.4,0.01,0.03,0.01,0,0.03,0.13,Uncertain
"Osborne County, KS",20141,Non-core,,,KS,7,3421,,0.001,0,0,0,0,0,0,0,0,0,,,0,0,0,0,0,290,8477,12,351,0,139,LowBurden,,Low,Low,0,3,88,1,1,0,-0.7,0,0,0,10,292,1,1,0,0,0,0,0.26,0,,,,,,,-0.09,0,,,,,1,16,0,0,1,1,1,1,1161,0.339,1064,0.311,,,5,0.002,2,0.002,0,0,0.0012,2,0.008,1,0.004,1159,0.431,1063,0.396,581,0.68,544,0.637,0.09,0.13,0.25,2.1,0,0.02,0.01,0.01,0.07,0.29,Uncertain
"Ness County, KS",20135,Non-core,,,KS,7,2750,,0.001,0,0,0,0,0,0,0,0,0,,,0,0,0,0,0,372,13527,16,582,0,117,LowBurden,,Low,Low,,3,109,,,,-0.83,,,0,18,655,1,1,0,0,0,0,0.62,0,,,0,0,,,-0.01,0,,,0,0,2,50,0,1,1,1,1,1,1144,0.416,981,0.357,9,0.045,11,0.005,3,0.004,0.0152,-0.0023,0.0041,23,0.116,7,0.035,1121,0.514,974,0.447,548,0.742,499,0.675,0.07,0.07,0.27,2.2,0.01,0.1,0,0,0.15,0.31,Uncertain
"Beaver County, UT",49001,Non-core,,,UT,8,6710,,0.002,0,0,0,0,0,0,0,0,0,,,0,0,0,0,0,754,11237,7,104,0,66,LowBurden,,Low,Low,0.028,42,626,0,1,0.002,0.4,0,0,0.026,30,447,0,1,0,0,0,0,0.72,0,,,0,0,,,0.01,0,,,0,0,2,52,0,2,1,1,1,1,2167,0.323,1609,0.24,4,0.005,4,0.001,,,-0.0066,-0.0068,-0.0011,30,0.04,5,0.007,2136,0.471,1604,0.354,773,0.817,618,0.653,0.12,0.08,0.14,2.8,0,0.12,0.01,0.01,0.25,0.35,Uncertain
"Daggett County, UT",49009,Non-core,,,UT,8,950,,0,0,0,0,0,0,0,0,0,0,,,0,0,0,0,0,37,3895,0,0,0,133,LowBurden,,Substantial,High,0.083,15,1579,1,1,-0.017,0.15,0,0,0.1,13,1368,1,1,,,,,,,,,,,,,,,,,,,,,,,,,,,497,0.523,349,0.367,3,0.032,11,0.015,2,0.008,0.0316,0.0082,0.0077,4,0.042,2,0.021,491,0.667,347,0.471,198,0.764,145,0.56,0.03,0.05,0.27,3.3,0,0.04,0.01,0,0.08,0.05,Uncertain
"Duchesne County, UT",49013,Non-core,,,UT,8,19938,,0.006,0,0,0,0,0,0,0,0,0,,,0,0,0,0,0,1217,6104,9,45,0,146,LowBurden,,Moderate,Moderate,0.057,344,1725,0,0.96,0.001,0.33,-1,-0.04,0.056,258,1294,1,0.99,0,0,0,0,0.48,0.03,0.36,0.14,0,0,-1,,0.07,0.01,-0.07,0.11,0,0,1,32,4,5,1,1,1,1,6604,0.331,4789,0.24,12,0.005,33,0.002,3,0.001,-0.0174,-0.0009,-0.0008,237,0.108,92,0.042,6335,0.477,4695,0.354,2040,0.822,1527,0.615,0.15,0.13,0.12,3,0,0.08,0.04,0,0.48,0.21,Uncertain
"Meade County, KS",20119,Non-core,,,KS,7,4033,,0.001,0,0,0,0,0,0,0,0,0,-1,,0,1,25,0,0,517,12819,12,298,0,34,LowBurden,,Low,Substantial,0,5,124,1,1,-0.091,-0.79,1,0,0.091,24,595,0,1,0,0,0,0,0.09,0,,,0,0,,,0,0,,,0,0,1,20,0,4,1,1,1,1,1454,0.361,1106,0.274,1,0.003,8,0.003,1,0.001,-0.0154,-0.0059,-0.0038,20,0.062,9,0.028,1434,0.474,1097,0.363,633,0.803,394,0.5,0.13,0.12,0.2,2.5,0.01,0.19,0.01,0.01,0.37,0.54,Uncertain
"Garfield County, UT",49017,Non-core,,,UT,8,5051,,0.002,0,0,0,0,0,0,0,0,0,,,0,0,0,0,0,466,9226,10,198,0,83,LowBurden,,Low,Low,0,27,535,0,1,0,0.69,-1,0,0,16,317,1,1,0,0,0,0,0.13,0,,,,,,,-0.04,0,,,,,1,15,0,0,1,1,1,1,2328,0.461,1604,0.318,,,8,0.002,1,0.001,-0.0085,-0.0026,0.0008,19,0.04,,,2309,0.594,1604,0.412,891,0.734,524,0.432,0.16,0.18,0.24,2.7,0,0.07,0.02,0.01,0.46,0.45,Uncertain
"Iron County, UT",49021,Micropolitan,"Cedar City, UT",Micropolitan,UT,8,54839,1,0.017,0,1,7034,0.128,0,0,0,0,0,,,0,0,0,0,0,5374,9800,32,58,0,64,LowBurden,,Substantial,High,0.098,420,766,1,0.99,-0.01,-0.15,0,-0.01,0.107,492,897,1,1,8,20,0,0,0.39,0.08,0.57,0.24,0,0,0.33,,-0.01,0.06,0.29,0.24,0,0,1,41,6,21,1,1,1,1,17105,0.312,13017,0.237,18,0.003,170,0.004,21,0.003,-0.012,-0.0012,-0.0006,443,0.082,93,0.017,16658,0.424,12922,0.329,5424,0.767,4343,0.614,0.13,0.2,0.13,3,0.01,0.09,0.02,0.01,0.45,0.56,Uncertain
"Bristol Bay Borough, AK",2060,Non-core,,,AK,10,836,,0.001,0,0,0,0,0,0,0,0,0,,,0,0,0,0,0,0,0,0,0,0,0,LowBurden,,Low,Low,0,214,25598,3,0.81,0,-0.22,2,-0.19,0,273,32656,1,1,,,,,,,,,,,,,,,,,,,,,,,,,,,743,0.889,615,0.736,3,0.091,11,,,,0.0606,0,0,30,0.909,20,0.606,711,0.999,594,0.865,118,0.868,114,0.838,0.2,0.06,0.16,2.4,0.01,0.07,0.33,0.02,0.35,0.12,Uncertain
"Glasscock County, TX",48173,Micropolitan,,,TX,6,1409,,0,0,0,0,0,0,0,0,0,0,,,0,0,0,0,0,104,7381,2,142,0,159,LowBurden,,Low,Low,0,3,213,1,1,0,,0,0.33,0,0,0,1,0.67,,,,,,,,,,,,,,,,,,,,,,,,,,,,,,,,,,,,,,,,,,,,,,,,,,,,0.2,0.1,0.15,3.3,0.01,0.39,0,0,0.18,0.33,Uncertain
"Fannin County, TX",48147,Non-core,"Bonham, TX",Micropolitan,TX,6,35514,1,0.001,0,0,0,0,0,0,0,0,0,,-1,0,0,0,1,2.8,3486,9816,109,307,0,14,LowBurden,,Low,Low,0.008,129,363,1,1,0.001,-0.58,0,0.01,0.006,310,873,1,0.99,0,0,0,0,0.43,0,,,0,0,,,0.15,0,,,0,0,1,33,0,4,1,1,1,1,,,,,,,,,,,,,,,,,,,,,,,,,,0.16,0.12,0.19,2.5,0.06,0.12,0.01,0.01,0.58,0.61,Uncertain
"Walworth County, SD",46129,Non-core,,,SD,8,5435,,0.006,0,0,0,0,0,0,0,0,0,,,0,0,0,0,0,771,14186,15,276,0,62,LowBurden,,High,Low,0.111,18,331,0,1,0.069,-0.33,0,0,0.042,27,497,0,1,0,0,0,0,0.09,0,,,0,0,,,-0.05,0,,,0,0,1,39,0,1,1,1,1,1,1087,0.2,1396,0.257,4,0.01,14,0.003,,,0.0071,0.0022,0,10,0.024,3,0.007,1077,0.258,1393,0.334,263,0.199,649,0.491,0.1,0.1,0.24,2.2,0,0.02,0.14,0.02,0.39,0.11,Uncertain
"Lyman County, SD",46085,Non-core,,,SD,8,3781,,0.004,0,0,0,0,0,0,0,0,0,-1,,0,2,53,0,0,658,17403,11,291,0,32,LowBurden,,High,High,0.133,25,661,0,1,-0.028,-0.22,0,0,0.161,32,846,0,1,,,,,,,,,,,,,,,,,,,,,,,,,,,1652,0.437,1403,0.371,3,0.008,18,0.007,,,-0.058,-0.0071,-0.0033,95,0.262,44,0.122,1557,0.583,1359,0.509,475,0.776,449,0.734,0.17,0.22,0.16,2.7,0.01,0.03,0.39,0,0.71,0.34,Uncertain
"Marshall County, SD",46091,Non-core,,,SD,8,4935,,0.006,0,0,0,0,0,0,0,0,0,-1,,0,1,20,0,0,375,7599,6,122,0,27,LowBurden,,Low,High,0,16,324,0,1,-0.111,0.14,0,0,0.111,14,284,0,1,0,0,0,0,0.33,0,,,,,,,0.1,0,,,,,1,10,0,0,1,1,1,1,1865,0.378,1904,0.386,5,0.014,12,0.003,4,0.004,-0.0113,-0.0003,0.0019,29,0.082,10,0.028,1836,0.489,1894,0.505,660,0.63,757,0.723,0.08,0.08,0.21,2.6,0.01,0.08,0.07,0,0.21,0.45,Uncertain
"Jefferson Davis County, MS",28065,Non-core,,,MS,4,11128,,0.004,0,0,0,0,0,0,0,0,0,,,0,0,0,0,0,1073,9642,33,297,0,40,LowBurden,,Low,Low,0,18,162,1,1,0,-0.33,0,0,0,27,243,1,1,0,0,0,0,0.09,0,,,,,,,-0.05,0,,,,,1,15,0,0,1,1,1,1,3208,0.288,2698,0.242,11,0.016,46,0.005,10,0.004,0.0145,0.0035,0.0027,41,0.059,17,0.025,3166,0.355,2681,0.301,1365,0.531,1244,0.484,0.18,0.27,0.23,2.4,0.59,0.02,0,0,0.84,0.88,Uncertain
"Mellette County, SD",46095,Non-core,,,SD,8,2061,,0.002,0,0,0,0,0,0,0,0,0,,,0,0,0,0,0,261,12664,2,97,0,88,LowBurden,,Low,Low,0,11,534,0,1,0,-0.08,0,0,0,12,582,0,1,,,,,,,,,,,,,,,,,,,,,,,,,,,744,0.361,465,0.226,1,0.005,8,0.006,,,0,0.0007,-0.0033,29,0.138,14,0.067,715,0.501,451,0.316,242,0.793,159,0.521,0.35,0.48,0.15,3,0,0.03,0.53,0,0.92,0.99,Uncertain
"Moody County, SD",46101,Non-core,,,SD,8,6576,,0.007,0,0,0,0,0,0,0,0,0,-1,-1,0,2,30,2,30.4,666,10128,20,304,0,19,LowBurden,,Low,Moderate,0,21,319,0,1,-0.037,-0.45,0,0,0.037,38,578,0,1,0,0,0,0,0.12,0,,,0,0,,,-0.31,0,,,0,0,1,7,0,1,1,1,1,1,2363,0.359,2260,0.344,4,0.007,11,0.002,,,-0.0068,-0.0021,-0.0016,71,0.121,25,0.043,2292,0.474,2235,0.463,777,0.616,828,0.657,0.11,0.15,0.19,2.3,0.01,0.05,0.12,0.02,0.39,0.28,Uncertain
"Perkins County, SD",46105,Non-core,,,SD,8,2865,,0.003,0,0,0,0,0,0,0,0,0,,,0,0,0,0,0,359,12531,14,489,0,126,LowBurden,,Low,High,0,6,209,0,1,-0.333,0.5,-1,0,0.333,4,140,1,1,,,,,,,,,,,,,,,,,,,,,,,,,,,377,0.132,553,0.193,,,3,0.001,,,0,-0.0004,-0.0013,1,0.005,,,376,0.166,553,0.244,162,0.213,322,0.424,0.09,0.12,0.27,2.2,0.01,0.02,0.02,0,0.11,0.11,Uncertain
"Potter County, SD",46107,Non-core,,,SD,8,2153,,0.002,0,0,0,0,0,0,0,0,0,,,0,0,0,0,0,391,18161,4,186,0,81,LowBurden,,Low,High,0,7,325,0,1,-0.1,-0.56,0,0,0.1,16,743,0,1,0,0,0,0,0.51,0,,,0,0,,,0.11,0,,,0,0,1,7,0,2,1,1,1,1,625,0.29,830,0.386,4,0.024,12,0.007,2,0.003,0.0238,0.0053,0.0032,10,0.06,3,0.018,615,0.362,827,0.487,198,0.315,430,0.685,0.05,0.07,0.29,2.2,0.01,0.02,0.02,0.01,0.05,0.04,Uncertain
"Sanborn County, SD",46111,Non-core,,,SD,8,2344,,0.003,0,0,0,0,0,0,0,0,0,-1,,0,1,43,0,0,345,14718,3,128,0,86,LowBurden,,Low,High,0,9,384,0,1,-0.1,0.29,0,0,0.1,7,299,0,1,,,,,,,,,,,,,,,,,,,,,,,,,,,612,0.261,768,0.328,,,2,0.001,,,-0.0167,-0.0017,-0.0021,12,0.067,5,0.028,600,0.341,763,0.434,121,0.255,295,0.622,0.07,0.1,0.2,2.2,0,0.03,0.01,0,0.04,0.13,Uncertain
"Tripp County, SD",46123,Non-core,,,SD,8,5441,,0.006,0,0,0,0,0,0,0,0,0,,,0,0,0,0,0,755,13876,17,312,0,85,LowBurden,,Substantial,Low,0.091,28,515,0,1,0.06,0.22,0,0,0.031,23,423,0,1,0,0,0,0,0.3,0,0,0,0,0,,,0.01,0,0,0,0,0,1,25,1,2,1,1,1,1,1080,0.198,1380,0.254,4,0.01,15,0.004,1,0.001,0,-0.0002,0,18,0.044,3,0.007,1062,0.255,1377,0.331,269,0.217,588,0.475,0.08,0.2,0.23,2.2,0,0.03,0.14,0,0.34,0.2,Uncertain
"Union County, SD",46127,Small metro,"Sioux City, IA-NE-SD",Metropolitan,SD,8,15932,0.11,0.018,0,0,0,0,0,0,0,0,0,-1,,0,2,13,0,0,2227,13978,43,270,0,62,LowBurden,,Low,Moderate,0.029,63,395,1,0.91,-0.042,-0.26,0.5,-0.09,0.07,85,534,0.5,1,0,0,0,0,0.55,0,,,0,0,,,0.04,0,,,0,0,1,20,0,11,1,1,1,1,6337,0.398,5892,0.37,18,0.013,39,0.003,1,0,-0.0022,-0.0001,-0.001,179,0.132,74,0.055,6158,0.511,5818,0.483,1992,0.673,1952,0.659,0.06,0.07,0.19,2.3,0.01,0.04,0.01,0.01,0.03,0.02,Uncertain
"Ziebach County, SD",46137,Non-core,,,SD,8,2756,,0.003,0,0,0,0,0,0,0,0,0,,,0,0,0,0,0,344,12482,9,327,0,138,LowBurden,,Low,Low,0,5,181,0,1,0,-0.71,0,0,0,17,617,0,1,,,,,,,,,,,,,,,,,,,,,,,,,,,520,0.189,485,0.176,1,0.003,1,0.001,,,0.003,-0.0005,0,32,0.096,26,0.078,488,0.244,459,0.23,112,0.424,113,0.428,0.25,0.41,0.1,3.8,0.01,0.04,0.68,0,0.95,0.9,Uncertain
"Hardeman County, TN",47069,Non-core,,,TN,4,25050,,0.004,0,0,0,0,0,0,0,0,0,,-1,0,0,0,1,4,3548,14164,65,259,0,27,LowBurden,,Low,Low,0.037,102,407,1,0.98,0.037,-0.58,0,0,0,243,970,1,0.98,1,4,0,0,0.2,0.02,,,0,0,,,0.1,0.02,,,0,0,1,26,0,6,1,1,1,1,8176,0.326,6631,0.265,7,0.004,61,0.003,6,0.001,-0.009,-0.0023,-0.003,79,0.047,20,0.012,8096,0.399,6611,0.326,3261,0.701,2821,0.607,0.11,0.21,0.19,2.4,0.42,0.02,0,0.01,0.87,0.96,Uncertain
"Issaquena County, MS",28055,Non-core,,,MS,4,1327,,0,0,0,0,0,0,0,0,0,0,,,0,0,0,0,0,169,12735,6,452,0,137,LowBurden,,Low,Low,,0,0,,,,,,,,0,0,,,,,,,,,,,,,,,,,,,,,,,,,,,,,385,0.29,204,0.154,,,14,0.012,1,0.005,,0.011,0.0045,4,0.066,,,381,0.322,204,0.172,77,0.348,65,0.294,0.1,0.42,0.17,2.2,0.63,0.02,0,0,0.95,0.97,Uncertain
"Humphreys County, MS",28053,Non-core,,,MS,4,8064,,0.003,0,0,0,0,0,0,0,0,0,-1,,0,1,12,0,0,972,12054,33,409,0,21,LowBurden,,Low,Moderate,0,13,161,0,1,0,-0.55,0,0,0,29,360,0,1,,,,,,,,,,,,,,,,,,,,,,,,,,,3118,0.387,2298,0.285,8,0.01,93,0.016,15,0.011,0.0039,0.0137,0.0091,64,0.082,13,0.017,3054,0.512,2285,0.383,1081,0.757,883,0.618,0.15,0.38,0.18,2.7,0.75,0.04,0,0,0.94,1,Uncertain
"Kiowa County, CO",8061,Non-core,,,CO,8,1406,,0,0,0,0,0,0,0,0,0,0,,,0,0,0,0,0,95,6757,3,213,0,126,LowBurden,,Low,Low,0,12,853,2,1,0,-0.66,0,0,0,35,2489,2,1,0,0,0,0,0.61,0,,,0,0,,,-0.01,0,,,0,0,1,25,0,1,1,1,1,1,224,0.159,160,0.114,1,0.01,3,0.003,,,0.0101,0,0,5,0.051,3,0.03,219,0.204,157,0.146,102,0.315,45,0.139,0.06,0.11,0.23,2.4,0,0.08,0.01,0.01,0.32,0.35,Uncertain
"Clay County, TN",47027,Non-core,,,TN,4,7615,,0.001,0,0,0,0,0,0,0,0,0,,,0,0,0,0,0,1102,14471,30,394,0,38,LowBurden,,Low,Low,0,8,105,1,1,0,-0.38,0.5,0,0,13,171,0.5,1,,,,,,,,,,,,,,,,,,,,,,,,,,,1661,0.218,1472,0.193,1,0.002,9,0.001,1,0.001,-0.0018,-0.0018,-0.001,15,0.027,8,0.015,1645,0.27,1464,0.24,854,0.444,810,0.421,0.11,0.27,0.25,2.4,0.02,0.03,0,0,0.59,0.86,Uncertain
"Clarke County, MS",28023,Micropolitan,"Meridian, MS",Micropolitan,MS,4,15541,0.156,0.005,0,0,0,0,0,0,0,0,0,-1,,0,2,13,0,0,1789,11511,80,515,0,5,LowBurden,,Low,Moderate,0,26,167,1,0.94,0,0.86,0,-0.06,0,14,90,1,1,0,0,0,0,0.18,0,,,0,0,,,-0.02,0,,,0,0,1,25,0,1,1,1,1,1,5653,0.364,4648,0.299,13,0.011,90,0.007,13,0.004,0.0082,0.0055,0.0037,51,0.042,16,0.013,5602,0.462,4632,0.382,2443,0.754,2114,0.653,0.09,0.19,0.21,2.5,0.35,0.01,0,0,0.67,0.45,Uncertain
"Choctaw County, MS",28019,Non-core,,,MS,4,8210,,0.003,0,0,0,0,0,0,0,0,0,-1,,0,14,171,0,0,788,9598,18,219,0,3,LowBurden,,Low,High,0,9,110,0.5,1,0,1.25,-0.5,0,0,4,49,1,1,0,0,0,0,0.24,0,,,0,0,,,0,-0.01,,,0,0,1,15,0,4,1,1,1,1,1948,0.237,1597,0.195,4,0.006,28,0.004,8,0.004,0.0048,0.0017,0.0038,28,0.045,6,0.01,1920,0.297,1591,0.246,861,0.471,779,0.426,0.08,0.23,0.22,2.6,0.3,0.02,0,0,0.85,0.74,Uncertain
"Decatur County, TN",47039,Non-core,,,TN,4,11663,,0.002,0,0,0,0,0,0,0,0,0,-1,,0,1,9,0,0,1602,13736,39,334,0,8,LowBurden,,Low,High,0,27,232,1.5,1,-0.111,-0.32,0.5,0,0.111,40,343,1,1,,,,,,,,,,,,,,,,,,,,,,,,,,,3305,0.283,2800,0.24,2,0.002,16,0.002,3,0.001,0,-0.0009,0.0004,21,0.023,,,3281,0.355,2800,0.303,1638,0.584,1484,0.529,0.08,0.19,0.24,2.5,0.03,0.04,0,0.01,0.51,0.71,Uncertain
"Carroll County, MS",28015,Micropolitan,"Greenwood, MS",Micropolitan,MS,4,9947,0.261,0.003,0,0,0,0,0,0,0,0,0,,,0,0,0,0,0,1222,12285,30,302,0,38,LowBurden,,Low,Low,0,17,171,0,1,0,-0.26,0,0,0,23,231,0,1,,,,,,,,,,,,,,,,,,,,,,,,,,,2851,0.287,2063,0.207,10,0.014,29,0.004,9,0.004,0.0027,0.0009,0.0033,36,0.049,10,0.014,2815,0.348,2053,0.254,1240,0.514,997,0.413,0.08,0.15,0.24,2.7,0.33,0.02,0,0,0.63,0.82,Uncertain
"Unallocated, MS",28000,,,,MS,4,,,,,,,,0,0,,0,,,,0,0,,0,,0,,0,,0,,,,,,0.025,166,,3,1,-0.012,-0.32,,,0.037,243,,,,,,,,,,,,,,,,,,,,,,,,,,,,,,16445,,14302,,107,,1303,,156,,,,,299,,65,,16143,,14236,,3694,,3835,,,,,,,,,,,,
"Giles County, TN",47055,Non-core,,,TN,4,29464,,0.004,0,0,775,0.026,0,0,0,0,0,-1,,0,6,20,0,0,4027,13668,101,343,0,48,LowBurden,,Low,Moderate,0.043,106,360,1,1,-0.012,-0.26,0,0.01,0.055,144,489,1,0.99,0,0,0,0,0.82,0.02,0.49,0,0,0,-1,,-0.1,-0.03,0,0,0,0,1,18,5,5,1,1,1,1,8232,0.279,6817,0.231,10,0.005,62,0.003,18,0.003,0.0009,-0.0013,-0.0008,68,0.032,23,0.011,8164,0.35,6794,0.291,3869,0.639,3411,0.564,0.1,0.15,0.21,2.5,0.1,0.03,0,0.01,0.6,0.35,Uncertain
"Jackson County, SD",46071,Non-core,,,SD,8,3344,,0.004,0,0,0,0,0,0,0,0,0,-1,,0,2,60,0,0,291,8702,14,419,0,104,LowBurden,,High,Substantial,0.176,15,449,0,1,0.176,0.07,0,0,0,14,419,0,1,,,,,,,,,,,,,,,,,,,,,,,,,,,911,0.272,843,0.252,1,0.003,10,0.005,1,0.002,-0.0452,0.0005,0,76,0.229,35,0.105,835,0.383,808,0.371,211,0.468,264,0.585,0.26,0.48,0.13,3.6,0.01,0.04,0.51,0,0.97,0.9,Uncertain
"Hyde County, SD",46069,Non-core,,,SD,8,1301,,0.001,0,0,0,0,0,0,0,0,0,,,0,0,0,0,0,141,10838,1,77,0,197,LowBurden,,Low,Low,0,9,692,0,1,0,2,0,0,0,3,231,0,1,,,,,,,,,,,,,,,,,,,,,,,,,,,334,0.257,444,0.341,1,0.01,2,0.002,,,-0.0495,0,0,11,0.109,2,0.02,323,0.316,442,0.433,78,0.239,200,0.613,0.05,0.14,0.25,2.2,0.01,0.01,0.08,0,0.09,0.28,Uncertain
"Hutchinson County, SD",46067,Non-core,,,SD,8,7291,,0.008,0,0,0,0,0,0,0,0,0,,,0,0,0,0,0,918,12591,28,384,0,51,LowBurden,,Low,Low,0,24,329,0,1,0,-0.2,0,0,0,30,411,0,1,0,0,0,0,0.44,0,,,0,0,,,0.03,0,,,0,0,2,20,0,3,1,1,1,1,1801,0.247,2403,0.33,11,0.02,17,0.003,2,0.001,0.0089,-0.0006,0.0012,77,0.137,40,0.071,1724,0.317,2363,0.434,381,0.228,1070,0.641,0.06,0.11,0.23,2.4,0.01,0.02,0.01,0,0.25,0.18,Uncertain
"Harding County, SD",46063,Non-core,,,SD,8,1298,,0.001,0,0,0,0,0,0,0,0,0,,,0,0,0,0,0,97,7473,1,77,0,177,LowBurden,,Low,Low,0,0,0,0,1,0,-1,0,0,0,2,154,0,1,,,,,,,,,,,,,,,,,,,,,,,,,,,162,0.125,158,0.122,,,,,,,,0,0,,,,,162,0.164,158,0.16,89,0.377,91,0.386,0.07,0.08,0.18,2.2,0.01,0.03,0.02,0,0.08,0.13,Uncertain
"Unallocated, MO",29000,,,,MO,7,,,,,,,,0,0,,0,,,,0,0,,0,,0,,0,,0,,,,,,0.019,1109,,,,-0.011,-0.35,,,0.03,1699,,,,,,,,,,,,,,,,,,,,,,,,,,,,,,264146,,210630,,210,,1747,,310,,,,,3103,,1329,,260940,,209293,,67132,,55922,,,,,,,,,,,,
"Webster County, MS",28155,Non-core,"Starkville, MS",Micropolitan,MS,4,9689,0.163,0.003,0,0,0,0,0,0,0,0,0,-1,,0,2,21,0,0,1150,11869,32,330,0,36,LowBurden,,Low,Moderate,0,15,155,0,1,0,-0.12,-0.5,0,0,17,175,0.5,1,0,0,0,0,0.26,0,,,,,,,-0.03,0,,,,,1,38,0,0,1,1,1,1,3189,0.329,2705,0.279,5,0.006,34,0.005,8,0.005,0.0024,0.0024,0.0035,23,0.028,8,0.01,3166,0.427,2697,0.364,1458,0.838,1308,0.752,0.12,0.25,0.18,2.6,0.19,0.01,0,0,0.6,0.53,Uncertain
"Unallocated, AZ",4000,,,,AZ,9,,,,,,,,0,0,,0,,,,0,0,,0,,0,,0,,0,,,,,,0.007,3005,,,,-0.006,-0.23,,,0.013,3923,,,,,,,,,,,,,,,,,,,,,,,,,,,,,,80905,,71042,,210,,1764,,235,,,,,1164,,418,,79697,,70617,,21949,,20104,,,,,,,,,,,,
"Quitman County, MS",28119,Non-core,,,MS,4,6792,,0.002,0,0,0,0,0,0,0,0,0,-1,,0,1,15,0,0,817,12029,16,236,0,15,LowBurden,,Low,Moderate,0,17,250,0,1,-0.062,-0.29,0,0,0.062,24,353,0,1,,,,,,,,,,,,,,,,,,,,,,,,,,,2289,0.337,1795,0.264,3,0.006,72,0.014,8,0.006,-0.0019,0.0116,0.0049,27,0.052,13,0.025,2262,0.431,1782,0.34,828,0.673,706,0.574,0.19,0.35,0.18,2.4,0.71,0.02,0,0,0.95,1,Uncertain
"Yukon-Koyukuk Census Area, AK",2290,Non-core,,,AK,10,5230,,0.007,0,0,0,0,0,0,0,0,0,-1,,0,3,57,0,0,368,7036,4,76,0,47,LowBurden,,Low,Substantial,0,2,38,0,1,0,-0.71,0,0,0,7,134,0,1,,,,,,,,,,,,,,,,,,,,,,,,,,,2947,0.563,2706,0.517,10,0.024,10,0.003,,,-0.0193,-0.0019,-0.0012,119,0.287,73,0.176,2821,0.748,2630,0.697,683,0.831,656,0.798,0.29,0.25,0.16,2.7,0.01,0.03,0.67,0.01,0.88,0.71,Uncertain
"Yakutat City and Borough, AK",2282,Non-core,,,AK,10,579,,0.001,0,0,0,0,0,0,0,0,0,,,0,0,0,0,0,0,0,0,0,0,0,LowBurden,,Low,Low,0,1,173,2,1,,,,,,0,0,,,,,,,,,,,,,,,,,,,,,,,,,,,,,378,0.653,359,0.62,,,,,,,-0.0667,-0.0063,0,16,0.533,11,0.367,362,0.759,348,0.73,94,0.77,90,0.738,0.2,0.07,0.21,2.7,0.02,0.05,0.4,0.06,0.59,0.4,Uncertain
"Union County, SC",45087,Medium metro,"Union, SC",Micropolitan,SC,4,27316,1,0.005,0,0,0,0,0,0,0,0,0,-1,,0,8,29,0,0,3168,11598,83,304,0,52,LowBurden,,Low,Moderate,0,115,421,1,0.99,-0.015,-0.32,0,0.02,0.015,170,622,1,0.97,0,0,0,0,0.38,0,,,0,0,,-1,-0.08,-0.02,,,0,0,1,15,0,4,1,1,1,1,8287,0.303,6978,0.255,8,0.004,113,0.005,24,0.004,-0.0034,-0.0005,0,67,0.033,23,0.011,8210,0.382,6951,0.323,3876,0.688,3442,0.611,0.1,0.22,0.21,2.4,0.32,0.02,0,0,0.87,0.45,Uncertain
"Unallocated, SD",46000,,,,SD,8,,,,,,,,0,0,,0,,,,0,0,,0,,0,,0,,0,,,,,,0.015,161,,,,-0.003,-0.14,,,0.018,188,,,,,,,,,,,,,,,,,,,,,,,,,,,,,,120708,,67505,,6,,191,,66,,,,,483,,127,,120214,,67377,,68662,,31059,,,,,,,,,,,,
"Aurora County, SD",46003,Non-core,,,SD,8,2751,,0.003,0,0,0,0,0,0,0,0,0,,,0,0,0,0,0,475,17266,15,545,0,43,LowBurden,,Low,Low,0,5,182,0,1,0,-0.75,0,0,0,20,727,0,1,,,,,,,,,,,,,,,,,,,,,,,,,,,910,0.331,928,0.337,4,0.016,8,0.004,1,0.002,-0.0202,0.0019,0.0018,23,0.093,7,0.028,887,0.429,921,0.445,280,0.492,370,0.65,0.07,0.07,0.21,2.2,0.01,0.07,0.03,0.01,0.27,0.46,Uncertain
"Bennett County, SD",46007,Non-core,,,SD,8,3365,,0.004,0,0,0,0,0,0,0,0,0,,,0,0,0,0,0,391,11620,9,267,0,140,LowBurden,,Low,Low,0.026,16,475,0,1,0.026,-0.52,0,0,0,33,981,0,1,0,0,0,0,0.17,0,,,0,0,,,0.07,0,,,0,0,1,14,0,1,1,1,1,1,1176,0.349,1013,0.301,7,0.019,7,0.003,2,0.004,-0.0219,-0.0031,0.0045,57,0.156,28,0.077,1119,0.502,985,0.442,348,0.779,323,0.723,0.21,0.35,0.13,3.4,0.01,0.06,0.56,0.01,0.79,0.82,Uncertain
"Buffalo County, SD",46017,Non-core,,,SD,8,1962,,0.002,0,0,0,0,0,0,0,0,0,,,0,0,0,0,0,426,21713,13,663,0,209,LowBurden,,High,High,0.25,8,408,0,1,-0.083,-0.47,0,0,0.333,15,765,0,1,,,,,,,,,,,,,,,,,,,,,,,,,,,759,0.387,630,0.321,3,0.013,24,0.02,,,-0.0672,-0.0366,-0.0068,32,0.134,2,0.008,727,0.604,628,0.522,136,0.919,115,0.777,0.42,0.39,0.08,3.6,0.01,0.05,0.77,0,0.97,0.98,Uncertain
"Campbell County, SD",46021,Non-core,,,SD,8,1376,,0.002,0,0,0,0,0,0,0,0,0,,,0,0,0,0,0,131,9520,4,291,0,122,LowBurden,,Low,Low,0,1,73,0,1,0,-0.88,0,0,0,8,581,0,1,,,,,,,,,,,,,,,,,,,,,,,,,,,337,0.245,318,0.231,,,2,0.002,,,,0.0017,0,,,,,337,0.293,318,0.277,183,0.454,174,0.432,0.02,0.04,0.29,2.2,0,0.03,0.01,0,0.01,0.1,Uncertain
"Clark County, SD",46025,Non-core,,,SD,8,3736,,0.004,0,0,0,0,0,0,0,0,0,,,0,0,0,0,0,463,12393,5,134,0,59,LowBurden,,Low,Substantial,0,8,214,2,1,-0.091,-0.47,1.5,0,0.091,15,401,0.5,1,,,,,,,,,,,,,,,,,,,,,,,,,,,1546,0.414,1426,0.382,5,0.022,7,0.003,,,0.0044,-0.0004,0,18,0.079,3,0.013,1528,0.56,1423,0.521,580,0.712,593,0.728,0.08,0.13,0.22,2.3,0.01,0.04,0,0.01,0.17,0.64,Uncertain
"Codington County, SD",46029,Micropolitan,"Watertown, SD",Micropolitan,SD,8,28009,0.82,0.032,0,0,0,0,0,0,0,0,0,-1,,0,2,7,0,0,4648,16595,82,293,0,41,LowBurden,,Low,Low,0.009,53,189,0,1,-0.005,-0.35,-1,0.03,0.014,81,289,1,0.97,0,0,0,0,0.63,0,0.92,0,0,0,,,-0.05,0,0.08,0,0,0,1,45,5,22,1,1,1,1,7697,0.275,8975,0.32,23,0.01,76,0.004,12,0.002,-0.0404,-0.0011,0.0008,301,0.129,106,0.046,7395,0.346,8868,0.415,1040,0.203,3035,0.591,0.05,0.12,0.18,2.3,0.01,0.02,0.02,0.01,0.24,0.05,Uncertain
"Day County, SD",46037,Non-core,,,SD,8,5424,,0.006,0,0,0,0,0,0,0,0,0,-1,,0,1,18,0,0,709,13072,29,535,0,37,LowBurden,,High,High,0.125,12,221,0,1,0.014,-0.37,0,0,0.111,19,350,0,1,0,0,0,0,0.12,0,,,,,,,0.01,0,,,,,1,20,0,0,1,1,1,1,1922,0.354,2179,0.402,5,0.012,13,0.003,1,0.001,-0.0776,-0.0019,-0.0014,80,0.188,30,0.071,1842,0.437,2149,0.51,581,0.409,920,0.647,0.11,0.19,0.26,2.1,0,0.02,0.09,0.01,0.18,0.1,Uncertain
"Deuel County, SD",46039,Non-core,,,SD,8,4351,,0.005,0,0,0,0,0,0,0,0,0,-1,,0,1,23,0,0,531,12204,9,207,0,41,LowBurden,,Low,Moderate,0,8,184,0.5,1,-0.071,-0.47,0,0,0.071,15,345,0.5,1,0,0,0,0,0.34,0,,,,,,,-0.04,-0.06,,,,,1,10,0,0,1,1,1,1,1054,0.242,1232,0.283,1,0.003,4,0.001,1,0.001,-0.0179,-0.0027,0,20,0.06,3,0.009,1034,0.309,1229,0.367,268,0.279,496,0.517,0.06,0.1,0.22,2.4,0.01,0.04,0.01,0,0.08,0.12,Uncertain
"Douglas County, SD",46043,Non-core,,,SD,8,2921,,0.003,0,0,0,0,0,0,0,0,0,,,0,0,0,0,0,455,15577,9,308,0,59,LowBurden,,Low,Low,0,16,548,0,1,0,0.6,0,0,0,10,342,0,1,0,0,0,0,0.21,0,,,,,,,-0.01,0,,,,,1,11,0,0,1,1,1,1,637,0.218,848,0.29,5,0.02,9,0.004,1,0.001,0.0156,0.0019,-0.0014,11,0.043,6,0.023,626,0.29,842,0.39,178,0.254,411,0.585,0.14,0.07,0.24,2.3,0,0.02,0.02,0,0.15,0.11,Uncertain
"Edmunds County, SD",46045,Micropolitan,"Aberdeen, SD",Micropolitan,SD,8,3829,0.09,0.004,0,0,0,0,0,0,0,0,0,,,0,0,0,0,0,513,13398,14,366,0,43,LowBurden,,High,High,0.125,8,209,0,1,-0.161,-0.47,0,0,0.286,15,392,0,1,0,0,0,0,0.18,0,,,0,0,,,0.05,0,,,0,0,1,12,0,2,1,1,1,1,750,0.196,989,0.258,6,0.02,9,0.003,,,0.0098,0,-0.0036,21,0.069,10,0.033,729,0.247,979,0.332,169,0.2,439,0.521,0.07,0.06,0.22,2.4,0,0.02,0.01,0.01,0.03,0.04,Uncertain
"Grant County, SD",46051,Non-core,,,SD,8,7052,,0.008,0,0,0,0,0,0,0,0,0,-1,,0,2,28,0,0,1057,14989,42,596,0,22,LowBurden,,Substantial,High,0.083,24,340,0,1,-0.024,-0.33,0,0,0.107,36,510,0,1,0,0,0,0,0.1,0,,,0,0,,,-0.03,0,,,0,0,1,16,0,1,1,1,1,1,1553,0.22,2377,0.337,1,0.002,20,0.004,,,-0.0298,0.0005,-0.0013,41,0.076,24,0.045,1512,0.277,2353,0.431,309,0.205,992,0.657,0.05,0.08,0.21,2.2,0,0.05,0.01,0,0.06,0.15,Uncertain
"Hamlin County, SD",46057,Non-core,"Watertown, SD",Micropolitan,SD,8,6164,0.18,0.007,0,0,0,0,0,0,0,0,0,-1,,0,2,32,0,0,799,12962,39,633,0,45,LowBurden,,Low,Moderate,0,23,373,0.5,1,0,1.56,0.5,0,0,9,146,0,1,,,,,,,,,,,,,,,,,,,,,,,,,,,1410,0.229,1579,0.256,1,0.001,16,0.004,2,0.002,-0.0133,-0.0005,-0.001,22,0.032,3,0.004,1388,0.334,1576,0.379,277,0.291,616,0.646,0.05,0.06,0.15,2.6,0.01,0.04,0.01,0,0.16,0.22,Uncertain
"Hand County, SD",46059,Non-core,,,SD,8,3191,,0.004,0,0,0,0,0,0,0,0,0,-1,,0,1,31,0,0,364,11407,6,188,0,40,LowBurden,,Low,Moderate,0,17,533,0,1,0,0.06,0,0,0,16,501,0,1,0,0,0,0,0.19,0,,,,,,,-0.01,0,,,,,1,16,0,0,1,1,1,1,786,0.246,985,0.309,4,0.018,2,0.001,1,0.001,0,-0.0012,0,22,0.096,11,0.048,764,0.305,974,0.389,237,0.289,456,0.555,0.05,0.09,0.26,2.1,0,0.01,0,0,0.03,0.04,Uncertain
"San Juan County, CO",8111,Non-core,,,CO,8,728,,0,0,0,0,0,0,0,0,0,0,-1,,0,1,137,0,0,48,6593,0,0,0,127,LowBurden,,High,High,0.2,4,549,1,1,0.2,-0.67,-1.5,0,0,12,1648,2.5,1,,,,,,,,,,,,,,,,,,,,,,,,,,,435,0.598,234,0.321,11,0.355,6,0.009,1,0.005,0.3548,-0.0016,0.0053,23,0.742,10,0.323,410,0.644,224,0.352,94,0.5,26,0.138,0.1,0.05,0.26,2,0,0.12,0.01,0.01,0.13,0.03,Uncertain
"Skagway Municipality, AK",2230,Non-core,,,AK,10,1183,,0.002,0,0,0,0,0,0,0,0,0,,,0,0,0,0,0,21,1775,0,0,0,219,LowBurden,,Low,Low,0,21,1775,0,1,0,1.1,0,0,0,10,845,0,1,,,,,,,,,,,,,,,,,,,,,,,,,,,747,0.631,697,0.589,,,1,0.001,,,-0.1136,-0.004,-0.0053,28,0.636,10,0.227,719,0.718,687,0.686,145,0.775,141,0.754,0.19,0.05,0.16,2.3,0.01,0.07,0.04,0.02,0.17,0.07,Uncertain
"Stevens County, MN",27149,Non-core,,,MN,5,9805,,0.002,0,0,1463,0.149,0,0,0,0,0,-1,,0,2,20,0,0,924,9424,11,112,0,31,LowBurden,,Low,Moderate,0,183,1866,0,1,0,0.23,-0.5,0.01,0,149,1520,0.5,0.99,0,0,0,0,0.25,0,0,0,0,0,,,0.02,0,0,0,0,0,1,25,3,4,1,1,1,1,4615,0.471,4037,0.412,14,0.021,44,0.006,3,0.002,-0.0103,0.0008,0.0006,157,0.23,78,0.114,4445,0.577,3959,0.514,1466,0.861,1360,0.799,0.02,0.16,0.17,2.6,0.01,0.08,0.01,0.02,0.23,0.19,Uncertain
"Big Stone County, MN",27011,Non-core,,,MN,5,4991,,0.001,0,0,0,0,0,0,0,0,0,,,0,0,0,0,0,603,12082,4,80,0,36,LowBurden,,Low,Low,0,102,2044,1,1,0,-0.41,-1,0,0,174,3486,2,1,0,0,0,0,0.19,0,,,0,0,,,0.05,0,,,0,0,2,30,0,2,1,1,1,1,2825,0.566,2553,0.512,9,0.025,9,0.002,2,0.001,0.0137,-0.0015,-0.0015,99,0.272,60,0.165,2720,0.695,2492,0.637,1239,0.925,1168,0.872,0.05,0.11,0.27,2.1,0,0.02,0.01,0,0.2,0.17,Uncertain
"Lincoln County, CO",8073,Non-core,,,CO,8,5701,,0.001,0,0,0,0,0,0,0,0,0,,,0,0,0,0,0,1031,18085,4,70,0,26,LowBurden,,Low,Low,0,130,2280,1,0.99,0,-0.24,0,-0.01,0,171,2999,1,1,0,0,0,0,0.08,0,,,,,,,-0.06,0,,,,,1,15,0,0,1,1,1,1,919,0.161,886,0.155,9,0.023,19,0.004,1,0.001,0.0203,0.0015,-0.002,21,0.053,9,0.023,898,0.198,877,0.193,156,0.155,243,0.242,0.04,0.13,0.18,2.3,0.05,0.15,0.01,0.01,0.49,0.55,Uncertain
"Baylor County, TX",48023,Non-core,,,TX,6,3509,,0,0,0,0,0,0,0,0,0,0,,-1,0,0,0,1,28.5,299,8521,13,370,0,139,LowBurden,,Low,Low,0,1,28,0,1,0,-0.67,-1,0,0,3,85,1,1,0,0,0,0,0.11,0,,,0,0,,,0.05,0,,,0,0,1,33,0,7,1,1,1,1,,,,,,,,,,,,,,,,,,,,,,,,,,0.13,0.11,0.24,2.4,0.03,0.14,0,0,0.16,0.17,Uncertain
"Bell County, TX",48027,Medium metro,"Killeen-Temple, TX",Metropolitan,TX,6,362924,0.788,0.013,0.001,0,3509,0.01,0,0,0,2,0.6,-1,-0.75,0,52,14,8,2.2,22634,6237,433,119,0,39,LowBurden,,Low,Moderate,0.015,3844,1059,0,1,-0.014,-0.17,0,0,0.029,4606,1269,0,0.99,27,3,66,7,0.85,0.02,0.82,0.07,0.37,0.02,0.13,-0.08,-0.01,0,-0.02,-0.03,0.02,-0.01,5,925,107,243,1,0.8,1,1,,,,,,,,,,,,,,,,,,,,,,,,,,0.12,0.14,0.11,2.8,0.22,0.26,0,0.03,0.81,0.67,Uncertain
"Borden County, TX",48033,Non-core,,,TX,6,654,,0,0,0,0,0,0,0,0,0,0,,,0,0,0,0,0,30,4587,2,306,0,71,LowBurden,,Low,Low,,0,0,,,,-1,,,,2,306,,,,,,,,,,,,,,,,,,,,,,,,,,,,,,,,,,,,,,,,,,,,,,,,,,,,,,0.05,0.03,0.27,2.6,0.01,0.18,0.01,0,0.06,0.28,Uncertain
"Briscoe County, TX",48045,Non-core,,,TX,6,1546,,0,0,0,0,0,0,0,0,0,0,,-1,0,0,0,1,64.7,168,10867,6,388,0,37,LowBurden,,Low,Low,0,4,259,0,1,0,-0.6,0,0,0,10,647,0,1,,,,,,,,,,,,,,,,,,,,,,,,,,,,,,,,,,,,,,,,,,,,,,,,,,,,0.22,0.16,0.26,2.4,0.03,0.25,0,0,0.46,0.79,Uncertain
"Keweenaw County, MI",26083,Micropolitan,"Houghton, MI",Micropolitan,MI,5,2116,0.056,0,0,0,0,0,0,0,0,0,0,,,0,0,0,0,0,174,8223,2,95,0,44,LowBurden,,Low,Low,0,23,1087,0,1,-0.045,-0.15,-1,0,0.045,27,1276,1,1,,,,,,,,,,,,,,,,,,,,,,,,,,,1041,0.492,952,0.45,,,4,0.002,,,0,-0.0011,-0.0012,8,0.067,5,0.042,1033,0.57,947,0.522,545,0.675,514,0.637,0.08,0.12,0.38,2,0,0.02,0,0,0.08,0.54,Uncertain
"Iron County, MI",26071,Non-core,,,MI,5,11066,,0.001,0,0,0,0,0,0,0,1,9,-1,,0,3,27,0,0,1052,9507,52,470,0,25,LowBurden,,Low,Moderate,0,75,678,1,0.99,-0.028,-0.38,0,-0.01,0.028,121,1093,1,1,0,0,3,13,0.11,0,0,0,0,0,-1,-0.25,-0.09,-0.02,0,0,0,0,1,23,2,5,1,1,1,1,5219,0.472,4864,0.44,4,0.006,30,0.003,11,0.003,0.0031,-0.0001,-0.0003,32,0.05,25,0.039,5187,0.563,4839,0.525,2638,0.764,2473,0.716,0.07,0.14,0.31,2,0,0.02,0.01,0,0.28,0.46,Uncertain
"Coke County, TX",48081,Non-core,,,TX,6,3387,,0,0,0,0,0,0,0,0,0,0,,,0,0,0,0,0,467,13788,13,384,0,47,LowBurden,,Low,Low,0,11,325,0,1,0,-0.15,-1,0,0,13,384,1,1,,,,,,,,,,,,,,,,,,,,,,,,,,,,,,,,,,,,,,,,,,,,,,,,,,,,0.13,0.16,0.28,2,0.01,0.22,0.01,0,0.62,0.92,Uncertain
"Collin County, TX",48085,Large central metro,"Dallas-Fort Worth-Arlington, TX",Metropolitan,TX,6,1034730,0.137,0.036,0.003,0,0,0,0,0,0,1,0.1,-1,-0.5,0.001,143,14,2,0.2,91521,8845,835,81,0,32,LowBurden,,Low,Moderate,0.018,9806,948,1,0.99,-0.004,-0.14,1,0,0.022,11436,1105,0,0.99,35,2,61,4,0.87,0.02,0.92,0.06,0.24,0.01,-0.13,-0.32,-0.01,0,0,-0.01,0.01,0,14,1706,234,714,1,1,1,1,,,,,,,,,,,,,,,,,,,,,,,,,,0.1,0.07,0.11,2.8,0.1,0.16,0,0.16,0.15,0.04,Uncertain
"Colorado County, TX",48089,Non-core,,,TX,6,21493,,0.001,0,0,0,0,0,0,0,0,0,-1,,0,4,19,0,0,1743,8110,32,149,0,52,LowBurden,,Low,Moderate,0,66,307,0,1,-0.033,-0.48,0,0.02,0.033,126,586,0,0.98,1,3,0,0,0.39,0,,,0,0,,,-0.01,0,,,0,0,2,35,0,7,1,1,1,1,,,,,,,,,,,,,,,,,,,,,,,,,,0.14,0.11,0.23,2.8,0.11,0.31,0,0.01,0.68,0.82,Uncertain
"Comanche County, TX",48093,Non-core,,,TX,6,13635,,0,0,0,0,0,0,0,0,0,0,-1,,0,2,15,0,0,1562,11456,51,374,0,29,LowBurden,,Low,Moderate,0,31,227,0,1,0,-0.18,0,0,0,38,279,0,1,0,0,0,0,0.22,0.02,,,0,0,-1,,-0.05,-0.01,,,0,0,1,43,0,15,1,1,1,1,,,,,,,,,,,,,,,,,,,,,,,,,,0.18,0.16,0.24,2.5,0,0.29,0.01,0.01,0.73,0.88,Uncertain
"Concho County, TX",48095,Non-core,,,TX,6,2726,,0,0,0,0,0,0,0,0,0,0,-1,,0,4,147,0,0,472,17315,8,293,0,5,LowBurden,,Low,High,0,3,110,2,1,-0.25,-0.57,2,0,0.25,7,257,0,1,0,0,0,0,0.06,0,,,,,,,-0.06,0,,,,,1,16,0,0,1,1,1,1,,,,,,,,,,,,,,,,,,,,,,,,,,0.17,0.07,0.25,3.5,0.01,0.35,0.01,0.02,0.43,0.55,Uncertain
"Culberson County, TX",48109,Non-core,,,TX,6,2171,,0,0,0,0,0,0,0,0,0,0,-1,,0,1,46,0,0,364,16766,11,507,0,65,LowBurden,,Low,Moderate,0,6,276,1,1,0,0,0.5,0,0,6,276,0.5,1,0,0,0,0,0,0,,,0,0,,,0,0,,,0,0,1,14,0,6,1,1,1,1,,,,,,,,,,,,,,,,,,,,,,,,,,0.21,0.31,0.22,3.2,0.02,0.73,0.01,0.02,1,0.99,Uncertain
"Hoonah-Angoon Census Area, AK",2105,Non-core,,,AK,10,2148,,0.003,0,0,0,0,0,0,0,0,0,-1,,0,2,93,0,0,89,4143,2,93,0,11,LowBurden,,Low,Substantial,0,8,372,0,0.75,-0.08,-0.64,0,-0.21,0.08,22,1024,0,0.96,,,,,,,,,,,,,,,,,,,,,,,,,,,1333,0.621,1189,0.554,1,0.007,6,0.003,,,-0.0511,-0.0017,-0.0019,79,0.577,32,0.234,1249,0.708,1157,0.656,411,0.797,387,0.75,0.25,0.1,0.24,2.5,0.02,0.06,0.35,0.01,0.42,0.3,Uncertain
"Delta County, TX",48119,Non-core,,,TX,6,5331,,0,0,0,0,0,0,0,0,0,0,,,0,0,0,0,0,323,6059,12,225,0,68,LowBurden,,Low,Low,0,15,281,0,1,0,0,0,0,0,15,281,0,1,,,,,,,,,,,,,,,,,,,,,,,,,,,,,,,,,,,,,,,,,,,,,,,,,,,,0.15,0.24,0.21,2.6,0.06,0.09,0.02,0.01,0.57,0.63,Uncertain
"Haines Borough, AK",2100,Non-core,,,AK,10,2530,,0.003,0,0,0,0,0,0,0,0,0,,,0,0,0,0,0,31,1225,0,0,0,0,LowBurden,,Low,Low,0,10,395,0,1,0,-0.52,0,0,0,21,830,0,1,,,,,,,,,,,,,,,,,,,,,,,,,,,1483,0.586,1393,0.551,,,6,0.003,2,0.004,-0.1622,-0.0014,0,58,0.314,27,0.146,1422,0.686,1366,0.659,436,0.796,423,0.772,0.16,0.09,0.22,2.4,0.01,0.04,0.1,0.01,0.21,0.13,Uncertain
"Alcona County, MI",26001,Non-core,,,MI,5,10405,,0.001,0,0,0,0,0,0,0,0,0,-1,-1,0,1,10,3,28.8,738,7093,32,308,0,43,LowBurden,,Low,Moderate,0,96,923,1,0.99,-0.016,-0.4,0,0.01,0.016,161,1547,1,0.98,,,,,,,,,,,,,,,,,,,,,,,,,,,5040,0.484,4770,0.458,,,33,0.004,8,0.002,0,-0.003,-0.0011,23,0.046,18,0.036,5017,0.552,4752,0.523,2691,0.716,2670,0.71,0.06,0.16,0.36,2,0.01,0.02,0.01,0,0.26,0.65,Uncertain
"Donley County, TX",48129,Non-core,,,TX,6,3278,,0,0,0,0,0,0,0,0,0,0,,,0,0,0,0,0,415,12660,15,458,0,30,LowBurden,,Low,Low,0,2,61,,,0,-0.8,,,0,10,305,1,1,,,,,,,,,,,,,,,,,,,,,,,,,,,,,,,,,,,,,,,,,,,,,,,,,,,,0.15,0.15,0.25,2.4,0.06,0.11,0.01,0.01,0.45,0.64,Uncertain
"Duval County, TX",48131,Non-core,"Alice, TX",Micropolitan,TX,6,11157,0.216,0,0,0,0,0,0,0,0,0,0,-1,,0,12,108,0,0,1272,11401,41,367,0,4,LowBurden,,Low,High,0,51,457,0,1,-0.02,0.16,-1,0,0.02,44,394,1,1,,,,,,,,,,,,,,,,,,,,,,,,,,,,,,,,,,,,,,,,,,,,,,,,,,,,0.24,0.26,0.18,3.1,0.01,0.89,0,0,1,0.99,Uncertain
"Unallocated, TX",48000,,,,TX,6,,,,,,,,0,0,,0,,,,0,0,,0,,0,,0,,0,,,,,,0.018,1140,,,,0.001,-0.21,,,0.017,1439,,,,,,,,,,,,,,,,,,,,,,,,,,,,,,,,,,,,,,,,,,,,,,,,,,,,,,,,,,,,,,,,,
"Mineral County, CO",8079,Non-core,,,CO,8,769,,0,0,0,0,0,0,0,0,0,0,,,0,0,0,0,0,93,12094,1,130,0,18,LowBurden,,Low,Low,0,6,780,1,1,0,-0.25,1,0,0,8,1040,0,1,,,,,,,,,,,,,,,,,,,,,,,,,,,303,0.394,283,0.368,4,0.118,4,0.006,,,0.1176,0.0045,-0.0039,7,0.206,3,0.088,294,0.445,280,0.424,67,0.26,75,0.291,0.08,0.12,0.34,2.1,0,0.06,0.01,0.01,0.03,0.3,Uncertain
"Wayne County, TN",47181,Non-core,,,TN,4,16673,,0.002,0,0,0,0,0,0,0,0,0,,,0,0,0,0,0,2974,17837,34,204,0,20,LowBurden,,Low,Substantial,0,32,192,2,0.62,-0.085,-0.58,1,-0.36,0.085,76,456,1,0.98,0,0,0,0,0.17,0,,,0,0,,,0,0,,,0,0,1,50,0,4,1,1,1,1,5237,0.314,4624,0.277,2,0.002,18,0.001,3,0.001,-0.0029,-0.0005,-0.0018,33,0.032,14,0.013,5201,0.374,4609,0.332,2222,0.67,2013,0.607,0.11,0.2,0.2,2.4,0.07,0.02,0,0,0.76,0.63,Uncertain
"Moore County, TN",47127,Micropolitan,"Tullahoma-Manchester, TN",Micropolitan,TN,4,6488,0.062,0.001,0,0,0,0,0,0,0,0,0,,,0,0,0,0,0,1019,15706,17,262,0,18,LowBurden,,Low,Low,0,12,185,1,1,0,0.2,0,0,0,10,154,1,1,,,,,,,,,,,,,,,,,,,,,,,,,,,1112,0.171,910,0.14,1,0.002,5,0.001,,,0,0.0002,-0.0007,5,0.01,2,0.004,1106,0.211,908,0.173,543,0.379,480,0.335,0.11,0.08,0.22,2.4,0.02,0.02,0,0.02,0.09,0.5,Uncertain
"Roseau County, MN",27135,Non-core,,,MN,5,15165,,0.003,0,0,0,0,0,0,0,0,0,-1,-1,0,1,7,1,6.6,2107,13894,20,132,0,32,LowBurden,,Low,Low,0.009,251,1655,0,1,0.006,-0.15,-1,0.02,0.003,296,1952,1,0.98,0,0,0,0,0.47,0,,,0,0,,,0.16,-0.02,,,0,0,1,25,0,4,1,1,1,1,6178,0.407,5346,0.353,8,0.006,55,0.005,7,0.003,-0.016,-0.001,-0.0018,144,0.11,91,0.069,6032,0.525,5255,0.457,2300,0.836,2133,0.776,0.04,0.1,0.18,2.5,0.01,0.01,0.02,0.03,0.25,0.23,Uncertain
"Rock County, MN",27133,Non-core,,,MN,5,9315,,0.002,0,0,0,0,0,0,0,0,0,,,0,0,0,0,0,1287,13816,19,204,0,30,LowBurden,,High,Low,0.157,51,548,0,0.94,0.157,-0.72,0,-0.06,0,183,1965,0,1,0,0,0,0,0.23,0.01,,,0,0,-1,,-0.02,-0.03,,,0,0,1,25,0,3,1,1,1,1,4078,0.438,3642,0.391,5,0.006,16,0.002,1,0.001,-0.0011,0.0001,-0.0005,168,0.189,80,0.09,3904,0.559,3561,0.509,1671,0.874,1615,0.845,0.05,0.1,0.21,2.3,0.01,0.04,0.01,0.01,0.15,0.09,Uncertain
"Johnson County, TN",47091,Non-core,,,TN,4,17788,,0.003,0,0,0,0,0,0,0,0,0,-1,,0,7,39,0,0,2438,13706,39,219,0,35,LowBurden,,Low,Moderate,0.042,79,444,1,1,-0.032,0.34,0,0,0.074,59,332,1,1,0,0,0,0,0,0,,,0,0,,,-0.07,0,,,0,0,1,2,0,1,1,1,1,1,5451,0.306,4540,0.255,2,0.002,32,0.002,4,0.001,-0.0018,-0.0027,-0.0041,81,0.073,41,0.037,5369,0.363,4499,0.304,2422,0.584,2153,0.519,0.11,0.24,0.23,2.3,0.02,0.02,0,0,0.57,0.77,Uncertain
"Red Lake County, MN",27125,Non-core,,,MN,5,4055,,0.001,0,0,0,0,0,0,0,0,0,-1,,0,1,25,0,0,401,9889,7,173,0,44,LowBurden,,Low,Moderate,0,34,838,0,1,-0.056,-0.32,0,0,0.056,50,1233,0,1,,,,,,,,,,,,,,,,,,,,,,,,,,,1877,0.463,1597,0.394,2,0.006,7,0.002,,,-0.0119,-0.0039,-0.0023,64,0.191,44,0.131,1813,0.589,1553,0.505,719,0.823,644,0.737,0.04,0.1,0.22,2.4,0.01,0.04,0.02,0,0.15,0.25,Uncertain
"Lewis County, TN",47101,Non-core,,,TN,4,12268,,0.002,0,0,0,0,0,0,0,0,0,,,0,0,0,0,0,1588,12944,26,212,0,55,LowBurden,,Low,Moderate,0,16,130,1,1,-0.053,-0.41,0,0,0.053,27,220,1,1,,,,,,,,,,,,,,,,,,,,,,,,,,,3135,0.256,2707,0.221,1,0.001,13,0.001,2,0.001,0,-0.0015,-0.0015,16,0.017,6,0.006,3117,0.325,2701,0.282,1495,0.572,1360,0.52,0.1,0.2,0.21,2.5,0.02,0.02,0.01,0.01,0.64,0.77,Uncertain
"Lincoln County, TN",47103,Non-core,,,TN,4,34366,,0.005,0,0,0,0,0,0,0,1,2.9,,-0.67,0,0,0,3,8.7,4368,12710,67,195,0,38,LowBurden,,Low,Low,0,96,279,1,1,-0.015,-0.45,0,0.01,0.015,173,503,1,0.99,0,0,1,2,0.2,0,0.33,0,0.22,0,,-0.67,-0.06,0,-0.36,0,-0.03,0,1,49,6,4,1,1,1,1,10246,0.298,8751,0.255,6,0.002,72,0.003,17,0.003,-0.0011,-0.0024,-0.0007,127,0.045,46,0.016,10116,0.379,8705,0.326,4986,0.738,4537,0.672,0.08,0.16,0.2,2.4,0.07,0.04,0.01,0,0.68,0.67,Uncertain
"Pennington County, MN",27113,Non-core,,,MN,5,14119,,0.003,0,0,0,0,0,0,0,1,7.1,,,0,0,0,0,0,1538,10893,20,142,0,37,LowBurden,,Low,Low,0,64,453,0,1,0,-0.33,0,0,0,96,680,0,1,1,4,0,0,0.47,0.01,0,0,0,0,,,-0.02,0.01,-0.04,0,-0.07,0,1,25,4,4,1,1,1,1,5522,0.391,5027,0.356,21,0.02,42,0.004,5,0.002,0.0028,-0.0027,-0.0008,200,0.189,107,0.101,5317,0.487,4920,0.451,1821,0.685,1811,0.681,0.03,0.1,0.19,2.3,0.01,0.04,0.02,0.01,0.3,0.22,Uncertain
"Grant County, MN",27051,Non-core,,,MN,5,5972,,0.001,0,0,0,0,0,0,0,0,0,-1,,0,3,50,0,0,593,9930,8,134,0,10,LowBurden,,Low,Substantial,0,114,1909,0,1,-0.029,-0.15,0,0,0.029,134,2244,0,1,0,0,0,0,0.14,0,,,0,0,,,0.02,0,,,0,0,1,6,0,3,1,1,1,1,2766,0.463,2481,0.415,3,0.007,11,0.002,2,0.001,-0.011,-0.0043,-0.0021,97,0.213,47,0.103,2669,0.577,2434,0.526,1162,0.811,1128,0.787,0.05,0.1,0.24,2.2,0.01,0.02,0,0,0.09,0.56,Uncertain
"Murray County, MN",27101,Non-core,,,MN,5,8194,,0.001,0,0,0,0,0,0,0,0,0,-1,,0,1,12,0,0,1070,13058,9,110,0,48,LowBurden,,Low,Moderate,0,52,635,0,0.92,0,-0.32,0,-0.06,0,77,940,0,0.97,0,0,0,0,0.3,0,0,0,0,0,,,0.02,-0.04,0,0,0,0,1,8,2,1,1,1,1,1,3619,0.442,3215,0.392,1,0.002,10,0.002,3,0.001,0,-0.0025,-0.0028,66,0.107,40,0.065,3550,0.551,3175,0.493,1620,0.759,1536,0.72,0.05,0.07,0.26,2.2,0,0.04,0,0.02,0.11,0.1,Uncertain
"Norman County, MN",27107,Non-core,,,MN,5,6375,,0.001,0,0,0,0,0,0,0,0,0,-1,,0,2,31,0,0,547,8580,9,141,0,45,LowBurden,,Low,Moderate,0,52,816,0,1,-0.03,-0.16,0,0,0.03,62,973,0,1,0,0,0,0,0.23,0,,,0,0,,,0.06,0,,,0,0,1,5,0,3,1,1,1,1,2973,0.466,2648,0.415,4,0.007,17,0.004,,,-0.0128,-0.0008,-0.0036,125,0.229,80,0.146,2842,0.588,2566,0.531,1125,0.821,1034,0.755,0.06,0.1,0.21,2.3,0.01,0.05,0.02,0.01,0.32,0.38,Uncertain
"Lac qui Parle County, MN",27073,Non-core,,,MN,5,6623,,0.001,0,0,0,0,0,0,0,0,0,-1,,0,1,15,0,0,756,11415,22,332,0,38,LowBurden,,Low,Moderate,0,110,1661,0,0.97,0,-0.32,-1,-0.02,0,161,2431,1,0.99,0,0,0,0,0.32,0,,,0,0,,,0.12,0,,,0,0,2,22,0,3,1,1,1,1,3235,0.488,2987,0.451,4,0.008,9,0.002,,,-0.006,-0.0021,-0.0032,105,0.211,67,0.135,3127,0.595,2920,0.555,1399,0.757,1332,0.721,0.02,0.09,0.28,2.1,0.01,0.02,0,0.01,0.1,0.15,Uncertain
"Perry County, TN",47135,Non-core,,,TN,4,8076,,0.001,0,0,0,0,0,0,0,0,0,,,0,0,0,0,0,1068,13224,28,347,0,21,LowBurden,,Low,Low,0,21,260,1,1,0,0.11,0,0,0,19,235,1,1,0,,0,,,,,,,,,,,,,,,,1,0,0,0,0,0,1,0,2363,0.293,1985,0.246,,,6,0.001,,,-0.0017,-0.0046,-0.0058,17,0.03,10,0.017,2346,0.373,1975,0.314,1138,0.66,995,0.577,0.15,0.3,0.21,2.3,0.02,0.03,0.01,0.01,0.68,0.82,Uncertain
"Scott County, TN",47151,Non-core,,,TN,4,22068,,0.003,0,0,0,0,0,0,0,0,0,-1,,0,9,41,0,0,3190,14455,45,204,0,19,LowBurden,,Moderate,Moderate,0.067,45,204,1,0.93,-0.011,-0.45,0,-0.07,0.078,82,372,1,1,0,0,0,0,0.31,0,,,0,0,,-1,0.1,-0.02,,,0,0,1,12,0,2,1,1,1,1,5973,0.271,5124,0.232,3,0.002,27,0.002,8,0.002,-0.0046,-0.0024,-0.0003,61,0.031,33,0.017,5912,0.353,5091,0.304,2404,0.634,2231,0.588,0.12,0.22,0.17,2.5,0,0.01,0,0,0.76,0.88,Uncertain
"Morgan County, TN",47129,Medium metro,"Knoxville, TN",Metropolitan,TN,4,21403,0.025,0.003,0,0,0,0,0,0,0,0,0,,,0,0,0,0,0,2524,11793,39,182,0,48,LowBurden,,Low,Low,0,43,201,1,0.7,-0.036,-0.17,0,-0.3,0.036,52,243,1,1,,,,,,,,,,,,,,,,,,,,,,,,,,,8111,0.379,6982,0.326,6,0.004,68,0.004,7,0.002,-0.006,-0.0026,-0.0035,84,0.056,33,0.022,8025,0.462,6949,0.4,3331,0.838,3047,0.767,0.11,0.22,0.19,2.5,0.04,0.01,0,0,0.75,0.85,Uncertain
"Pickett County, TN",47137,Non-core,,,TN,4,5048,,0.001,0,0,0,0,0,0,0,0,0,,,0,0,0,0,0,763,15115,24,475,0,110,LowBurden,,Low,Moderate,0,10,198,1,1,-0.077,-0.09,1,0,0.077,11,218,0,1,,,,,,,,,,,,,,,,,,,,,,,,,,,1778,0.352,1601,0.317,1,0.003,8,0.002,1,0.001,0.0028,0.0007,-0.0014,12,0.033,7,0.019,1765,0.422,1594,0.381,941,0.67,873,0.622,0.06,0.17,0.28,2.3,0,0.02,0,0,0.42,0.84,Uncertain
"Unallocated, AL",1000,,,,AL,4,,,,,,,,0,0,,0,,,,0,0,,0,,0,,0,,0,,,,,,0.028,170,,1,1,0.019,-0.55,0.5,0,0.008,376,,0.5,1,,,,,,,,,,,,,,,,,,,,,,,,,,,141369,,117848,,51,,1063,,131,,,,,1497,,618,,139840,,117225,,36933,,33407,,,,,,,,,,,,
"Lincoln County, MN",27081,Non-core,,,MN,5,5639,,0.001,0,0,0,0,0,0,0,0,0,-1,,0,1,18,0,0,584,10356,3,53,0,25,LowBurden,,Low,Moderate,0.016,184,3263,0,1,-0.004,0.01,-1,0,0.02,183,3245,1,1,0,0,0,0,0.08,0.01,,,0,0,,,-0.04,0.01,,,0,0,2,22,0,2,1,1,1,1,2415,0.428,2057,0.365,6,0.013,18,0.004,4,0.003,-0.0246,-0.003,-0.0035,74,0.165,35,0.078,2341,0.542,2022,0.468,1129,0.798,979,0.692,0.05,0.1,0.25,2.2,0,0.02,0,0.01,0.07,0.21,Uncertain
"Unallocated, CT",9000,,,,CT,1,,,,,,,,0,-2,,0,,-3,,0,1,,0,,1183,,1,,0,,,,,,0,15,,,,0,-0.4,,,0,25,,,,,,,,,,,,,,,,,,,,,,,,,,,,,,38719,,32217,,92,,676,,52,,,,,810,,303,,37874,,31901,,6305,,5668,,,,,,,,,,,,
"Unallocated, AK",2000,,,,AK,10,,,,,,,,0,-3,,0,,0,,0,-3,,0,,292,,0,,0,,,,,,0.007,2077,,,,-0.013,-0.14,,,0.02,2402,,,,,,,,,,,,,,,,,,,,,,,,,,,,,,9185,,8174,,24,,128,,18,,,,,480,,121,,8675,,8052,,1783,,1428,,,,,,,,,,,,
"Unallocated, MN",27000,,,,MN,5,,,,,,,,0,-3,,0,,-0.4,,0,-5,,0,,493,,93,,0,,,,,,0.004,2441,,,,-0.004,-0.34,,,0.008,3681,,,,,,,,,,,,,,,,,,,,,,,,,,,,,,153062,,127157,,513,,1115,,112,,,,,8670,,3213,,143871,,123924,,32601,,30920,,,,,,,,,,,,
"Unallocated, IA",19000,,,,IA,7,,,,,,,,0,-7,,0,,,-1,0,0,,-1,,957,,0,,0,,,,,,0.008,129,,,,-0.039,-0.36,,,0.047,200,,,,,,,,,,,,,,,,,,,,,,,,,,,,,,39035,,36457,,165,,480,,112,,,,,824,,367,,38196,,36086,,8630,,9546,,,,,,,,,,,,
"Unallocated, NC",37000,,,,NC,4,,,,,,,,0,-12,,0,,-2,,0,12,,0,,0,,0,,0,,,,,,0.038,58,,,,-0.019,0.04,,,0.058,56,,,,,,,,,,,,,,,,,,,,,,,,,,,,,,166604,,149701,,342,,2307,,358,,,,,3530,,1457,,162919,,148212,,38024,,41679,,,,,,,,,,,,
"Unallocated, LA",22000,,,,LA,6,,,,,,,,0,-18,,0,,-19,,0,1,,0,,396,,0,,0,,,,,,0.02,1303,,,,0.011,-0.14,,,0.009,1507,,,,,,,,,,,,,,,,,,,,,,,,,,,,,,66492,,64822,,26,,435,,95,,,,,475,,227,,66008,,64594,,24567,,27937,,,,,,,,,,,,
"Unallocated, FL",12000,,,,FL,4,,,,,,,,0,-18,,0,,-0.31,,0,-26,,0,,3016,,0,,0,,,,,,0.024,17202,,,,-0.005,-0.26,,,0.029,23389,,,,,,,,,,,,,,,,,,,,,,,,,,,,,,107747,,117967,,202,,3907,,672,,,,,1133,,378,,106576,,117583,,31816,,34455,,,,,,,,,,,,
"Unallocated, GA",13000,,,,GA,4,,,,,,,,0,-32,,5,,-1.3,0,0.001,106,,5,,32808,,669,,0,,,,,,0,17,,,,-0.077,-0.5,,,0.077,34,,,,,,,,,,,,,,,,,,,,,,,,,,,,,,2241713,,1748385,,9261,,42407,,2603,,,,,58504,,24231,,2182367,,1724036,,597511,,505466,,,,,,,,,,,,
"Unallocated, RI",44000,,,,RI,1,,,,,,,,-0.001,-77,,3,,-1.25,0,0.003,303,,3,,12151,,14,,0,,,,,,0,7,,,,0,-0.82,,,0,39,,,,,,,,,,,,,,,,,,,,,,,,,,,,,,46581,,27254,,91,,599,,46,,,,,622,,272,,45937,,26980,,15419,,3932,,,,,,,,,,,,
"Unallocated, NH",33000,,,,NH,1,,,,,,,,-0.001,-105,,0,,0.81,,0,-58,,0,,405,,1,,0,,,,,,0.015,753,,,,-0.009,-0.11,,,0.023,845,,,,,,,,,,,,,,,,,,,,,,,,,,,,,,42219,,37001,,77,,546,,63,,,,,952,,465,,41240,,36529,,7850,,7011,,,,,,,,,,,,
"Unallocated, DC",11000,,,,DC,3,,,,,,,,,,,,,,,,,,,,,,,,0,,,,,,0.007,923,,,,0,-0.3,,,0.007,1312,,,,,,,,,,,,,,,,,,,,,,,,,,,,,,17308,,18699,,6,,181,,25,,,,,220,,52,,17081,,18647,,1627,,1903,,,,,,,,,,,,
